Metrics,LoadPoint,BitRate,src,dest, ,rep0,rep1,rep2,rep3,rep4
BitRate blocking probability,0,all,all,all, ,0.0,0.0,0.0,0.0,0.0
BitRate blocking probability,1,all,all,all, ,0.0,0.0,0.0,0.0,0.0
BitRate blocking probability,2,all,all,all, ,2.1483392506190518E-5,2.871705082629456E-5,1.5753293622828708E-5,0.0,1.3080008124191446E-4
BitRate blocking probability,3,all,all,all, ,8.746218535522395E-4,5.979988541070331E-4,5.979932175558978E-4,8.366495037966031E-4,6.862439693911099E-4
BitRate blocking probability,4,all,all,all, ,0.005893048224972059,0.007341871693552096,0.006488076519816937,0.0069068505284414225,0.007022214293778149


General requested bitRate,0,all,all,all, ,2.4082257881367684E16,2.4167766446699132E16,2.4110699022738384E16,2.4215751399846844E16,2.4106960259164316E16
General requested bitRate,1,all,all,all, ,2.4219380102578076E16,2.4184267448111788E16,2.428847921316114E16,2.4242261673019008E16,2.4312464074728444E16
General requested bitRate,2,all,all,all, ,2.4189132533286584E16,2.4106238361690472E16,2.4109009659923656E16,2.4070056463604548E16,2.4230260378700144E16
General requested bitRate,3,all,all,all, ,2.4135529597925648E16,2.4168881868802876E16,2.4209088484242532E16,2.414861303459936E16,2.4236988813243824E16
General requested bitRate,4,all,all,all, ,2.417689060820286E16,2.4205088248141288E16,2.4061691863827012E16,2.4206773482445304E16,2.4260089997000244E16


BitRate blocking probability by lack of transmitters,0,all,all,all, ,0.0,0.0,0.0,0.0,0.0
BitRate blocking probability by lack of transmitters,1,all,all,all, ,0.0,0.0,0.0,0.0,0.0
BitRate blocking probability by lack of transmitters,2,all,all,all, ,0.0,0.0,0.0,0.0,0.0
BitRate blocking probability by lack of transmitters,3,all,all,all, ,0.0,0.0,0.0,0.0,0.0
BitRate blocking probability by lack of transmitters,4,all,all,all, ,0.0,0.0,0.0,0.0,0.0


BitRate blocking probability by lack of receivers,0,all,all,all, ,0.0,0.0,0.0,0.0,0.0
BitRate blocking probability by lack of receivers,1,all,all,all, ,0.0,0.0,0.0,0.0,0.0
BitRate blocking probability by lack of receivers,2,all,all,all, ,0.0,0.0,0.0,0.0,0.0
BitRate blocking probability by lack of receivers,3,all,all,all, ,0.0,0.0,0.0,0.0,0.0
BitRate blocking probability by lack of receivers,4,all,all,all, ,0.0,0.0,0.0,0.0,0.0


BitRate blocking probability by fragmentation,0,all,all,all, ,0.0,0.0,0.0,0.0,0.0
BitRate blocking probability by fragmentation,1,all,all,all, ,0.0,0.0,0.0,0.0,0.0
BitRate blocking probability by fragmentation,2,all,all,all, ,0.0,0.0,0.0,0.0,0.0
BitRate blocking probability by fragmentation,3,all,all,all, ,0.0,0.0,0.0,0.0,0.0
BitRate blocking probability by fragmentation,4,all,all,all, ,0.0,0.0,0.0,0.0,0.0


BitRate blocking probability by QoTN,0,all,all,all, ,0.0,0.0,0.0,0.0,0.0
BitRate blocking probability by QoTN,1,all,all,all, ,0.0,0.0,0.0,0.0,0.0
BitRate blocking probability by QoTN,2,all,all,all, ,0.0,0.0,0.0,0.0,0.0
BitRate blocking probability by QoTN,3,all,all,all, ,0.0,0.0,0.0,0.0,0.0
BitRate blocking probability by QoTN,4,all,all,all, ,0.0,0.0,0.0,0.0,0.0


BitRate blocking probability by QoTO,0,all,all,all, ,0.0,0.0,0.0,0.0,0.0
BitRate blocking probability by QoTO,1,all,all,all, ,0.0,0.0,0.0,0.0,0.0
BitRate blocking probability by QoTO,2,all,all,all, ,2.1483392506190518E-5,2.871705082629456E-5,1.5753293622828708E-5,0.0,1.3080008124191446E-4
BitRate blocking probability by QoTO,3,all,all,all, ,4.7015421051559955E-4,2.50347068229713E-4,2.4104173113231937E-4,2.236399005451734E-4,2.9403424929740665E-4
BitRate blocking probability by QoTO,4,all,all,all, ,0.0012120980945777133,0.001260194680673325,0.001355402103802172,0.0012265961314615254,0.001465251027224928


BitRate blocking probability by other,0,all,all,all, ,0.0,0.0,0.0,0.0,0.0
BitRate blocking probability by other,1,all,all,all, ,0.0,0.0,0.0,0.0,0.0
BitRate blocking probability by other,2,all,all,all, ,0.0,0.0,0.0,0.0,0.0
BitRate blocking probability by other,3,all,all,all, ,0.0,0.0,0.0,0.0,0.0
BitRate blocking probability by other,4,all,all,all, ,0.0,0.0,0.0,0.0,0.0


BitRate blocking probability by Crosstalk,0,all,all,all, ,0.0,0.0,0.0,0.0,0.0
BitRate blocking probability by Crosstalk,1,all,all,all, ,0.0,0.0,0.0,0.0,0.0
BitRate blocking probability by Crosstalk,2,all,all,all, ,0.0,0.0,0.0,0.0,0.0
BitRate blocking probability by Crosstalk,3,all,all,all, ,1.9112961759334336E-4,2.9434230210968926E-5,8.801565638529658E-5,1.2246742760925702E-4,5.501628420736616E-5
BitRate blocking probability by Crosstalk,4,all,all,all, ,0.002295096307822821,0.0026567125531732822,0.0030455662682684756,0.0034610567571446023,0.0034344284336926445


BitRate blocking probability by Crosstalk in Others,0,all,all,all, ,0.0,0.0,0.0,0.0,0.0
BitRate blocking probability by Crosstalk in Others,1,all,all,all, ,0.0,0.0,0.0,0.0,0.0
BitRate blocking probability by Crosstalk in Others,2,all,all,all, ,0.0,0.0,0.0,0.0,0.0
BitRate blocking probability by Crosstalk in Others,3,all,all,all, ,2.1333802544329643E-4,3.182175556663511E-4,2.689358300382818E-4,4.905421756421729E-4,3.37193435886337E-4
BitRate blocking probability by Crosstalk in Others,4,all,all,all, ,0.002385853822571524,0.003424964459705491,0.002087108147746288,0.0022191976398352985,0.0021225348328605745


BitRate blocking probability per core 0,0,all,all,all, ,0.0,0.0,0.0,0.0,0.0
BitRate blocking probability per core 0,1,all,all,all, ,0.0,0.0,0.0,0.0,0.0
BitRate blocking probability per core 0,2,all,all,all, ,0.0,0.0,0.0,0.0,0.0
BitRate blocking probability per core 0,3,all,all,all, ,0.01617323278054103,0.0076296445990105604,0.007476926279396367,0.009341128076334368,0.004733118019743191
BitRate blocking probability per core 0,4,all,all,all, ,0.1792551699137009,0.20370273508202852,0.21364219887134753,0.24670943032513007,0.23616366217673798
BitRate blocking probability per core 1,0,all,all,all, ,0.0,0.0,0.0,0.0,0.0
BitRate blocking probability per core 1,1,all,all,all, ,0.0,0.0,0.0,0.0,0.0
BitRate blocking probability per core 1,2,all,all,all, ,7.093185749243386E-4,9.248696634705006E-4,5.127762431405721E-4,0.0,0.0036225519642688934
BitRate blocking probability per core 1,3,all,all,all, ,0.01131062103811146,0.009496301578973368,0.009265749226812154,0.010541736026465265,0.012454139317728322
BitRate blocking probability per core 1,4,all,all,all, ,0.02352637949338846,0.04348742552008032,0.023846028832035942,0.025965809167114908,0.01944115919809336
BitRate blocking probability per core 2,0,all,all,all, ,0.0,0.0,0.0,0.0,0.0
BitRate blocking probability per core 2,1,all,all,all, ,0.0,0.0,0.0,0.0,0.0
BitRate blocking probability per core 2,2,all,all,all, ,0.0,0.0,0.0,0.0,0.0
BitRate blocking probability per core 2,3,all,all,all, ,2.3330885829453093E-4,7.660180959772318E-4,9.776414614147172E-4,0.0018059573265147412,6.406816203768339E-4
BitRate blocking probability per core 2,4,all,all,all, ,0.015260811916047785,0.006267181087741451,0.011832850247242545,0.013357677347255636,0.01196733492553019
BitRate blocking probability per core 3,0,all,all,all, ,0.0,0.0,0.0,0.0,0.0
BitRate blocking probability per core 3,1,all,all,all, ,0.0,0.0,0.0,0.0,0.0
BitRate blocking probability per core 3,2,all,all,all, ,0.0,0.0,0.0,0.0,0.0
BitRate blocking probability per core 3,3,all,all,all, ,9.227662637383844E-4,0.0,0.0,3.8119044260361885E-4,5.434840154302345E-5
BitRate blocking probability per core 3,4,all,all,all, ,0.0035663394949728804,0.010680579005216791,0.003777058660916997,0.0026985115602576448,0.005429395400183863
BitRate blocking probability per core 4,0,all,all,all, ,0.0,0.0,0.0,0.0,0.0
BitRate blocking probability per core 4,1,all,all,all, ,0.0,0.0,0.0,0.0,0.0
BitRate blocking probability per core 4,2,all,all,all, ,0.0,0.0,0.0,0.0,0.0
BitRate blocking probability per core 4,3,all,all,all, ,2.137041369694589E-4,2.7354543995258154E-5,4.222635767777262E-5,4.985955629742186E-4,0.0
BitRate blocking probability per core 4,4,all,all,all, ,0.0031227241170466956,0.002521512048001129,0.002264019913279478,0.0029731038459582695,0.004547633617964499
BitRate blocking probability per core 5,0,all,all,all, ,0.0,0.0,0.0,0.0,0.0
BitRate blocking probability per core 5,1,all,all,all, ,0.0,0.0,0.0,0.0,0.0
BitRate blocking probability per core 5,2,all,all,all, ,0.0,0.0,0.0,0.0,0.0
BitRate blocking probability per core 5,3,all,all,all, ,2.894013603682152E-4,0.0,8.945056450164319E-5,0.0,2.936539680698449E-4
BitRate blocking probability per core 5,4,all,all,all, ,6.434037962796813E-4,0.0018967633143047397,0.0014320951121800135,5.974463884252709E-4,8.418863525839991E-4
BitRate blocking probability per core 6,0,all,all,all, ,0.0,0.0,0.0,0.0,0.0
BitRate blocking probability per core 6,1,all,all,all, ,0.0,0.0,0.0,0.0,0.0
BitRate blocking probability per core 6,2,all,all,all, ,0.0,0.0,0.0,0.0,0.0
BitRate blocking probability per core 6,3,all,all,all, ,7.726239108296968E-6,3.195114159788039E-5,0.0,2.661317917232445E-5,0.0
BitRate blocking probability per core 6,4,all,all,all, ,5.842351619767288E-4,4.755058051458301E-4,5.339878333713903E-4,5.809587682639456E-4,6.964057640160966E-4


BitRate blocking probability per pair,0,all,11,2, ,0.0,0.0,0.0,0.0,0.0
BitRate blocking probability per pair,0,all,1,23, ,0.0,0.0,0.0,0.0,0.0
BitRate blocking probability per pair,0,all,2,9, ,0.0,0.0,0.0,0.0,0.0
BitRate blocking probability per pair,0,all,1,20, ,0.0,0.0,0.0,0.0,0.0
BitRate blocking probability per pair,0,all,17,24, ,0.0,0.0,0.0,0.0,0.0
BitRate blocking probability per pair,0,all,21,15, ,0.0,0.0,0.0,0.0,0.0
BitRate blocking probability per pair,0,all,19,11, ,0.0,0.0,0.0,0.0,0.0
BitRate blocking probability per pair,0,all,3,1, ,0.0,0.0,0.0,0.0,0.0
BitRate blocking probability per pair,0,all,24,2, ,0.0,0.0,0.0,0.0,0.0
BitRate blocking probability per pair,0,all,23,22, ,0.0,0.0,0.0,0.0,0.0
BitRate blocking probability per pair,0,all,17,22, ,0.0,0.0,0.0,0.0,0.0
BitRate blocking probability per pair,0,all,15,20, ,0.0,0.0,0.0,0.0,0.0
BitRate blocking probability per pair,0,all,2,7, ,0.0,0.0,0.0,0.0,0.0
BitRate blocking probability per pair,0,all,10,1, ,0.0,0.0,0.0,0.0,0.0
BitRate blocking probability per pair,0,all,14,16, ,0.0,0.0,0.0,0.0,0.0
BitRate blocking probability per pair,0,all,13,18, ,0.0,0.0,0.0,0.0,0.0
BitRate blocking probability per pair,0,all,11,7, ,0.0,0.0,0.0,0.0,0.0
BitRate blocking probability per pair,0,all,15,10, ,0.0,0.0,0.0,0.0,0.0
BitRate blocking probability per pair,0,all,17,4, ,0.0,0.0,0.0,0.0,0.0
BitRate blocking probability per pair,0,all,15,19, ,0.0,0.0,0.0,0.0,0.0
BitRate blocking probability per pair,0,all,9,22, ,0.0,0.0,0.0,0.0,0.0
BitRate blocking probability per pair,0,all,9,19, ,0.0,0.0,0.0,0.0,0.0
BitRate blocking probability per pair,0,all,24,7, ,0.0,0.0,0.0,0.0,0.0
BitRate blocking probability per pair,0,all,1,18, ,0.0,0.0,0.0,0.0,0.0
BitRate blocking probability per pair,0,all,19,4, ,0.0,0.0,0.0,0.0,0.0
BitRate blocking probability per pair,0,all,5,1, ,0.0,0.0,0.0,0.0,0.0
BitRate blocking probability per pair,0,all,5,20, ,0.0,0.0,0.0,0.0,0.0
BitRate blocking probability per pair,0,all,21,24, ,0.0,0.0,0.0,0.0,0.0
BitRate blocking probability per pair,0,all,9,1, ,0.0,0.0,0.0,0.0,0.0
BitRate blocking probability per pair,0,all,9,21, ,0.0,0.0,0.0,0.0,0.0
BitRate blocking probability per pair,0,all,14,15, ,0.0,0.0,0.0,0.0,0.0
BitRate blocking probability per pair,0,all,8,4, ,0.0,0.0,0.0,0.0,0.0
BitRate blocking probability per pair,0,all,8,21, ,0.0,0.0,0.0,0.0,0.0
BitRate blocking probability per pair,0,all,6,3, ,0.0,0.0,0.0,0.0,0.0
BitRate blocking probability per pair,0,all,9,2, ,0.0,0.0,0.0,0.0,0.0
BitRate blocking probability per pair,0,all,16,2, ,0.0,0.0,0.0,0.0,0.0
BitRate blocking probability per pair,0,all,9,4, ,0.0,0.0,0.0,0.0,0.0
BitRate blocking probability per pair,0,all,23,21, ,0.0,0.0,0.0,0.0,0.0
BitRate blocking probability per pair,0,all,19,24, ,0.0,0.0,0.0,0.0,0.0
BitRate blocking probability per pair,0,all,22,15, ,0.0,0.0,0.0,0.0,0.0
BitRate blocking probability per pair,0,all,23,17, ,0.0,0.0,0.0,0.0,0.0
BitRate blocking probability per pair,0,all,8,11, ,0.0,0.0,0.0,0.0,0.0
BitRate blocking probability per pair,0,all,24,17, ,0.0,0.0,0.0,0.0,0.0
BitRate blocking probability per pair,0,all,22,18, ,0.0,0.0,0.0,0.0,0.0
BitRate blocking probability per pair,0,all,5,11, ,0.0,0.0,0.0,0.0,0.0
BitRate blocking probability per pair,0,all,4,8, ,0.0,0.0,0.0,0.0,0.0
BitRate blocking probability per pair,0,all,23,9, ,0.0,0.0,0.0,0.0,0.0
BitRate blocking probability per pair,0,all,6,12, ,0.0,0.0,0.0,0.0,0.0
BitRate blocking probability per pair,0,all,4,5, ,0.0,0.0,0.0,0.0,0.0
BitRate blocking probability per pair,0,all,16,9, ,0.0,0.0,0.0,0.0,0.0
BitRate blocking probability per pair,0,all,16,11, ,0.0,0.0,0.0,0.0,0.0
BitRate blocking probability per pair,0,all,24,20, ,0.0,0.0,0.0,0.0,0.0
BitRate blocking probability per pair,0,all,12,14, ,0.0,0.0,0.0,0.0,0.0
BitRate blocking probability per pair,0,all,20,5, ,0.0,0.0,0.0,0.0,0.0
BitRate blocking probability per pair,0,all,11,12, ,0.0,0.0,0.0,0.0,0.0
BitRate blocking probability per pair,0,all,7,14, ,0.0,0.0,0.0,0.0,0.0
BitRate blocking probability per pair,0,all,10,23, ,0.0,0.0,0.0,0.0,0.0
BitRate blocking probability per pair,0,all,22,20, ,0.0,0.0,0.0,0.0,0.0
BitRate blocking probability per pair,0,all,17,11, ,0.0,0.0,0.0,0.0,0.0
BitRate blocking probability per pair,0,all,3,10, ,0.0,0.0,0.0,0.0,0.0
BitRate blocking probability per pair,0,all,17,14, ,0.0,0.0,0.0,0.0,0.0
BitRate blocking probability per pair,0,all,10,7, ,0.0,0.0,0.0,0.0,0.0
BitRate blocking probability per pair,0,all,3,2, ,0.0,0.0,0.0,0.0,0.0
BitRate blocking probability per pair,0,all,3,5, ,0.0,0.0,0.0,0.0,0.0
BitRate blocking probability per pair,0,all,22,1, ,0.0,0.0,0.0,0.0,0.0
BitRate blocking probability per pair,0,all,1,14, ,0.0,0.0,0.0,0.0,0.0
BitRate blocking probability per pair,0,all,24,8, ,0.0,0.0,0.0,0.0,0.0
BitRate blocking probability per pair,0,all,11,21, ,0.0,0.0,0.0,0.0,0.0
BitRate blocking probability per pair,0,all,20,14, ,0.0,0.0,0.0,0.0,0.0
BitRate blocking probability per pair,0,all,8,6, ,0.0,0.0,0.0,0.0,0.0
BitRate blocking probability per pair,0,all,21,11, ,0.0,0.0,0.0,0.0,0.0
BitRate blocking probability per pair,0,all,11,8, ,0.0,0.0,0.0,0.0,0.0
BitRate blocking probability per pair,0,all,21,19, ,0.0,0.0,0.0,0.0,0.0
BitRate blocking probability per pair,0,all,17,1, ,0.0,0.0,0.0,0.0,0.0
BitRate blocking probability per pair,0,all,11,22, ,0.0,0.0,0.0,0.0,0.0
BitRate blocking probability per pair,0,all,24,21, ,0.0,0.0,0.0,0.0,0.0
BitRate blocking probability per pair,0,all,19,22, ,0.0,0.0,0.0,0.0,0.0
BitRate blocking probability per pair,0,all,7,12, ,0.0,0.0,0.0,0.0,0.0
BitRate blocking probability per pair,0,all,7,22, ,0.0,0.0,0.0,0.0,0.0
BitRate blocking probability per pair,0,all,23,5, ,0.0,0.0,0.0,0.0,0.0
BitRate blocking probability per pair,0,all,21,17, ,0.0,0.0,0.0,0.0,0.0
BitRate blocking probability per pair,0,all,1,11, ,0.0,0.0,0.0,0.0,0.0
BitRate blocking probability per pair,0,all,18,12, ,0.0,0.0,0.0,0.0,0.0
BitRate blocking probability per pair,0,all,23,10, ,0.0,0.0,0.0,0.0,0.0
BitRate blocking probability per pair,0,all,18,7, ,0.0,0.0,0.0,0.0,0.0
BitRate blocking probability per pair,0,all,24,22, ,0.0,0.0,0.0,0.0,0.0
BitRate blocking probability per pair,0,all,21,2, ,0.0,0.0,0.0,0.0,0.0
BitRate blocking probability per pair,0,all,16,4, ,0.0,0.0,0.0,0.0,0.0
BitRate blocking probability per pair,0,all,10,9, ,0.0,0.0,0.0,0.0,0.0
BitRate blocking probability per pair,0,all,22,5, ,0.0,0.0,0.0,0.0,0.0
BitRate blocking probability per pair,0,all,9,17, ,0.0,0.0,0.0,0.0,0.0
BitRate blocking probability per pair,0,all,8,20, ,0.0,0.0,0.0,0.0,0.0
BitRate blocking probability per pair,0,all,1,24, ,0.0,0.0,0.0,0.0,0.0
BitRate blocking probability per pair,0,all,2,14, ,0.0,0.0,0.0,0.0,0.0
BitRate blocking probability per pair,0,all,5,18, ,0.0,0.0,0.0,0.0,0.0
BitRate blocking probability per pair,0,all,8,9, ,0.0,0.0,0.0,0.0,0.0
BitRate blocking probability per pair,0,all,9,13, ,0.0,0.0,0.0,0.0,0.0
BitRate blocking probability per pair,0,all,24,13, ,0.0,0.0,0.0,0.0,0.0
BitRate blocking probability per pair,0,all,2,17, ,0.0,0.0,0.0,0.0,0.0
BitRate blocking probability per pair,0,all,20,1, ,0.0,0.0,0.0,0.0,0.0
BitRate blocking probability per pair,0,all,19,2, ,0.0,0.0,0.0,0.0,0.0
BitRate blocking probability per pair,0,all,4,3, ,0.0,0.0,0.0,0.0,0.0
BitRate blocking probability per pair,0,all,22,4, ,0.0,0.0,0.0,0.0,0.0
BitRate blocking probability per pair,0,all,5,4, ,0.0,0.0,0.0,0.0,0.0
BitRate blocking probability per pair,0,all,16,19, ,0.0,0.0,0.0,0.0,0.0
BitRate blocking probability per pair,0,all,12,6, ,0.0,0.0,0.0,0.0,0.0
BitRate blocking probability per pair,0,all,17,8, ,0.0,0.0,0.0,0.0,0.0
BitRate blocking probability per pair,0,all,12,9, ,0.0,0.0,0.0,0.0,0.0
BitRate blocking probability per pair,0,all,11,20, ,0.0,0.0,0.0,0.0,0.0
BitRate blocking probability per pair,0,all,15,12, ,0.0,0.0,0.0,0.0,0.0
BitRate blocking probability per pair,0,all,9,16, ,0.0,0.0,0.0,0.0,0.0
BitRate blocking probability per pair,0,all,7,15, ,0.0,0.0,0.0,0.0,0.0
BitRate blocking probability per pair,0,all,6,13, ,0.0,0.0,0.0,0.0,0.0
BitRate blocking probability per pair,0,all,19,18, ,0.0,0.0,0.0,0.0,0.0
BitRate blocking probability per pair,0,all,3,9, ,0.0,0.0,0.0,0.0,0.0
BitRate blocking probability per pair,0,all,21,18, ,0.0,0.0,0.0,0.0,0.0
BitRate blocking probability per pair,0,all,1,17, ,0.0,0.0,0.0,0.0,0.0
BitRate blocking probability per pair,0,all,8,24, ,0.0,0.0,0.0,0.0,0.0
BitRate blocking probability per pair,0,all,7,16, ,0.0,0.0,0.0,0.0,0.0
BitRate blocking probability per pair,0,all,15,21, ,0.0,0.0,0.0,0.0,0.0
BitRate blocking probability per pair,0,all,18,22, ,0.0,0.0,0.0,0.0,0.0
BitRate blocking probability per pair,0,all,14,2, ,0.0,0.0,0.0,0.0,0.0
BitRate blocking probability per pair,0,all,2,12, ,0.0,0.0,0.0,0.0,0.0
BitRate blocking probability per pair,0,all,12,8, ,0.0,0.0,0.0,0.0,0.0
BitRate blocking probability per pair,0,all,1,13, ,0.0,0.0,0.0,0.0,0.0
BitRate blocking probability per pair,0,all,8,18, ,0.0,0.0,0.0,0.0,0.0
BitRate blocking probability per pair,0,all,15,6, ,0.0,0.0,0.0,0.0,0.0
BitRate blocking probability per pair,0,all,6,20, ,0.0,0.0,0.0,0.0,0.0
BitRate blocking probability per pair,0,all,7,21, ,0.0,0.0,0.0,0.0,0.0
BitRate blocking probability per pair,0,all,9,3, ,0.0,0.0,0.0,0.0,0.0
BitRate blocking probability per pair,0,all,12,13, ,0.0,0.0,0.0,0.0,0.0
BitRate blocking probability per pair,0,all,8,22, ,0.0,0.0,0.0,0.0,0.0
BitRate blocking probability per pair,0,all,2,3, ,0.0,0.0,0.0,0.0,0.0
BitRate blocking probability per pair,0,all,14,18, ,0.0,0.0,0.0,0.0,0.0
BitRate blocking probability per pair,0,all,23,20, ,0.0,0.0,0.0,0.0,0.0
BitRate blocking probability per pair,0,all,4,20, ,0.0,0.0,0.0,0.0,0.0
BitRate blocking probability per pair,0,all,4,24, ,0.0,0.0,0.0,0.0,0.0
BitRate blocking probability per pair,0,all,16,15, ,0.0,0.0,0.0,0.0,0.0
BitRate blocking probability per pair,0,all,24,16, ,0.0,0.0,0.0,0.0,0.0
BitRate blocking probability per pair,0,all,19,12, ,0.0,0.0,0.0,0.0,0.0
BitRate blocking probability per pair,0,all,6,15, ,0.0,0.0,0.0,0.0,0.0
BitRate blocking probability per pair,0,all,8,7, ,0.0,0.0,0.0,0.0,0.0
BitRate blocking probability per pair,0,all,2,20, ,0.0,0.0,0.0,0.0,0.0
BitRate blocking probability per pair,0,all,11,9, ,0.0,0.0,0.0,0.0,0.0
BitRate blocking probability per pair,0,all,4,12, ,0.0,0.0,0.0,0.0,0.0
BitRate blocking probability per pair,0,all,13,23, ,0.0,0.0,0.0,0.0,0.0
BitRate blocking probability per pair,0,all,11,16, ,0.0,0.0,0.0,0.0,0.0
BitRate blocking probability per pair,0,all,3,11, ,0.0,0.0,0.0,0.0,0.0
BitRate blocking probability per pair,0,all,2,5, ,0.0,0.0,0.0,0.0,0.0
BitRate blocking probability per pair,0,all,3,24, ,0.0,0.0,0.0,0.0,0.0
BitRate blocking probability per pair,0,all,18,1, ,0.0,0.0,0.0,0.0,0.0
BitRate blocking probability per pair,0,all,10,2, ,0.0,0.0,0.0,0.0,0.0
BitRate blocking probability per pair,0,all,15,16, ,0.0,0.0,0.0,0.0,0.0
BitRate blocking probability per pair,0,all,20,17, ,0.0,0.0,0.0,0.0,0.0
BitRate blocking probability per pair,0,all,5,13, ,0.0,0.0,0.0,0.0,0.0
BitRate blocking probability per pair,0,all,24,15, ,0.0,0.0,0.0,0.0,0.0
BitRate blocking probability per pair,0,all,12,17, ,0.0,0.0,0.0,0.0,0.0
BitRate blocking probability per pair,0,all,20,2, ,0.0,0.0,0.0,0.0,0.0
BitRate blocking probability per pair,0,all,5,19, ,0.0,0.0,0.0,0.0,0.0
BitRate blocking probability per pair,0,all,6,8, ,0.0,0.0,0.0,0.0,0.0
BitRate blocking probability per pair,0,all,4,10, ,0.0,0.0,0.0,0.0,0.0
BitRate blocking probability per pair,0,all,1,4, ,0.0,0.0,0.0,0.0,0.0
BitRate blocking probability per pair,0,all,12,23, ,0.0,0.0,0.0,0.0,0.0
BitRate blocking probability per pair,0,all,23,4, ,0.0,0.0,0.0,0.0,0.0
BitRate blocking probability per pair,0,all,12,20, ,0.0,0.0,0.0,0.0,0.0
BitRate blocking probability per pair,0,all,11,19, ,0.0,0.0,0.0,0.0,0.0
BitRate blocking probability per pair,0,all,2,11, ,0.0,0.0,0.0,0.0,0.0
BitRate blocking probability per pair,0,all,8,23, ,0.0,0.0,0.0,0.0,0.0
BitRate blocking probability per pair,0,all,10,14, ,0.0,0.0,0.0,0.0,0.0
BitRate blocking probability per pair,0,all,21,22, ,0.0,0.0,0.0,0.0,0.0
BitRate blocking probability per pair,0,all,9,11, ,0.0,0.0,0.0,0.0,0.0
BitRate blocking probability per pair,0,all,23,7, ,0.0,0.0,0.0,0.0,0.0
BitRate blocking probability per pair,0,all,24,18, ,0.0,0.0,0.0,0.0,0.0
BitRate blocking probability per pair,0,all,14,24, ,0.0,0.0,0.0,0.0,0.0
BitRate blocking probability per pair,0,all,6,4, ,0.0,0.0,0.0,0.0,0.0
BitRate blocking probability per pair,0,all,21,9, ,0.0,0.0,0.0,0.0,0.0
BitRate blocking probability per pair,0,all,15,1, ,0.0,0.0,0.0,0.0,0.0
BitRate blocking probability per pair,0,all,13,8, ,0.0,0.0,0.0,0.0,0.0
BitRate blocking probability per pair,0,all,13,12, ,0.0,0.0,0.0,0.0,0.0
BitRate blocking probability per pair,0,all,12,11, ,0.0,0.0,0.0,0.0,0.0
BitRate blocking probability per pair,0,all,23,16, ,0.0,0.0,0.0,0.0,0.0
BitRate blocking probability per pair,0,all,16,10, ,0.0,0.0,0.0,0.0,0.0
BitRate blocking probability per pair,0,all,14,4, ,0.0,0.0,0.0,0.0,0.0
BitRate blocking probability per pair,0,all,10,21, ,0.0,0.0,0.0,0.0,0.0
BitRate blocking probability per pair,0,all,1,16, ,0.0,0.0,0.0,0.0,0.0
BitRate blocking probability per pair,0,all,5,14, ,0.0,0.0,0.0,0.0,0.0
BitRate blocking probability per pair,0,all,14,3, ,0.0,0.0,0.0,0.0,0.0
BitRate blocking probability per pair,0,all,9,5, ,0.0,0.0,0.0,0.0,0.0
BitRate blocking probability per pair,0,all,11,23, ,0.0,0.0,0.0,0.0,0.0
BitRate blocking probability per pair,0,all,23,12, ,0.0,0.0,0.0,0.0,0.0
BitRate blocking probability per pair,0,all,18,4, ,0.0,0.0,0.0,0.0,0.0
BitRate blocking probability per pair,0,all,19,10, ,0.0,0.0,0.0,0.0,0.0
BitRate blocking probability per pair,0,all,14,19, ,0.0,0.0,0.0,0.0,0.0
BitRate blocking probability per pair,0,all,3,18, ,0.0,0.0,0.0,0.0,0.0
BitRate blocking probability per pair,0,all,1,21, ,0.0,0.0,0.0,0.0,0.0
BitRate blocking probability per pair,0,all,10,16, ,0.0,0.0,0.0,0.0,0.0
BitRate blocking probability per pair,0,all,24,9, ,0.0,0.0,0.0,0.0,0.0
BitRate blocking probability per pair,0,all,3,21, ,0.0,0.0,0.0,0.0,0.0
BitRate blocking probability per pair,0,all,12,24, ,0.0,0.0,0.0,0.0,0.0
BitRate blocking probability per pair,0,all,15,9, ,0.0,0.0,0.0,0.0,0.0
BitRate blocking probability per pair,0,all,18,14, ,0.0,0.0,0.0,0.0,0.0
BitRate blocking probability per pair,0,all,16,3, ,0.0,0.0,0.0,0.0,0.0
BitRate blocking probability per pair,0,all,15,5, ,0.0,0.0,0.0,0.0,0.0
BitRate blocking probability per pair,0,all,16,21, ,0.0,0.0,0.0,0.0,0.0
BitRate blocking probability per pair,0,all,8,17, ,0.0,0.0,0.0,0.0,0.0
BitRate blocking probability per pair,0,all,5,16, ,0.0,0.0,0.0,0.0,0.0
BitRate blocking probability per pair,0,all,21,4, ,0.0,0.0,0.0,0.0,0.0
BitRate blocking probability per pair,0,all,17,19, ,0.0,0.0,0.0,0.0,0.0
BitRate blocking probability per pair,0,all,16,12, ,0.0,0.0,0.0,0.0,0.0
BitRate blocking probability per pair,0,all,7,19, ,0.0,0.0,0.0,0.0,0.0
BitRate blocking probability per pair,0,all,8,19, ,0.0,0.0,0.0,0.0,0.0
BitRate blocking probability per pair,0,all,9,20, ,0.0,0.0,0.0,0.0,0.0
BitRate blocking probability per pair,0,all,13,10, ,0.0,0.0,0.0,0.0,0.0
BitRate blocking probability per pair,0,all,17,16, ,0.0,0.0,0.0,0.0,0.0
BitRate blocking probability per pair,0,all,5,7, ,0.0,0.0,0.0,0.0,0.0
BitRate blocking probability per pair,0,all,5,10, ,0.0,0.0,0.0,0.0,0.0
BitRate blocking probability per pair,0,all,22,14, ,0.0,0.0,0.0,0.0,0.0
BitRate blocking probability per pair,0,all,2,24, ,0.0,0.0,0.0,0.0,0.0
BitRate blocking probability per pair,0,all,11,15, ,0.0,0.0,0.0,0.0,0.0
BitRate blocking probability per pair,0,all,19,13, ,0.0,0.0,0.0,0.0,0.0
BitRate blocking probability per pair,0,all,9,14, ,0.0,0.0,0.0,0.0,0.0
BitRate blocking probability per pair,0,all,13,20, ,0.0,0.0,0.0,0.0,0.0
BitRate blocking probability per pair,0,all,20,15, ,0.0,0.0,0.0,0.0,0.0
BitRate blocking probability per pair,0,all,1,9, ,0.0,0.0,0.0,0.0,0.0
BitRate blocking probability per pair,0,all,4,16, ,0.0,0.0,0.0,0.0,0.0
BitRate blocking probability per pair,0,all,21,20, ,0.0,0.0,0.0,0.0,0.0
BitRate blocking probability per pair,0,all,6,18, ,0.0,0.0,0.0,0.0,0.0
BitRate blocking probability per pair,0,all,3,20, ,0.0,0.0,0.0,0.0,0.0
BitRate blocking probability per pair,0,all,21,10, ,0.0,0.0,0.0,0.0,0.0
BitRate blocking probability per pair,0,all,2,19, ,0.0,0.0,0.0,0.0,0.0
BitRate blocking probability per pair,0,all,7,17, ,0.0,0.0,0.0,0.0,0.0
BitRate blocking probability per pair,0,all,14,5, ,0.0,0.0,0.0,0.0,0.0
BitRate blocking probability per pair,0,all,7,13, ,0.0,0.0,0.0,0.0,0.0
BitRate blocking probability per pair,0,all,5,15, ,0.0,0.0,0.0,0.0,0.0
BitRate blocking probability per pair,0,all,18,8, ,0.0,0.0,0.0,0.0,0.0
BitRate blocking probability per pair,0,all,19,17, ,0.0,0.0,0.0,0.0,0.0
BitRate blocking probability per pair,0,all,19,21, ,0.0,0.0,0.0,0.0,0.0
BitRate blocking probability per pair,0,all,19,3, ,0.0,0.0,0.0,0.0,0.0
BitRate blocking probability per pair,0,all,13,19, ,0.0,0.0,0.0,0.0,0.0
BitRate blocking probability per pair,0,all,12,18, ,0.0,0.0,0.0,0.0,0.0
BitRate blocking probability per pair,0,all,13,3, ,0.0,0.0,0.0,0.0,0.0
BitRate blocking probability per pair,0,all,7,18, ,0.0,0.0,0.0,0.0,0.0
BitRate blocking probability per pair,0,all,17,12, ,0.0,0.0,0.0,0.0,0.0
BitRate blocking probability per pair,0,all,13,9, ,0.0,0.0,0.0,0.0,0.0
BitRate blocking probability per pair,0,all,6,22, ,0.0,0.0,0.0,0.0,0.0
BitRate blocking probability per pair,0,all,1,15, ,0.0,0.0,0.0,0.0,0.0
BitRate blocking probability per pair,0,all,3,19, ,0.0,0.0,0.0,0.0,0.0
BitRate blocking probability per pair,0,all,12,4, ,0.0,0.0,0.0,0.0,0.0
BitRate blocking probability per pair,0,all,16,24, ,0.0,0.0,0.0,0.0,0.0
BitRate blocking probability per pair,0,all,6,10, ,0.0,0.0,0.0,0.0,0.0
BitRate blocking probability per pair,0,all,2,18, ,0.0,0.0,0.0,0.0,0.0
BitRate blocking probability per pair,0,all,18,21, ,0.0,0.0,0.0,0.0,0.0
BitRate blocking probability per pair,0,all,18,3, ,0.0,0.0,0.0,0.0,0.0
BitRate blocking probability per pair,0,all,15,18, ,0.0,0.0,0.0,0.0,0.0
BitRate blocking probability per pair,0,all,4,14, ,0.0,0.0,0.0,0.0,0.0
BitRate blocking probability per pair,0,all,7,20, ,0.0,0.0,0.0,0.0,0.0
BitRate blocking probability per pair,0,all,13,15, ,0.0,0.0,0.0,0.0,0.0
BitRate blocking probability per pair,0,all,13,21, ,0.0,0.0,0.0,0.0,0.0
BitRate blocking probability per pair,0,all,15,14, ,0.0,0.0,0.0,0.0,0.0
BitRate blocking probability per pair,0,all,3,15, ,0.0,0.0,0.0,0.0,0.0
BitRate blocking probability per pair,0,all,18,5, ,0.0,0.0,0.0,0.0,0.0
BitRate blocking probability per pair,0,all,12,1, ,0.0,0.0,0.0,0.0,0.0
BitRate blocking probability per pair,0,all,6,7, ,0.0,0.0,0.0,0.0,0.0
BitRate blocking probability per pair,0,all,24,3, ,0.0,0.0,0.0,0.0,0.0
BitRate blocking probability per pair,0,all,19,5, ,0.0,0.0,0.0,0.0,0.0
BitRate blocking probability per pair,0,all,20,19, ,0.0,0.0,0.0,0.0,0.0
BitRate blocking probability per pair,0,all,5,17, ,0.0,0.0,0.0,0.0,0.0
BitRate blocking probability per pair,0,all,20,12, ,0.0,0.0,0.0,0.0,0.0
BitRate blocking probability per pair,0,all,4,22, ,0.0,0.0,0.0,0.0,0.0
BitRate blocking probability per pair,0,all,7,8, ,0.0,0.0,0.0,0.0,0.0
BitRate blocking probability per pair,0,all,14,1, ,0.0,0.0,0.0,0.0,0.0
BitRate blocking probability per pair,0,all,20,21, ,0.0,0.0,0.0,0.0,0.0
BitRate blocking probability per pair,0,all,1,6, ,0.0,0.0,0.0,0.0,0.0
BitRate blocking probability per pair,0,all,13,2, ,0.0,0.0,0.0,0.0,0.0
BitRate blocking probability per pair,0,all,14,20, ,0.0,0.0,0.0,0.0,0.0
BitRate blocking probability per pair,0,all,16,20, ,0.0,0.0,0.0,0.0,0.0
BitRate blocking probability per pair,0,all,18,15, ,0.0,0.0,0.0,0.0,0.0
BitRate blocking probability per pair,0,all,6,2, ,0.0,0.0,0.0,0.0,0.0
BitRate blocking probability per pair,0,all,9,15, ,0.0,0.0,0.0,0.0,0.0
BitRate blocking probability per pair,0,all,15,17, ,0.0,0.0,0.0,0.0,0.0
BitRate blocking probability per pair,0,all,18,2, ,0.0,0.0,0.0,0.0,0.0
BitRate blocking probability per pair,0,all,15,24, ,0.0,0.0,0.0,0.0,0.0
BitRate blocking probability per pair,0,all,7,10, ,0.0,0.0,0.0,0.0,0.0
BitRate blocking probability per pair,0,all,14,21, ,0.0,0.0,0.0,0.0,0.0
BitRate blocking probability per pair,0,all,23,15, ,0.0,0.0,0.0,0.0,0.0
BitRate blocking probability per pair,0,all,11,1, ,0.0,0.0,0.0,0.0,0.0
BitRate blocking probability per pair,0,all,19,20, ,0.0,0.0,0.0,0.0,0.0
BitRate blocking probability per pair,0,all,1,8, ,0.0,0.0,0.0,0.0,0.0
BitRate blocking probability per pair,0,all,16,1, ,0.0,0.0,0.0,0.0,0.0
BitRate blocking probability per pair,0,all,24,5, ,0.0,0.0,0.0,0.0,0.0
BitRate blocking probability per pair,0,all,2,4, ,0.0,0.0,0.0,0.0,0.0
BitRate blocking probability per pair,0,all,10,5, ,0.0,0.0,0.0,0.0,0.0
BitRate blocking probability per pair,0,all,21,7, ,0.0,0.0,0.0,0.0,0.0
BitRate blocking probability per pair,0,all,23,11, ,0.0,0.0,0.0,0.0,0.0
BitRate blocking probability per pair,0,all,19,6, ,0.0,0.0,0.0,0.0,0.0
BitRate blocking probability per pair,0,all,10,17, ,0.0,0.0,0.0,0.0,0.0
BitRate blocking probability per pair,0,all,3,8, ,0.0,0.0,0.0,0.0,0.0
BitRate blocking probability per pair,0,all,3,23, ,0.0,0.0,0.0,0.0,0.0
BitRate blocking probability per pair,0,all,17,9, ,0.0,0.0,0.0,0.0,0.0
BitRate blocking probability per pair,0,all,9,18, ,0.0,0.0,0.0,0.0,0.0
BitRate blocking probability per pair,0,all,1,3, ,0.0,0.0,0.0,0.0,0.0
BitRate blocking probability per pair,0,all,10,20, ,0.0,0.0,0.0,0.0,0.0
BitRate blocking probability per pair,0,all,21,6, ,0.0,0.0,0.0,0.0,0.0
BitRate blocking probability per pair,0,all,8,5, ,0.0,0.0,0.0,0.0,0.0
BitRate blocking probability per pair,0,all,9,8, ,0.0,0.0,0.0,0.0,0.0
BitRate blocking probability per pair,0,all,24,4, ,0.0,0.0,0.0,0.0,0.0
BitRate blocking probability per pair,0,all,1,12, ,0.0,0.0,0.0,0.0,0.0
BitRate blocking probability per pair,0,all,11,5, ,0.0,0.0,0.0,0.0,0.0
BitRate blocking probability per pair,0,all,22,7, ,0.0,0.0,0.0,0.0,0.0
BitRate blocking probability per pair,0,all,22,8, ,0.0,0.0,0.0,0.0,0.0
BitRate blocking probability per pair,0,all,20,22, ,0.0,0.0,0.0,0.0,0.0
BitRate blocking probability per pair,0,all,13,24, ,0.0,0.0,0.0,0.0,0.0
BitRate blocking probability per pair,0,all,1,7, ,0.0,0.0,0.0,0.0,0.0
BitRate blocking probability per pair,0,all,17,20, ,0.0,0.0,0.0,0.0,0.0
BitRate blocking probability per pair,0,all,16,18, ,0.0,0.0,0.0,0.0,0.0
BitRate blocking probability per pair,0,all,16,8, ,0.0,0.0,0.0,0.0,0.0
BitRate blocking probability per pair,0,all,12,15, ,0.0,0.0,0.0,0.0,0.0
BitRate blocking probability per pair,0,all,17,5, ,0.0,0.0,0.0,0.0,0.0
BitRate blocking probability per pair,0,all,23,14, ,0.0,0.0,0.0,0.0,0.0
BitRate blocking probability per pair,0,all,1,19, ,0.0,0.0,0.0,0.0,0.0
BitRate blocking probability per pair,0,all,17,7, ,0.0,0.0,0.0,0.0,0.0
BitRate blocking probability per pair,0,all,18,9, ,0.0,0.0,0.0,0.0,0.0
BitRate blocking probability per pair,0,all,18,23, ,0.0,0.0,0.0,0.0,0.0
BitRate blocking probability per pair,0,all,13,22, ,0.0,0.0,0.0,0.0,0.0
BitRate blocking probability per pair,0,all,7,6, ,0.0,0.0,0.0,0.0,0.0
BitRate blocking probability per pair,0,all,9,23, ,0.0,0.0,0.0,0.0,0.0
BitRate blocking probability per pair,0,all,13,6, ,0.0,0.0,0.0,0.0,0.0
BitRate blocking probability per pair,0,all,15,8, ,0.0,0.0,0.0,0.0,0.0
BitRate blocking probability per pair,0,all,13,14, ,0.0,0.0,0.0,0.0,0.0
BitRate blocking probability per pair,0,all,20,3, ,0.0,0.0,0.0,0.0,0.0
BitRate blocking probability per pair,0,all,21,16, ,0.0,0.0,0.0,0.0,0.0
BitRate blocking probability per pair,0,all,3,16, ,0.0,0.0,0.0,0.0,0.0
BitRate blocking probability per pair,0,all,22,13, ,0.0,0.0,0.0,0.0,0.0
BitRate blocking probability per pair,0,all,3,14, ,0.0,0.0,0.0,0.0,0.0
BitRate blocking probability per pair,0,all,3,7, ,0.0,0.0,0.0,0.0,0.0
BitRate blocking probability per pair,0,all,10,22, ,0.0,0.0,0.0,0.0,0.0
BitRate blocking probability per pair,0,all,8,10, ,0.0,0.0,0.0,0.0,0.0
BitRate blocking probability per pair,0,all,22,6, ,0.0,0.0,0.0,0.0,0.0
BitRate blocking probability per pair,0,all,5,2, ,0.0,0.0,0.0,0.0,0.0
BitRate blocking probability per pair,0,all,13,5, ,0.0,0.0,0.0,0.0,0.0
BitRate blocking probability per pair,0,all,23,8, ,0.0,0.0,0.0,0.0,0.0
BitRate blocking probability per pair,0,all,13,11, ,0.0,0.0,0.0,0.0,0.0
BitRate blocking probability per pair,0,all,13,7, ,0.0,0.0,0.0,0.0,0.0
BitRate blocking probability per pair,0,all,3,13, ,0.0,0.0,0.0,0.0,0.0
BitRate blocking probability per pair,0,all,10,12, ,0.0,0.0,0.0,0.0,0.0
BitRate blocking probability per pair,0,all,24,11, ,0.0,0.0,0.0,0.0,0.0
BitRate blocking probability per pair,0,all,9,7, ,0.0,0.0,0.0,0.0,0.0
BitRate blocking probability per pair,0,all,24,12, ,0.0,0.0,0.0,0.0,0.0
BitRate blocking probability per pair,0,all,15,3, ,0.0,0.0,0.0,0.0,0.0
BitRate blocking probability per pair,0,all,22,11, ,0.0,0.0,0.0,0.0,0.0
BitRate blocking probability per pair,0,all,18,19, ,0.0,0.0,0.0,0.0,0.0
BitRate blocking probability per pair,0,all,16,7, ,0.0,0.0,0.0,0.0,0.0
BitRate blocking probability per pair,0,all,5,24, ,0.0,0.0,0.0,0.0,0.0
BitRate blocking probability per pair,0,all,10,19, ,0.0,0.0,0.0,0.0,0.0
BitRate blocking probability per pair,0,all,23,13, ,0.0,0.0,0.0,0.0,0.0
BitRate blocking probability per pair,0,all,12,3, ,0.0,0.0,0.0,0.0,0.0
BitRate blocking probability per pair,0,all,9,10, ,0.0,0.0,0.0,0.0,0.0
BitRate blocking probability per pair,0,all,4,18, ,0.0,0.0,0.0,0.0,0.0
BitRate blocking probability per pair,0,all,4,19, ,0.0,0.0,0.0,0.0,0.0
BitRate blocking probability per pair,0,all,17,15, ,0.0,0.0,0.0,0.0,0.0
BitRate blocking probability per pair,0,all,2,22, ,0.0,0.0,0.0,0.0,0.0
BitRate blocking probability per pair,0,all,11,17, ,0.0,0.0,0.0,0.0,0.0
BitRate blocking probability per pair,0,all,18,13, ,0.0,0.0,0.0,0.0,0.0
BitRate blocking probability per pair,0,all,24,10, ,0.0,0.0,0.0,0.0,0.0
BitRate blocking probability per pair,0,all,11,13, ,0.0,0.0,0.0,0.0,0.0
BitRate blocking probability per pair,0,all,12,22, ,0.0,0.0,0.0,0.0,0.0
BitRate blocking probability per pair,0,all,20,23, ,0.0,0.0,0.0,0.0,0.0
BitRate blocking probability per pair,0,all,4,7, ,0.0,0.0,0.0,0.0,0.0
BitRate blocking probability per pair,0,all,9,12, ,0.0,0.0,0.0,0.0,0.0
BitRate blocking probability per pair,0,all,4,13, ,0.0,0.0,0.0,0.0,0.0
BitRate blocking probability per pair,0,all,20,13, ,0.0,0.0,0.0,0.0,0.0
BitRate blocking probability per pair,0,all,10,3, ,0.0,0.0,0.0,0.0,0.0
BitRate blocking probability per pair,0,all,21,3, ,0.0,0.0,0.0,0.0,0.0
BitRate blocking probability per pair,0,all,7,9, ,0.0,0.0,0.0,0.0,0.0
BitRate blocking probability per pair,0,all,12,19, ,0.0,0.0,0.0,0.0,0.0
BitRate blocking probability per pair,0,all,19,16, ,0.0,0.0,0.0,0.0,0.0
BitRate blocking probability per pair,0,all,20,11, ,0.0,0.0,0.0,0.0,0.0
BitRate blocking probability per pair,0,all,22,9, ,0.0,0.0,0.0,0.0,0.0
BitRate blocking probability per pair,0,all,7,11, ,0.0,0.0,0.0,0.0,0.0
BitRate blocking probability per pair,0,all,6,1, ,0.0,0.0,0.0,0.0,0.0
BitRate blocking probability per pair,0,all,6,14, ,0.0,0.0,0.0,0.0,0.0
BitRate blocking probability per pair,0,all,21,1, ,0.0,0.0,0.0,0.0,0.0
BitRate blocking probability per pair,0,all,4,23, ,0.0,0.0,0.0,0.0,0.0
BitRate blocking probability per pair,0,all,1,5, ,0.0,0.0,0.0,0.0,0.0
BitRate blocking probability per pair,0,all,3,22, ,0.0,0.0,0.0,0.0,0.0
BitRate blocking probability per pair,0,all,5,23, ,0.0,0.0,0.0,0.0,0.0
BitRate blocking probability per pair,0,all,14,9, ,0.0,0.0,0.0,0.0,0.0
BitRate blocking probability per pair,0,all,23,6, ,0.0,0.0,0.0,0.0,0.0
BitRate blocking probability per pair,0,all,6,19, ,0.0,0.0,0.0,0.0,0.0
BitRate blocking probability per pair,0,all,14,13, ,0.0,0.0,0.0,0.0,0.0
BitRate blocking probability per pair,0,all,14,11, ,0.0,0.0,0.0,0.0,0.0
BitRate blocking probability per pair,0,all,12,21, ,0.0,0.0,0.0,0.0,0.0
BitRate blocking probability per pair,0,all,2,8, ,0.0,0.0,0.0,0.0,0.0
BitRate blocking probability per pair,0,all,16,13, ,0.0,0.0,0.0,0.0,0.0
BitRate blocking probability per pair,0,all,20,18, ,0.0,0.0,0.0,0.0,0.0
BitRate blocking probability per pair,0,all,6,9, ,0.0,0.0,0.0,0.0,0.0
BitRate blocking probability per pair,0,all,6,23, ,0.0,0.0,0.0,0.0,0.0
BitRate blocking probability per pair,0,all,10,4, ,0.0,0.0,0.0,0.0,0.0
BitRate blocking probability per pair,0,all,17,23, ,0.0,0.0,0.0,0.0,0.0
BitRate blocking probability per pair,0,all,17,18, ,0.0,0.0,0.0,0.0,0.0
BitRate blocking probability per pair,0,all,14,12, ,0.0,0.0,0.0,0.0,0.0
BitRate blocking probability per pair,0,all,14,17, ,0.0,0.0,0.0,0.0,0.0
BitRate blocking probability per pair,0,all,19,7, ,0.0,0.0,0.0,0.0,0.0
BitRate blocking probability per pair,0,all,7,24, ,0.0,0.0,0.0,0.0,0.0
BitRate blocking probability per pair,0,all,11,18, ,0.0,0.0,0.0,0.0,0.0
BitRate blocking probability per pair,0,all,11,10, ,0.0,0.0,0.0,0.0,0.0
BitRate blocking probability per pair,0,all,14,22, ,0.0,0.0,0.0,0.0,0.0
BitRate blocking probability per pair,0,all,4,9, ,0.0,0.0,0.0,0.0,0.0
BitRate blocking probability per pair,0,all,22,21, ,0.0,0.0,0.0,0.0,0.0
BitRate blocking probability per pair,0,all,22,24, ,0.0,0.0,0.0,0.0,0.0
BitRate blocking probability per pair,0,all,8,15, ,0.0,0.0,0.0,0.0,0.0
BitRate blocking probability per pair,0,all,12,5, ,0.0,0.0,0.0,0.0,0.0
BitRate blocking probability per pair,0,all,7,23, ,0.0,0.0,0.0,0.0,0.0
BitRate blocking probability per pair,0,all,24,14, ,0.0,0.0,0.0,0.0,0.0
BitRate blocking probability per pair,0,all,1,2, ,0.0,0.0,0.0,0.0,0.0
BitRate blocking probability per pair,0,all,15,22, ,0.0,0.0,0.0,0.0,0.0
BitRate blocking probability per pair,0,all,19,14, ,0.0,0.0,0.0,0.0,0.0
BitRate blocking probability per pair,0,all,21,23, ,0.0,0.0,0.0,0.0,0.0
BitRate blocking probability per pair,0,all,8,1, ,0.0,0.0,0.0,0.0,0.0
BitRate blocking probability per pair,0,all,18,10, ,0.0,0.0,0.0,0.0,0.0
BitRate blocking probability per pair,0,all,17,3, ,0.0,0.0,0.0,0.0,0.0
BitRate blocking probability per pair,0,all,5,9, ,0.0,0.0,0.0,0.0,0.0
BitRate blocking probability per pair,0,all,19,8, ,0.0,0.0,0.0,0.0,0.0
BitRate blocking probability per pair,0,all,4,21, ,0.0,0.0,0.0,0.0,0.0
BitRate blocking probability per pair,0,all,8,16, ,0.0,0.0,0.0,0.0,0.0
BitRate blocking probability per pair,0,all,5,12, ,0.0,0.0,0.0,0.0,0.0
BitRate blocking probability per pair,0,all,6,16, ,0.0,0.0,0.0,0.0,0.0
BitRate blocking probability per pair,0,all,20,10, ,0.0,0.0,0.0,0.0,0.0
BitRate blocking probability per pair,0,all,2,15, ,0.0,0.0,0.0,0.0,0.0
BitRate blocking probability per pair,0,all,20,6, ,0.0,0.0,0.0,0.0,0.0
BitRate blocking probability per pair,0,all,21,13, ,0.0,0.0,0.0,0.0,0.0
BitRate blocking probability per pair,0,all,6,21, ,0.0,0.0,0.0,0.0,0.0
BitRate blocking probability per pair,0,all,18,16, ,0.0,0.0,0.0,0.0,0.0
BitRate blocking probability per pair,0,all,5,21, ,0.0,0.0,0.0,0.0,0.0
BitRate blocking probability per pair,0,all,15,11, ,0.0,0.0,0.0,0.0,0.0
BitRate blocking probability per pair,0,all,8,12, ,0.0,0.0,0.0,0.0,0.0
BitRate blocking probability per pair,0,all,19,1, ,0.0,0.0,0.0,0.0,0.0
BitRate blocking probability per pair,0,all,21,14, ,0.0,0.0,0.0,0.0,0.0
BitRate blocking probability per pair,0,all,2,13, ,0.0,0.0,0.0,0.0,0.0
BitRate blocking probability per pair,0,all,17,6, ,0.0,0.0,0.0,0.0,0.0
BitRate blocking probability per pair,0,all,24,1, ,0.0,0.0,0.0,0.0,0.0
BitRate blocking probability per pair,0,all,8,3, ,0.0,0.0,0.0,0.0,0.0
BitRate blocking probability per pair,0,all,1,22, ,0.0,0.0,0.0,0.0,0.0
BitRate blocking probability per pair,0,all,23,3, ,0.0,0.0,0.0,0.0,0.0
BitRate blocking probability per pair,0,all,2,1, ,0.0,0.0,0.0,0.0,0.0
BitRate blocking probability per pair,0,all,15,23, ,0.0,0.0,0.0,0.0,0.0
BitRate blocking probability per pair,0,all,19,15, ,0.0,0.0,0.0,0.0,0.0
BitRate blocking probability per pair,0,all,2,23, ,0.0,0.0,0.0,0.0,0.0
BitRate blocking probability per pair,0,all,13,17, ,0.0,0.0,0.0,0.0,0.0
BitRate blocking probability per pair,0,all,1,10, ,0.0,0.0,0.0,0.0,0.0
BitRate blocking probability per pair,0,all,5,22, ,0.0,0.0,0.0,0.0,0.0
BitRate blocking probability per pair,0,all,18,24, ,0.0,0.0,0.0,0.0,0.0
BitRate blocking probability per pair,0,all,19,23, ,0.0,0.0,0.0,0.0,0.0
BitRate blocking probability per pair,0,all,20,8, ,0.0,0.0,0.0,0.0,0.0
BitRate blocking probability per pair,0,all,10,6, ,0.0,0.0,0.0,0.0,0.0
BitRate blocking probability per pair,0,all,2,6, ,0.0,0.0,0.0,0.0,0.0
BitRate blocking probability per pair,0,all,16,14, ,0.0,0.0,0.0,0.0,0.0
BitRate blocking probability per pair,0,all,24,19, ,0.0,0.0,0.0,0.0,0.0
BitRate blocking probability per pair,0,all,23,19, ,0.0,0.0,0.0,0.0,0.0
BitRate blocking probability per pair,0,all,12,2, ,0.0,0.0,0.0,0.0,0.0
BitRate blocking probability per pair,0,all,23,1, ,0.0,0.0,0.0,0.0,0.0
BitRate blocking probability per pair,0,all,15,7, ,0.0,0.0,0.0,0.0,0.0
BitRate blocking probability per pair,0,all,22,12, ,0.0,0.0,0.0,0.0,0.0
BitRate blocking probability per pair,0,all,3,6, ,0.0,0.0,0.0,0.0,0.0
BitRate blocking probability per pair,0,all,4,2, ,0.0,0.0,0.0,0.0,0.0
BitRate blocking probability per pair,0,all,13,1, ,0.0,0.0,0.0,0.0,0.0
BitRate blocking probability per pair,0,all,6,5, ,0.0,0.0,0.0,0.0,0.0
BitRate blocking probability per pair,0,all,16,22, ,0.0,0.0,0.0,0.0,0.0
BitRate blocking probability per pair,0,all,7,5, ,0.0,0.0,0.0,0.0,0.0
BitRate blocking probability per pair,0,all,6,24, ,0.0,0.0,0.0,0.0,0.0
BitRate blocking probability per pair,0,all,18,17, ,0.0,0.0,0.0,0.0,0.0
BitRate blocking probability per pair,0,all,22,3, ,0.0,0.0,0.0,0.0,0.0
BitRate blocking probability per pair,0,all,13,4, ,0.0,0.0,0.0,0.0,0.0
BitRate blocking probability per pair,0,all,16,5, ,0.0,0.0,0.0,0.0,0.0
BitRate blocking probability per pair,0,all,18,11, ,0.0,0.0,0.0,0.0,0.0
BitRate blocking probability per pair,0,all,6,11, ,0.0,0.0,0.0,0.0,0.0
BitRate blocking probability per pair,0,all,17,13, ,0.0,0.0,0.0,0.0,0.0
BitRate blocking probability per pair,0,all,7,3, ,0.0,0.0,0.0,0.0,0.0
BitRate blocking probability per pair,0,all,22,23, ,0.0,0.0,0.0,0.0,0.0
BitRate blocking probability per pair,0,all,10,13, ,0.0,0.0,0.0,0.0,0.0
BitRate blocking probability per pair,0,all,14,7, ,0.0,0.0,0.0,0.0,0.0
BitRate blocking probability per pair,0,all,20,16, ,0.0,0.0,0.0,0.0,0.0
BitRate blocking probability per pair,0,all,14,8, ,0.0,0.0,0.0,0.0,0.0
BitRate blocking probability per pair,0,all,7,4, ,0.0,0.0,0.0,0.0,0.0
BitRate blocking probability per pair,0,all,8,14, ,0.0,0.0,0.0,0.0,0.0
BitRate blocking probability per pair,0,all,3,12, ,0.0,0.0,0.0,0.0,0.0
BitRate blocking probability per pair,0,all,7,2, ,0.0,0.0,0.0,0.0,0.0
BitRate blocking probability per pair,0,all,10,11, ,0.0,0.0,0.0,0.0,0.0
BitRate blocking probability per pair,0,all,11,14, ,0.0,0.0,0.0,0.0,0.0
BitRate blocking probability per pair,0,all,20,24, ,0.0,0.0,0.0,0.0,0.0
BitRate blocking probability per pair,0,all,20,4, ,0.0,0.0,0.0,0.0,0.0
BitRate blocking probability per pair,0,all,23,2, ,0.0,0.0,0.0,0.0,0.0
BitRate blocking probability per pair,0,all,22,2, ,0.0,0.0,0.0,0.0,0.0
BitRate blocking probability per pair,0,all,22,19, ,0.0,0.0,0.0,0.0,0.0
BitRate blocking probability per pair,0,all,24,23, ,0.0,0.0,0.0,0.0,0.0
BitRate blocking probability per pair,0,all,6,17, ,0.0,0.0,0.0,0.0,0.0
BitRate blocking probability per pair,0,all,4,15, ,0.0,0.0,0.0,0.0,0.0
BitRate blocking probability per pair,0,all,20,7, ,0.0,0.0,0.0,0.0,0.0
BitRate blocking probability per pair,0,all,10,8, ,0.0,0.0,0.0,0.0,0.0
BitRate blocking probability per pair,0,all,10,24, ,0.0,0.0,0.0,0.0,0.0
BitRate blocking probability per pair,0,all,12,16, ,0.0,0.0,0.0,0.0,0.0
BitRate blocking probability per pair,0,all,8,13, ,0.0,0.0,0.0,0.0,0.0
BitRate blocking probability per pair,0,all,11,4, ,0.0,0.0,0.0,0.0,0.0
BitRate blocking probability per pair,0,all,22,17, ,0.0,0.0,0.0,0.0,0.0
BitRate blocking probability per pair,0,all,4,1, ,0.0,0.0,0.0,0.0,0.0
BitRate blocking probability per pair,0,all,14,6, ,0.0,0.0,0.0,0.0,0.0
BitRate blocking probability per pair,0,all,14,10, ,0.0,0.0,0.0,0.0,0.0
BitRate blocking probability per pair,0,all,24,6, ,0.0,0.0,0.0,0.0,0.0
BitRate blocking probability per pair,0,all,15,2, ,0.0,0.0,0.0,0.0,0.0
BitRate blocking probability per pair,0,all,22,10, ,0.0,0.0,0.0,0.0,0.0
BitRate blocking probability per pair,0,all,4,17, ,0.0,0.0,0.0,0.0,0.0
BitRate blocking probability per pair,0,all,17,2, ,0.0,0.0,0.0,0.0,0.0
BitRate blocking probability per pair,0,all,18,20, ,0.0,0.0,0.0,0.0,0.0
BitRate blocking probability per pair,0,all,17,21, ,0.0,0.0,0.0,0.0,0.0
BitRate blocking probability per pair,0,all,18,6, ,0.0,0.0,0.0,0.0,0.0
BitRate blocking probability per pair,0,all,10,15, ,0.0,0.0,0.0,0.0,0.0
BitRate blocking probability per pair,0,all,4,11, ,0.0,0.0,0.0,0.0,0.0
BitRate blocking probability per pair,0,all,2,21, ,0.0,0.0,0.0,0.0,0.0
BitRate blocking probability per pair,0,all,19,9, ,0.0,0.0,0.0,0.0,0.0
BitRate blocking probability per pair,0,all,5,8, ,0.0,0.0,0.0,0.0,0.0
BitRate blocking probability per pair,0,all,5,3, ,0.0,0.0,0.0,0.0,0.0
BitRate blocking probability per pair,0,all,11,6, ,0.0,0.0,0.0,0.0,0.0
BitRate blocking probability per pair,0,all,8,2, ,0.0,0.0,0.0,0.0,0.0
BitRate blocking probability per pair,0,all,9,24, ,0.0,0.0,0.0,0.0,0.0
BitRate blocking probability per pair,0,all,16,23, ,0.0,0.0,0.0,0.0,0.0
BitRate blocking probability per pair,0,all,2,16, ,0.0,0.0,0.0,0.0,0.0
BitRate blocking probability per pair,0,all,16,17, ,0.0,0.0,0.0,0.0,0.0
BitRate blocking probability per pair,0,all,23,18, ,0.0,0.0,0.0,0.0,0.0
BitRate blocking probability per pair,0,all,7,1, ,0.0,0.0,0.0,0.0,0.0
BitRate blocking probability per pair,0,all,11,24, ,0.0,0.0,0.0,0.0,0.0
BitRate blocking probability per pair,0,all,2,10, ,0.0,0.0,0.0,0.0,0.0
BitRate blocking probability per pair,0,all,4,6, ,0.0,0.0,0.0,0.0,0.0
BitRate blocking probability per pair,0,all,15,13, ,0.0,0.0,0.0,0.0,0.0
BitRate blocking probability per pair,0,all,21,12, ,0.0,0.0,0.0,0.0,0.0
BitRate blocking probability per pair,0,all,5,6, ,0.0,0.0,0.0,0.0,0.0
BitRate blocking probability per pair,0,all,10,18, ,0.0,0.0,0.0,0.0,0.0
BitRate blocking probability per pair,0,all,14,23, ,0.0,0.0,0.0,0.0,0.0
BitRate blocking probability per pair,0,all,21,8, ,0.0,0.0,0.0,0.0,0.0
BitRate blocking probability per pair,0,all,11,3, ,0.0,0.0,0.0,0.0,0.0
BitRate blocking probability per pair,0,all,13,16, ,0.0,0.0,0.0,0.0,0.0
BitRate blocking probability per pair,0,all,22,16, ,0.0,0.0,0.0,0.0,0.0
BitRate blocking probability per pair,0,all,21,5, ,0.0,0.0,0.0,0.0,0.0
BitRate blocking probability per pair,0,all,23,24, ,0.0,0.0,0.0,0.0,0.0
BitRate blocking probability per pair,0,all,9,6, ,0.0,0.0,0.0,0.0,0.0
BitRate blocking probability per pair,0,all,20,9, ,0.0,0.0,0.0,0.0,0.0
BitRate blocking probability per pair,0,all,16,6, ,0.0,0.0,0.0,0.0,0.0
BitRate blocking probability per pair,0,all,15,4, ,0.0,0.0,0.0,0.0,0.0
BitRate blocking probability per pair,0,all,3,4, ,0.0,0.0,0.0,0.0,0.0
BitRate blocking probability per pair,0,all,17,10, ,0.0,0.0,0.0,0.0,0.0
BitRate blocking probability per pair,0,all,12,10, ,0.0,0.0,0.0,0.0,0.0
BitRate blocking probability per pair,0,all,12,7, ,0.0,0.0,0.0,0.0,0.0
BitRate blocking probability per pair,0,all,3,17, ,0.0,0.0,0.0,0.0,0.0
BitRate blocking probability per pair,1,all,11,2, ,0.0,0.0,0.0,0.0,0.0
BitRate blocking probability per pair,1,all,1,23, ,0.0,0.0,0.0,0.0,0.0
BitRate blocking probability per pair,1,all,2,9, ,0.0,0.0,0.0,0.0,0.0
BitRate blocking probability per pair,1,all,1,20, ,0.0,0.0,0.0,0.0,0.0
BitRate blocking probability per pair,1,all,17,24, ,0.0,0.0,0.0,0.0,0.0
BitRate blocking probability per pair,1,all,21,15, ,0.0,0.0,0.0,0.0,0.0
BitRate blocking probability per pair,1,all,19,11, ,0.0,0.0,0.0,0.0,0.0
BitRate blocking probability per pair,1,all,3,1, ,0.0,0.0,0.0,0.0,0.0
BitRate blocking probability per pair,1,all,24,2, ,0.0,0.0,0.0,0.0,0.0
BitRate blocking probability per pair,1,all,23,22, ,0.0,0.0,0.0,0.0,0.0
BitRate blocking probability per pair,1,all,17,22, ,0.0,0.0,0.0,0.0,0.0
BitRate blocking probability per pair,1,all,15,20, ,0.0,0.0,0.0,0.0,0.0
BitRate blocking probability per pair,1,all,2,7, ,0.0,0.0,0.0,0.0,0.0
BitRate blocking probability per pair,1,all,10,1, ,0.0,0.0,0.0,0.0,0.0
BitRate blocking probability per pair,1,all,14,16, ,0.0,0.0,0.0,0.0,0.0
BitRate blocking probability per pair,1,all,13,18, ,0.0,0.0,0.0,0.0,0.0
BitRate blocking probability per pair,1,all,11,7, ,0.0,0.0,0.0,0.0,0.0
BitRate blocking probability per pair,1,all,15,10, ,0.0,0.0,0.0,0.0,0.0
BitRate blocking probability per pair,1,all,17,4, ,0.0,0.0,0.0,0.0,0.0
BitRate blocking probability per pair,1,all,15,19, ,0.0,0.0,0.0,0.0,0.0
BitRate blocking probability per pair,1,all,9,22, ,0.0,0.0,0.0,0.0,0.0
BitRate blocking probability per pair,1,all,9,19, ,0.0,0.0,0.0,0.0,0.0
BitRate blocking probability per pair,1,all,24,7, ,0.0,0.0,0.0,0.0,0.0
BitRate blocking probability per pair,1,all,1,18, ,0.0,0.0,0.0,0.0,0.0
BitRate blocking probability per pair,1,all,19,4, ,0.0,0.0,0.0,0.0,0.0
BitRate blocking probability per pair,1,all,5,1, ,0.0,0.0,0.0,0.0,0.0
BitRate blocking probability per pair,1,all,5,20, ,0.0,0.0,0.0,0.0,0.0
BitRate blocking probability per pair,1,all,21,24, ,0.0,0.0,0.0,0.0,0.0
BitRate blocking probability per pair,1,all,9,1, ,0.0,0.0,0.0,0.0,0.0
BitRate blocking probability per pair,1,all,9,21, ,0.0,0.0,0.0,0.0,0.0
BitRate blocking probability per pair,1,all,14,15, ,0.0,0.0,0.0,0.0,0.0
BitRate blocking probability per pair,1,all,8,4, ,0.0,0.0,0.0,0.0,0.0
BitRate blocking probability per pair,1,all,8,21, ,0.0,0.0,0.0,0.0,0.0
BitRate blocking probability per pair,1,all,6,3, ,0.0,0.0,0.0,0.0,0.0
BitRate blocking probability per pair,1,all,9,2, ,0.0,0.0,0.0,0.0,0.0
BitRate blocking probability per pair,1,all,16,2, ,0.0,0.0,0.0,0.0,0.0
BitRate blocking probability per pair,1,all,9,4, ,0.0,0.0,0.0,0.0,0.0
BitRate blocking probability per pair,1,all,23,21, ,0.0,0.0,0.0,0.0,0.0
BitRate blocking probability per pair,1,all,19,24, ,0.0,0.0,0.0,0.0,0.0
BitRate blocking probability per pair,1,all,22,15, ,0.0,0.0,0.0,0.0,0.0
BitRate blocking probability per pair,1,all,23,17, ,0.0,0.0,0.0,0.0,0.0
BitRate blocking probability per pair,1,all,8,11, ,0.0,0.0,0.0,0.0,0.0
BitRate blocking probability per pair,1,all,24,17, ,0.0,0.0,0.0,0.0,0.0
BitRate blocking probability per pair,1,all,22,18, ,0.0,0.0,0.0,0.0,0.0
BitRate blocking probability per pair,1,all,5,11, ,0.0,0.0,0.0,0.0,0.0
BitRate blocking probability per pair,1,all,4,8, ,0.0,0.0,0.0,0.0,0.0
BitRate blocking probability per pair,1,all,23,9, ,0.0,0.0,0.0,0.0,0.0
BitRate blocking probability per pair,1,all,6,12, ,0.0,0.0,0.0,0.0,0.0
BitRate blocking probability per pair,1,all,4,5, ,0.0,0.0,0.0,0.0,0.0
BitRate blocking probability per pair,1,all,16,9, ,0.0,0.0,0.0,0.0,0.0
BitRate blocking probability per pair,1,all,16,11, ,0.0,0.0,0.0,0.0,0.0
BitRate blocking probability per pair,1,all,24,20, ,0.0,0.0,0.0,0.0,0.0
BitRate blocking probability per pair,1,all,12,14, ,0.0,0.0,0.0,0.0,0.0
BitRate blocking probability per pair,1,all,20,5, ,0.0,0.0,0.0,0.0,0.0
BitRate blocking probability per pair,1,all,11,12, ,0.0,0.0,0.0,0.0,0.0
BitRate blocking probability per pair,1,all,7,14, ,0.0,0.0,0.0,0.0,0.0
BitRate blocking probability per pair,1,all,10,23, ,0.0,0.0,0.0,0.0,0.0
BitRate blocking probability per pair,1,all,22,20, ,0.0,0.0,0.0,0.0,0.0
BitRate blocking probability per pair,1,all,17,11, ,0.0,0.0,0.0,0.0,0.0
BitRate blocking probability per pair,1,all,3,10, ,0.0,0.0,0.0,0.0,0.0
BitRate blocking probability per pair,1,all,17,14, ,0.0,0.0,0.0,0.0,0.0
BitRate blocking probability per pair,1,all,10,7, ,0.0,0.0,0.0,0.0,0.0
BitRate blocking probability per pair,1,all,3,2, ,0.0,0.0,0.0,0.0,0.0
BitRate blocking probability per pair,1,all,3,5, ,0.0,0.0,0.0,0.0,0.0
BitRate blocking probability per pair,1,all,22,1, ,0.0,0.0,0.0,0.0,0.0
BitRate blocking probability per pair,1,all,1,14, ,0.0,0.0,0.0,0.0,0.0
BitRate blocking probability per pair,1,all,24,8, ,0.0,0.0,0.0,0.0,0.0
BitRate blocking probability per pair,1,all,11,21, ,0.0,0.0,0.0,0.0,0.0
BitRate blocking probability per pair,1,all,20,14, ,0.0,0.0,0.0,0.0,0.0
BitRate blocking probability per pair,1,all,8,6, ,0.0,0.0,0.0,0.0,0.0
BitRate blocking probability per pair,1,all,21,11, ,0.0,0.0,0.0,0.0,0.0
BitRate blocking probability per pair,1,all,11,8, ,0.0,0.0,0.0,0.0,0.0
BitRate blocking probability per pair,1,all,21,19, ,0.0,0.0,0.0,0.0,0.0
BitRate blocking probability per pair,1,all,17,1, ,0.0,0.0,0.0,0.0,0.0
BitRate blocking probability per pair,1,all,11,22, ,0.0,0.0,0.0,0.0,0.0
BitRate blocking probability per pair,1,all,24,21, ,0.0,0.0,0.0,0.0,0.0
BitRate blocking probability per pair,1,all,19,22, ,0.0,0.0,0.0,0.0,0.0
BitRate blocking probability per pair,1,all,7,12, ,0.0,0.0,0.0,0.0,0.0
BitRate blocking probability per pair,1,all,7,22, ,0.0,0.0,0.0,0.0,0.0
BitRate blocking probability per pair,1,all,23,5, ,0.0,0.0,0.0,0.0,0.0
BitRate blocking probability per pair,1,all,21,17, ,0.0,0.0,0.0,0.0,0.0
BitRate blocking probability per pair,1,all,1,11, ,0.0,0.0,0.0,0.0,0.0
BitRate blocking probability per pair,1,all,18,12, ,0.0,0.0,0.0,0.0,0.0
BitRate blocking probability per pair,1,all,23,10, ,0.0,0.0,0.0,0.0,0.0
BitRate blocking probability per pair,1,all,18,7, ,0.0,0.0,0.0,0.0,0.0
BitRate blocking probability per pair,1,all,24,22, ,0.0,0.0,0.0,0.0,0.0
BitRate blocking probability per pair,1,all,21,2, ,0.0,0.0,0.0,0.0,0.0
BitRate blocking probability per pair,1,all,16,4, ,0.0,0.0,0.0,0.0,0.0
BitRate blocking probability per pair,1,all,10,9, ,0.0,0.0,0.0,0.0,0.0
BitRate blocking probability per pair,1,all,22,5, ,0.0,0.0,0.0,0.0,0.0
BitRate blocking probability per pair,1,all,9,17, ,0.0,0.0,0.0,0.0,0.0
BitRate blocking probability per pair,1,all,8,20, ,0.0,0.0,0.0,0.0,0.0
BitRate blocking probability per pair,1,all,1,24, ,0.0,0.0,0.0,0.0,0.0
BitRate blocking probability per pair,1,all,2,14, ,0.0,0.0,0.0,0.0,0.0
BitRate blocking probability per pair,1,all,5,18, ,0.0,0.0,0.0,0.0,0.0
BitRate blocking probability per pair,1,all,8,9, ,0.0,0.0,0.0,0.0,0.0
BitRate blocking probability per pair,1,all,9,13, ,0.0,0.0,0.0,0.0,0.0
BitRate blocking probability per pair,1,all,24,13, ,0.0,0.0,0.0,0.0,0.0
BitRate blocking probability per pair,1,all,2,17, ,0.0,0.0,0.0,0.0,0.0
BitRate blocking probability per pair,1,all,20,1, ,0.0,0.0,0.0,0.0,0.0
BitRate blocking probability per pair,1,all,19,2, ,0.0,0.0,0.0,0.0,0.0
BitRate blocking probability per pair,1,all,4,3, ,0.0,0.0,0.0,0.0,0.0
BitRate blocking probability per pair,1,all,22,4, ,0.0,0.0,0.0,0.0,0.0
BitRate blocking probability per pair,1,all,5,4, ,0.0,0.0,0.0,0.0,0.0
BitRate blocking probability per pair,1,all,16,19, ,0.0,0.0,0.0,0.0,0.0
BitRate blocking probability per pair,1,all,12,6, ,0.0,0.0,0.0,0.0,0.0
BitRate blocking probability per pair,1,all,17,8, ,0.0,0.0,0.0,0.0,0.0
BitRate blocking probability per pair,1,all,12,9, ,0.0,0.0,0.0,0.0,0.0
BitRate blocking probability per pair,1,all,11,20, ,0.0,0.0,0.0,0.0,0.0
BitRate blocking probability per pair,1,all,15,12, ,0.0,0.0,0.0,0.0,0.0
BitRate blocking probability per pair,1,all,9,16, ,0.0,0.0,0.0,0.0,0.0
BitRate blocking probability per pair,1,all,7,15, ,0.0,0.0,0.0,0.0,0.0
BitRate blocking probability per pair,1,all,6,13, ,0.0,0.0,0.0,0.0,0.0
BitRate blocking probability per pair,1,all,19,18, ,0.0,0.0,0.0,0.0,0.0
BitRate blocking probability per pair,1,all,3,9, ,0.0,0.0,0.0,0.0,0.0
BitRate blocking probability per pair,1,all,21,18, ,0.0,0.0,0.0,0.0,0.0
BitRate blocking probability per pair,1,all,1,17, ,0.0,0.0,0.0,0.0,0.0
BitRate blocking probability per pair,1,all,8,24, ,0.0,0.0,0.0,0.0,0.0
BitRate blocking probability per pair,1,all,7,16, ,0.0,0.0,0.0,0.0,0.0
BitRate blocking probability per pair,1,all,15,21, ,0.0,0.0,0.0,0.0,0.0
BitRate blocking probability per pair,1,all,18,22, ,0.0,0.0,0.0,0.0,0.0
BitRate blocking probability per pair,1,all,14,2, ,0.0,0.0,0.0,0.0,0.0
BitRate blocking probability per pair,1,all,2,12, ,0.0,0.0,0.0,0.0,0.0
BitRate blocking probability per pair,1,all,12,8, ,0.0,0.0,0.0,0.0,0.0
BitRate blocking probability per pair,1,all,1,13, ,0.0,0.0,0.0,0.0,0.0
BitRate blocking probability per pair,1,all,8,18, ,0.0,0.0,0.0,0.0,0.0
BitRate blocking probability per pair,1,all,15,6, ,0.0,0.0,0.0,0.0,0.0
BitRate blocking probability per pair,1,all,6,20, ,0.0,0.0,0.0,0.0,0.0
BitRate blocking probability per pair,1,all,7,21, ,0.0,0.0,0.0,0.0,0.0
BitRate blocking probability per pair,1,all,9,3, ,0.0,0.0,0.0,0.0,0.0
BitRate blocking probability per pair,1,all,12,13, ,0.0,0.0,0.0,0.0,0.0
BitRate blocking probability per pair,1,all,8,22, ,0.0,0.0,0.0,0.0,0.0
BitRate blocking probability per pair,1,all,2,3, ,0.0,0.0,0.0,0.0,0.0
BitRate blocking probability per pair,1,all,14,18, ,0.0,0.0,0.0,0.0,0.0
BitRate blocking probability per pair,1,all,23,20, ,0.0,0.0,0.0,0.0,0.0
BitRate blocking probability per pair,1,all,4,20, ,0.0,0.0,0.0,0.0,0.0
BitRate blocking probability per pair,1,all,4,24, ,0.0,0.0,0.0,0.0,0.0
BitRate blocking probability per pair,1,all,16,15, ,0.0,0.0,0.0,0.0,0.0
BitRate blocking probability per pair,1,all,24,16, ,0.0,0.0,0.0,0.0,0.0
BitRate blocking probability per pair,1,all,19,12, ,0.0,0.0,0.0,0.0,0.0
BitRate blocking probability per pair,1,all,6,15, ,0.0,0.0,0.0,0.0,0.0
BitRate blocking probability per pair,1,all,8,7, ,0.0,0.0,0.0,0.0,0.0
BitRate blocking probability per pair,1,all,2,20, ,0.0,0.0,0.0,0.0,0.0
BitRate blocking probability per pair,1,all,11,9, ,0.0,0.0,0.0,0.0,0.0
BitRate blocking probability per pair,1,all,4,12, ,0.0,0.0,0.0,0.0,0.0
BitRate blocking probability per pair,1,all,13,23, ,0.0,0.0,0.0,0.0,0.0
BitRate blocking probability per pair,1,all,11,16, ,0.0,0.0,0.0,0.0,0.0
BitRate blocking probability per pair,1,all,3,11, ,0.0,0.0,0.0,0.0,0.0
BitRate blocking probability per pair,1,all,2,5, ,0.0,0.0,0.0,0.0,0.0
BitRate blocking probability per pair,1,all,3,24, ,0.0,0.0,0.0,0.0,0.0
BitRate blocking probability per pair,1,all,18,1, ,0.0,0.0,0.0,0.0,0.0
BitRate blocking probability per pair,1,all,10,2, ,0.0,0.0,0.0,0.0,0.0
BitRate blocking probability per pair,1,all,15,16, ,0.0,0.0,0.0,0.0,0.0
BitRate blocking probability per pair,1,all,20,17, ,0.0,0.0,0.0,0.0,0.0
BitRate blocking probability per pair,1,all,5,13, ,0.0,0.0,0.0,0.0,0.0
BitRate blocking probability per pair,1,all,24,15, ,0.0,0.0,0.0,0.0,0.0
BitRate blocking probability per pair,1,all,12,17, ,0.0,0.0,0.0,0.0,0.0
BitRate blocking probability per pair,1,all,20,2, ,0.0,0.0,0.0,0.0,0.0
BitRate blocking probability per pair,1,all,5,19, ,0.0,0.0,0.0,0.0,0.0
BitRate blocking probability per pair,1,all,6,8, ,0.0,0.0,0.0,0.0,0.0
BitRate blocking probability per pair,1,all,4,10, ,0.0,0.0,0.0,0.0,0.0
BitRate blocking probability per pair,1,all,1,4, ,0.0,0.0,0.0,0.0,0.0
BitRate blocking probability per pair,1,all,12,23, ,0.0,0.0,0.0,0.0,0.0
BitRate blocking probability per pair,1,all,23,4, ,0.0,0.0,0.0,0.0,0.0
BitRate blocking probability per pair,1,all,12,20, ,0.0,0.0,0.0,0.0,0.0
BitRate blocking probability per pair,1,all,11,19, ,0.0,0.0,0.0,0.0,0.0
BitRate blocking probability per pair,1,all,2,11, ,0.0,0.0,0.0,0.0,0.0
BitRate blocking probability per pair,1,all,8,23, ,0.0,0.0,0.0,0.0,0.0
BitRate blocking probability per pair,1,all,10,14, ,0.0,0.0,0.0,0.0,0.0
BitRate blocking probability per pair,1,all,21,22, ,0.0,0.0,0.0,0.0,0.0
BitRate blocking probability per pair,1,all,9,11, ,0.0,0.0,0.0,0.0,0.0
BitRate blocking probability per pair,1,all,23,7, ,0.0,0.0,0.0,0.0,0.0
BitRate blocking probability per pair,1,all,24,18, ,0.0,0.0,0.0,0.0,0.0
BitRate blocking probability per pair,1,all,14,24, ,0.0,0.0,0.0,0.0,0.0
BitRate blocking probability per pair,1,all,6,4, ,0.0,0.0,0.0,0.0,0.0
BitRate blocking probability per pair,1,all,21,9, ,0.0,0.0,0.0,0.0,0.0
BitRate blocking probability per pair,1,all,15,1, ,0.0,0.0,0.0,0.0,0.0
BitRate blocking probability per pair,1,all,13,8, ,0.0,0.0,0.0,0.0,0.0
BitRate blocking probability per pair,1,all,13,12, ,0.0,0.0,0.0,0.0,0.0
BitRate blocking probability per pair,1,all,12,11, ,0.0,0.0,0.0,0.0,0.0
BitRate blocking probability per pair,1,all,23,16, ,0.0,0.0,0.0,0.0,0.0
BitRate blocking probability per pair,1,all,16,10, ,0.0,0.0,0.0,0.0,0.0
BitRate blocking probability per pair,1,all,14,4, ,0.0,0.0,0.0,0.0,0.0
BitRate blocking probability per pair,1,all,10,21, ,0.0,0.0,0.0,0.0,0.0
BitRate blocking probability per pair,1,all,1,16, ,0.0,0.0,0.0,0.0,0.0
BitRate blocking probability per pair,1,all,5,14, ,0.0,0.0,0.0,0.0,0.0
BitRate blocking probability per pair,1,all,14,3, ,0.0,0.0,0.0,0.0,0.0
BitRate blocking probability per pair,1,all,9,5, ,0.0,0.0,0.0,0.0,0.0
BitRate blocking probability per pair,1,all,11,23, ,0.0,0.0,0.0,0.0,0.0
BitRate blocking probability per pair,1,all,23,12, ,0.0,0.0,0.0,0.0,0.0
BitRate blocking probability per pair,1,all,18,4, ,0.0,0.0,0.0,0.0,0.0
BitRate blocking probability per pair,1,all,19,10, ,0.0,0.0,0.0,0.0,0.0
BitRate blocking probability per pair,1,all,14,19, ,0.0,0.0,0.0,0.0,0.0
BitRate blocking probability per pair,1,all,3,18, ,0.0,0.0,0.0,0.0,0.0
BitRate blocking probability per pair,1,all,1,21, ,0.0,0.0,0.0,0.0,0.0
BitRate blocking probability per pair,1,all,10,16, ,0.0,0.0,0.0,0.0,0.0
BitRate blocking probability per pair,1,all,24,9, ,0.0,0.0,0.0,0.0,0.0
BitRate blocking probability per pair,1,all,3,21, ,0.0,0.0,0.0,0.0,0.0
BitRate blocking probability per pair,1,all,12,24, ,0.0,0.0,0.0,0.0,0.0
BitRate blocking probability per pair,1,all,15,9, ,0.0,0.0,0.0,0.0,0.0
BitRate blocking probability per pair,1,all,18,14, ,0.0,0.0,0.0,0.0,0.0
BitRate blocking probability per pair,1,all,16,3, ,0.0,0.0,0.0,0.0,0.0
BitRate blocking probability per pair,1,all,15,5, ,0.0,0.0,0.0,0.0,0.0
BitRate blocking probability per pair,1,all,16,21, ,0.0,0.0,0.0,0.0,0.0
BitRate blocking probability per pair,1,all,8,17, ,0.0,0.0,0.0,0.0,0.0
BitRate blocking probability per pair,1,all,5,16, ,0.0,0.0,0.0,0.0,0.0
BitRate blocking probability per pair,1,all,21,4, ,0.0,0.0,0.0,0.0,0.0
BitRate blocking probability per pair,1,all,17,19, ,0.0,0.0,0.0,0.0,0.0
BitRate blocking probability per pair,1,all,16,12, ,0.0,0.0,0.0,0.0,0.0
BitRate blocking probability per pair,1,all,7,19, ,0.0,0.0,0.0,0.0,0.0
BitRate blocking probability per pair,1,all,8,19, ,0.0,0.0,0.0,0.0,0.0
BitRate blocking probability per pair,1,all,9,20, ,0.0,0.0,0.0,0.0,0.0
BitRate blocking probability per pair,1,all,13,10, ,0.0,0.0,0.0,0.0,0.0
BitRate blocking probability per pair,1,all,17,16, ,0.0,0.0,0.0,0.0,0.0
BitRate blocking probability per pair,1,all,5,7, ,0.0,0.0,0.0,0.0,0.0
BitRate blocking probability per pair,1,all,5,10, ,0.0,0.0,0.0,0.0,0.0
BitRate blocking probability per pair,1,all,22,14, ,0.0,0.0,0.0,0.0,0.0
BitRate blocking probability per pair,1,all,2,24, ,0.0,0.0,0.0,0.0,0.0
BitRate blocking probability per pair,1,all,11,15, ,0.0,0.0,0.0,0.0,0.0
BitRate blocking probability per pair,1,all,19,13, ,0.0,0.0,0.0,0.0,0.0
BitRate blocking probability per pair,1,all,9,14, ,0.0,0.0,0.0,0.0,0.0
BitRate blocking probability per pair,1,all,13,20, ,0.0,0.0,0.0,0.0,0.0
BitRate blocking probability per pair,1,all,20,15, ,0.0,0.0,0.0,0.0,0.0
BitRate blocking probability per pair,1,all,1,9, ,0.0,0.0,0.0,0.0,0.0
BitRate blocking probability per pair,1,all,4,16, ,0.0,0.0,0.0,0.0,0.0
BitRate blocking probability per pair,1,all,21,20, ,0.0,0.0,0.0,0.0,0.0
BitRate blocking probability per pair,1,all,6,18, ,0.0,0.0,0.0,0.0,0.0
BitRate blocking probability per pair,1,all,3,20, ,0.0,0.0,0.0,0.0,0.0
BitRate blocking probability per pair,1,all,21,10, ,0.0,0.0,0.0,0.0,0.0
BitRate blocking probability per pair,1,all,2,19, ,0.0,0.0,0.0,0.0,0.0
BitRate blocking probability per pair,1,all,7,17, ,0.0,0.0,0.0,0.0,0.0
BitRate blocking probability per pair,1,all,14,5, ,0.0,0.0,0.0,0.0,0.0
BitRate blocking probability per pair,1,all,7,13, ,0.0,0.0,0.0,0.0,0.0
BitRate blocking probability per pair,1,all,5,15, ,0.0,0.0,0.0,0.0,0.0
BitRate blocking probability per pair,1,all,18,8, ,0.0,0.0,0.0,0.0,0.0
BitRate blocking probability per pair,1,all,19,17, ,0.0,0.0,0.0,0.0,0.0
BitRate blocking probability per pair,1,all,19,21, ,0.0,0.0,0.0,0.0,0.0
BitRate blocking probability per pair,1,all,19,3, ,0.0,0.0,0.0,0.0,0.0
BitRate blocking probability per pair,1,all,13,19, ,0.0,0.0,0.0,0.0,0.0
BitRate blocking probability per pair,1,all,12,18, ,0.0,0.0,0.0,0.0,0.0
BitRate blocking probability per pair,1,all,13,3, ,0.0,0.0,0.0,0.0,0.0
BitRate blocking probability per pair,1,all,7,18, ,0.0,0.0,0.0,0.0,0.0
BitRate blocking probability per pair,1,all,17,12, ,0.0,0.0,0.0,0.0,0.0
BitRate blocking probability per pair,1,all,13,9, ,0.0,0.0,0.0,0.0,0.0
BitRate blocking probability per pair,1,all,6,22, ,0.0,0.0,0.0,0.0,0.0
BitRate blocking probability per pair,1,all,1,15, ,0.0,0.0,0.0,0.0,0.0
BitRate blocking probability per pair,1,all,3,19, ,0.0,0.0,0.0,0.0,0.0
BitRate blocking probability per pair,1,all,12,4, ,0.0,0.0,0.0,0.0,0.0
BitRate blocking probability per pair,1,all,16,24, ,0.0,0.0,0.0,0.0,0.0
BitRate blocking probability per pair,1,all,6,10, ,0.0,0.0,0.0,0.0,0.0
BitRate blocking probability per pair,1,all,2,18, ,0.0,0.0,0.0,0.0,0.0
BitRate blocking probability per pair,1,all,18,21, ,0.0,0.0,0.0,0.0,0.0
BitRate blocking probability per pair,1,all,18,3, ,0.0,0.0,0.0,0.0,0.0
BitRate blocking probability per pair,1,all,15,18, ,0.0,0.0,0.0,0.0,0.0
BitRate blocking probability per pair,1,all,4,14, ,0.0,0.0,0.0,0.0,0.0
BitRate blocking probability per pair,1,all,7,20, ,0.0,0.0,0.0,0.0,0.0
BitRate blocking probability per pair,1,all,13,15, ,0.0,0.0,0.0,0.0,0.0
BitRate blocking probability per pair,1,all,13,21, ,0.0,0.0,0.0,0.0,0.0
BitRate blocking probability per pair,1,all,15,14, ,0.0,0.0,0.0,0.0,0.0
BitRate blocking probability per pair,1,all,3,15, ,0.0,0.0,0.0,0.0,0.0
BitRate blocking probability per pair,1,all,18,5, ,0.0,0.0,0.0,0.0,0.0
BitRate blocking probability per pair,1,all,12,1, ,0.0,0.0,0.0,0.0,0.0
BitRate blocking probability per pair,1,all,6,7, ,0.0,0.0,0.0,0.0,0.0
BitRate blocking probability per pair,1,all,24,3, ,0.0,0.0,0.0,0.0,0.0
BitRate blocking probability per pair,1,all,19,5, ,0.0,0.0,0.0,0.0,0.0
BitRate blocking probability per pair,1,all,20,19, ,0.0,0.0,0.0,0.0,0.0
BitRate blocking probability per pair,1,all,5,17, ,0.0,0.0,0.0,0.0,0.0
BitRate blocking probability per pair,1,all,20,12, ,0.0,0.0,0.0,0.0,0.0
BitRate blocking probability per pair,1,all,4,22, ,0.0,0.0,0.0,0.0,0.0
BitRate blocking probability per pair,1,all,7,8, ,0.0,0.0,0.0,0.0,0.0
BitRate blocking probability per pair,1,all,14,1, ,0.0,0.0,0.0,0.0,0.0
BitRate blocking probability per pair,1,all,20,21, ,0.0,0.0,0.0,0.0,0.0
BitRate blocking probability per pair,1,all,1,6, ,0.0,0.0,0.0,0.0,0.0
BitRate blocking probability per pair,1,all,13,2, ,0.0,0.0,0.0,0.0,0.0
BitRate blocking probability per pair,1,all,14,20, ,0.0,0.0,0.0,0.0,0.0
BitRate blocking probability per pair,1,all,16,20, ,0.0,0.0,0.0,0.0,0.0
BitRate blocking probability per pair,1,all,18,15, ,0.0,0.0,0.0,0.0,0.0
BitRate blocking probability per pair,1,all,6,2, ,0.0,0.0,0.0,0.0,0.0
BitRate blocking probability per pair,1,all,9,15, ,0.0,0.0,0.0,0.0,0.0
BitRate blocking probability per pair,1,all,15,17, ,0.0,0.0,0.0,0.0,0.0
BitRate blocking probability per pair,1,all,18,2, ,0.0,0.0,0.0,0.0,0.0
BitRate blocking probability per pair,1,all,15,24, ,0.0,0.0,0.0,0.0,0.0
BitRate blocking probability per pair,1,all,7,10, ,0.0,0.0,0.0,0.0,0.0
BitRate blocking probability per pair,1,all,14,21, ,0.0,0.0,0.0,0.0,0.0
BitRate blocking probability per pair,1,all,23,15, ,0.0,0.0,0.0,0.0,0.0
BitRate blocking probability per pair,1,all,11,1, ,0.0,0.0,0.0,0.0,0.0
BitRate blocking probability per pair,1,all,19,20, ,0.0,0.0,0.0,0.0,0.0
BitRate blocking probability per pair,1,all,1,8, ,0.0,0.0,0.0,0.0,0.0
BitRate blocking probability per pair,1,all,16,1, ,0.0,0.0,0.0,0.0,0.0
BitRate blocking probability per pair,1,all,24,5, ,0.0,0.0,0.0,0.0,0.0
BitRate blocking probability per pair,1,all,2,4, ,0.0,0.0,0.0,0.0,0.0
BitRate blocking probability per pair,1,all,10,5, ,0.0,0.0,0.0,0.0,0.0
BitRate blocking probability per pair,1,all,21,7, ,0.0,0.0,0.0,0.0,0.0
BitRate blocking probability per pair,1,all,23,11, ,0.0,0.0,0.0,0.0,0.0
BitRate blocking probability per pair,1,all,19,6, ,0.0,0.0,0.0,0.0,0.0
BitRate blocking probability per pair,1,all,10,17, ,0.0,0.0,0.0,0.0,0.0
BitRate blocking probability per pair,1,all,3,8, ,0.0,0.0,0.0,0.0,0.0
BitRate blocking probability per pair,1,all,3,23, ,0.0,0.0,0.0,0.0,0.0
BitRate blocking probability per pair,1,all,17,9, ,0.0,0.0,0.0,0.0,0.0
BitRate blocking probability per pair,1,all,9,18, ,0.0,0.0,0.0,0.0,0.0
BitRate blocking probability per pair,1,all,1,3, ,0.0,0.0,0.0,0.0,0.0
BitRate blocking probability per pair,1,all,10,20, ,0.0,0.0,0.0,0.0,0.0
BitRate blocking probability per pair,1,all,21,6, ,0.0,0.0,0.0,0.0,0.0
BitRate blocking probability per pair,1,all,8,5, ,0.0,0.0,0.0,0.0,0.0
BitRate blocking probability per pair,1,all,9,8, ,0.0,0.0,0.0,0.0,0.0
BitRate blocking probability per pair,1,all,24,4, ,0.0,0.0,0.0,0.0,0.0
BitRate blocking probability per pair,1,all,1,12, ,0.0,0.0,0.0,0.0,0.0
BitRate blocking probability per pair,1,all,11,5, ,0.0,0.0,0.0,0.0,0.0
BitRate blocking probability per pair,1,all,22,7, ,0.0,0.0,0.0,0.0,0.0
BitRate blocking probability per pair,1,all,22,8, ,0.0,0.0,0.0,0.0,0.0
BitRate blocking probability per pair,1,all,20,22, ,0.0,0.0,0.0,0.0,0.0
BitRate blocking probability per pair,1,all,13,24, ,0.0,0.0,0.0,0.0,0.0
BitRate blocking probability per pair,1,all,1,7, ,0.0,0.0,0.0,0.0,0.0
BitRate blocking probability per pair,1,all,17,20, ,0.0,0.0,0.0,0.0,0.0
BitRate blocking probability per pair,1,all,16,18, ,0.0,0.0,0.0,0.0,0.0
BitRate blocking probability per pair,1,all,16,8, ,0.0,0.0,0.0,0.0,0.0
BitRate blocking probability per pair,1,all,12,15, ,0.0,0.0,0.0,0.0,0.0
BitRate blocking probability per pair,1,all,17,5, ,0.0,0.0,0.0,0.0,0.0
BitRate blocking probability per pair,1,all,23,14, ,0.0,0.0,0.0,0.0,0.0
BitRate blocking probability per pair,1,all,1,19, ,0.0,0.0,0.0,0.0,0.0
BitRate blocking probability per pair,1,all,17,7, ,0.0,0.0,0.0,0.0,0.0
BitRate blocking probability per pair,1,all,18,9, ,0.0,0.0,0.0,0.0,0.0
BitRate blocking probability per pair,1,all,18,23, ,0.0,0.0,0.0,0.0,0.0
BitRate blocking probability per pair,1,all,13,22, ,0.0,0.0,0.0,0.0,0.0
BitRate blocking probability per pair,1,all,7,6, ,0.0,0.0,0.0,0.0,0.0
BitRate blocking probability per pair,1,all,9,23, ,0.0,0.0,0.0,0.0,0.0
BitRate blocking probability per pair,1,all,13,6, ,0.0,0.0,0.0,0.0,0.0
BitRate blocking probability per pair,1,all,15,8, ,0.0,0.0,0.0,0.0,0.0
BitRate blocking probability per pair,1,all,13,14, ,0.0,0.0,0.0,0.0,0.0
BitRate blocking probability per pair,1,all,20,3, ,0.0,0.0,0.0,0.0,0.0
BitRate blocking probability per pair,1,all,21,16, ,0.0,0.0,0.0,0.0,0.0
BitRate blocking probability per pair,1,all,3,16, ,0.0,0.0,0.0,0.0,0.0
BitRate blocking probability per pair,1,all,22,13, ,0.0,0.0,0.0,0.0,0.0
BitRate blocking probability per pair,1,all,3,14, ,0.0,0.0,0.0,0.0,0.0
BitRate blocking probability per pair,1,all,3,7, ,0.0,0.0,0.0,0.0,0.0
BitRate blocking probability per pair,1,all,10,22, ,0.0,0.0,0.0,0.0,0.0
BitRate blocking probability per pair,1,all,8,10, ,0.0,0.0,0.0,0.0,0.0
BitRate blocking probability per pair,1,all,22,6, ,0.0,0.0,0.0,0.0,0.0
BitRate blocking probability per pair,1,all,5,2, ,0.0,0.0,0.0,0.0,0.0
BitRate blocking probability per pair,1,all,13,5, ,0.0,0.0,0.0,0.0,0.0
BitRate blocking probability per pair,1,all,23,8, ,0.0,0.0,0.0,0.0,0.0
BitRate blocking probability per pair,1,all,13,11, ,0.0,0.0,0.0,0.0,0.0
BitRate blocking probability per pair,1,all,13,7, ,0.0,0.0,0.0,0.0,0.0
BitRate blocking probability per pair,1,all,3,13, ,0.0,0.0,0.0,0.0,0.0
BitRate blocking probability per pair,1,all,10,12, ,0.0,0.0,0.0,0.0,0.0
BitRate blocking probability per pair,1,all,24,11, ,0.0,0.0,0.0,0.0,0.0
BitRate blocking probability per pair,1,all,9,7, ,0.0,0.0,0.0,0.0,0.0
BitRate blocking probability per pair,1,all,24,12, ,0.0,0.0,0.0,0.0,0.0
BitRate blocking probability per pair,1,all,15,3, ,0.0,0.0,0.0,0.0,0.0
BitRate blocking probability per pair,1,all,22,11, ,0.0,0.0,0.0,0.0,0.0
BitRate blocking probability per pair,1,all,18,19, ,0.0,0.0,0.0,0.0,0.0
BitRate blocking probability per pair,1,all,16,7, ,0.0,0.0,0.0,0.0,0.0
BitRate blocking probability per pair,1,all,5,24, ,0.0,0.0,0.0,0.0,0.0
BitRate blocking probability per pair,1,all,10,19, ,0.0,0.0,0.0,0.0,0.0
BitRate blocking probability per pair,1,all,23,13, ,0.0,0.0,0.0,0.0,0.0
BitRate blocking probability per pair,1,all,12,3, ,0.0,0.0,0.0,0.0,0.0
BitRate blocking probability per pair,1,all,9,10, ,0.0,0.0,0.0,0.0,0.0
BitRate blocking probability per pair,1,all,4,18, ,0.0,0.0,0.0,0.0,0.0
BitRate blocking probability per pair,1,all,4,19, ,0.0,0.0,0.0,0.0,0.0
BitRate blocking probability per pair,1,all,17,15, ,0.0,0.0,0.0,0.0,0.0
BitRate blocking probability per pair,1,all,2,22, ,0.0,0.0,0.0,0.0,0.0
BitRate blocking probability per pair,1,all,11,17, ,0.0,0.0,0.0,0.0,0.0
BitRate blocking probability per pair,1,all,18,13, ,0.0,0.0,0.0,0.0,0.0
BitRate blocking probability per pair,1,all,24,10, ,0.0,0.0,0.0,0.0,0.0
BitRate blocking probability per pair,1,all,11,13, ,0.0,0.0,0.0,0.0,0.0
BitRate blocking probability per pair,1,all,12,22, ,0.0,0.0,0.0,0.0,0.0
BitRate blocking probability per pair,1,all,20,23, ,0.0,0.0,0.0,0.0,0.0
BitRate blocking probability per pair,1,all,4,7, ,0.0,0.0,0.0,0.0,0.0
BitRate blocking probability per pair,1,all,9,12, ,0.0,0.0,0.0,0.0,0.0
BitRate blocking probability per pair,1,all,4,13, ,0.0,0.0,0.0,0.0,0.0
BitRate blocking probability per pair,1,all,20,13, ,0.0,0.0,0.0,0.0,0.0
BitRate blocking probability per pair,1,all,10,3, ,0.0,0.0,0.0,0.0,0.0
BitRate blocking probability per pair,1,all,21,3, ,0.0,0.0,0.0,0.0,0.0
BitRate blocking probability per pair,1,all,7,9, ,0.0,0.0,0.0,0.0,0.0
BitRate blocking probability per pair,1,all,12,19, ,0.0,0.0,0.0,0.0,0.0
BitRate blocking probability per pair,1,all,19,16, ,0.0,0.0,0.0,0.0,0.0
BitRate blocking probability per pair,1,all,20,11, ,0.0,0.0,0.0,0.0,0.0
BitRate blocking probability per pair,1,all,22,9, ,0.0,0.0,0.0,0.0,0.0
BitRate blocking probability per pair,1,all,7,11, ,0.0,0.0,0.0,0.0,0.0
BitRate blocking probability per pair,1,all,6,1, ,0.0,0.0,0.0,0.0,0.0
BitRate blocking probability per pair,1,all,6,14, ,0.0,0.0,0.0,0.0,0.0
BitRate blocking probability per pair,1,all,21,1, ,0.0,0.0,0.0,0.0,0.0
BitRate blocking probability per pair,1,all,4,23, ,0.0,0.0,0.0,0.0,0.0
BitRate blocking probability per pair,1,all,1,5, ,0.0,0.0,0.0,0.0,0.0
BitRate blocking probability per pair,1,all,3,22, ,0.0,0.0,0.0,0.0,0.0
BitRate blocking probability per pair,1,all,5,23, ,0.0,0.0,0.0,0.0,0.0
BitRate blocking probability per pair,1,all,14,9, ,0.0,0.0,0.0,0.0,0.0
BitRate blocking probability per pair,1,all,23,6, ,0.0,0.0,0.0,0.0,0.0
BitRate blocking probability per pair,1,all,6,19, ,0.0,0.0,0.0,0.0,0.0
BitRate blocking probability per pair,1,all,14,13, ,0.0,0.0,0.0,0.0,0.0
BitRate blocking probability per pair,1,all,14,11, ,0.0,0.0,0.0,0.0,0.0
BitRate blocking probability per pair,1,all,12,21, ,0.0,0.0,0.0,0.0,0.0
BitRate blocking probability per pair,1,all,2,8, ,0.0,0.0,0.0,0.0,0.0
BitRate blocking probability per pair,1,all,16,13, ,0.0,0.0,0.0,0.0,0.0
BitRate blocking probability per pair,1,all,20,18, ,0.0,0.0,0.0,0.0,0.0
BitRate blocking probability per pair,1,all,6,9, ,0.0,0.0,0.0,0.0,0.0
BitRate blocking probability per pair,1,all,6,23, ,0.0,0.0,0.0,0.0,0.0
BitRate blocking probability per pair,1,all,10,4, ,0.0,0.0,0.0,0.0,0.0
BitRate blocking probability per pair,1,all,17,23, ,0.0,0.0,0.0,0.0,0.0
BitRate blocking probability per pair,1,all,17,18, ,0.0,0.0,0.0,0.0,0.0
BitRate blocking probability per pair,1,all,14,12, ,0.0,0.0,0.0,0.0,0.0
BitRate blocking probability per pair,1,all,14,17, ,0.0,0.0,0.0,0.0,0.0
BitRate blocking probability per pair,1,all,19,7, ,0.0,0.0,0.0,0.0,0.0
BitRate blocking probability per pair,1,all,7,24, ,0.0,0.0,0.0,0.0,0.0
BitRate blocking probability per pair,1,all,11,18, ,0.0,0.0,0.0,0.0,0.0
BitRate blocking probability per pair,1,all,11,10, ,0.0,0.0,0.0,0.0,0.0
BitRate blocking probability per pair,1,all,14,22, ,0.0,0.0,0.0,0.0,0.0
BitRate blocking probability per pair,1,all,4,9, ,0.0,0.0,0.0,0.0,0.0
BitRate blocking probability per pair,1,all,22,21, ,0.0,0.0,0.0,0.0,0.0
BitRate blocking probability per pair,1,all,22,24, ,0.0,0.0,0.0,0.0,0.0
BitRate blocking probability per pair,1,all,8,15, ,0.0,0.0,0.0,0.0,0.0
BitRate blocking probability per pair,1,all,12,5, ,0.0,0.0,0.0,0.0,0.0
BitRate blocking probability per pair,1,all,7,23, ,0.0,0.0,0.0,0.0,0.0
BitRate blocking probability per pair,1,all,24,14, ,0.0,0.0,0.0,0.0,0.0
BitRate blocking probability per pair,1,all,1,2, ,0.0,0.0,0.0,0.0,0.0
BitRate blocking probability per pair,1,all,15,22, ,0.0,0.0,0.0,0.0,0.0
BitRate blocking probability per pair,1,all,19,14, ,0.0,0.0,0.0,0.0,0.0
BitRate blocking probability per pair,1,all,21,23, ,0.0,0.0,0.0,0.0,0.0
BitRate blocking probability per pair,1,all,8,1, ,0.0,0.0,0.0,0.0,0.0
BitRate blocking probability per pair,1,all,18,10, ,0.0,0.0,0.0,0.0,0.0
BitRate blocking probability per pair,1,all,17,3, ,0.0,0.0,0.0,0.0,0.0
BitRate blocking probability per pair,1,all,5,9, ,0.0,0.0,0.0,0.0,0.0
BitRate blocking probability per pair,1,all,19,8, ,0.0,0.0,0.0,0.0,0.0
BitRate blocking probability per pair,1,all,4,21, ,0.0,0.0,0.0,0.0,0.0
BitRate blocking probability per pair,1,all,8,16, ,0.0,0.0,0.0,0.0,0.0
BitRate blocking probability per pair,1,all,5,12, ,0.0,0.0,0.0,0.0,0.0
BitRate blocking probability per pair,1,all,6,16, ,0.0,0.0,0.0,0.0,0.0
BitRate blocking probability per pair,1,all,20,10, ,0.0,0.0,0.0,0.0,0.0
BitRate blocking probability per pair,1,all,2,15, ,0.0,0.0,0.0,0.0,0.0
BitRate blocking probability per pair,1,all,20,6, ,0.0,0.0,0.0,0.0,0.0
BitRate blocking probability per pair,1,all,21,13, ,0.0,0.0,0.0,0.0,0.0
BitRate blocking probability per pair,1,all,6,21, ,0.0,0.0,0.0,0.0,0.0
BitRate blocking probability per pair,1,all,18,16, ,0.0,0.0,0.0,0.0,0.0
BitRate blocking probability per pair,1,all,5,21, ,0.0,0.0,0.0,0.0,0.0
BitRate blocking probability per pair,1,all,15,11, ,0.0,0.0,0.0,0.0,0.0
BitRate blocking probability per pair,1,all,8,12, ,0.0,0.0,0.0,0.0,0.0
BitRate blocking probability per pair,1,all,19,1, ,0.0,0.0,0.0,0.0,0.0
BitRate blocking probability per pair,1,all,21,14, ,0.0,0.0,0.0,0.0,0.0
BitRate blocking probability per pair,1,all,2,13, ,0.0,0.0,0.0,0.0,0.0
BitRate blocking probability per pair,1,all,17,6, ,0.0,0.0,0.0,0.0,0.0
BitRate blocking probability per pair,1,all,24,1, ,0.0,0.0,0.0,0.0,0.0
BitRate blocking probability per pair,1,all,8,3, ,0.0,0.0,0.0,0.0,0.0
BitRate blocking probability per pair,1,all,1,22, ,0.0,0.0,0.0,0.0,0.0
BitRate blocking probability per pair,1,all,23,3, ,0.0,0.0,0.0,0.0,0.0
BitRate blocking probability per pair,1,all,2,1, ,0.0,0.0,0.0,0.0,0.0
BitRate blocking probability per pair,1,all,15,23, ,0.0,0.0,0.0,0.0,0.0
BitRate blocking probability per pair,1,all,19,15, ,0.0,0.0,0.0,0.0,0.0
BitRate blocking probability per pair,1,all,2,23, ,0.0,0.0,0.0,0.0,0.0
BitRate blocking probability per pair,1,all,13,17, ,0.0,0.0,0.0,0.0,0.0
BitRate blocking probability per pair,1,all,1,10, ,0.0,0.0,0.0,0.0,0.0
BitRate blocking probability per pair,1,all,5,22, ,0.0,0.0,0.0,0.0,0.0
BitRate blocking probability per pair,1,all,18,24, ,0.0,0.0,0.0,0.0,0.0
BitRate blocking probability per pair,1,all,19,23, ,0.0,0.0,0.0,0.0,0.0
BitRate blocking probability per pair,1,all,20,8, ,0.0,0.0,0.0,0.0,0.0
BitRate blocking probability per pair,1,all,10,6, ,0.0,0.0,0.0,0.0,0.0
BitRate blocking probability per pair,1,all,2,6, ,0.0,0.0,0.0,0.0,0.0
BitRate blocking probability per pair,1,all,16,14, ,0.0,0.0,0.0,0.0,0.0
BitRate blocking probability per pair,1,all,24,19, ,0.0,0.0,0.0,0.0,0.0
BitRate blocking probability per pair,1,all,23,19, ,0.0,0.0,0.0,0.0,0.0
BitRate blocking probability per pair,1,all,12,2, ,0.0,0.0,0.0,0.0,0.0
BitRate blocking probability per pair,1,all,23,1, ,0.0,0.0,0.0,0.0,0.0
BitRate blocking probability per pair,1,all,15,7, ,0.0,0.0,0.0,0.0,0.0
BitRate blocking probability per pair,1,all,22,12, ,0.0,0.0,0.0,0.0,0.0
BitRate blocking probability per pair,1,all,3,6, ,0.0,0.0,0.0,0.0,0.0
BitRate blocking probability per pair,1,all,4,2, ,0.0,0.0,0.0,0.0,0.0
BitRate blocking probability per pair,1,all,13,1, ,0.0,0.0,0.0,0.0,0.0
BitRate blocking probability per pair,1,all,6,5, ,0.0,0.0,0.0,0.0,0.0
BitRate blocking probability per pair,1,all,16,22, ,0.0,0.0,0.0,0.0,0.0
BitRate blocking probability per pair,1,all,7,5, ,0.0,0.0,0.0,0.0,0.0
BitRate blocking probability per pair,1,all,6,24, ,0.0,0.0,0.0,0.0,0.0
BitRate blocking probability per pair,1,all,18,17, ,0.0,0.0,0.0,0.0,0.0
BitRate blocking probability per pair,1,all,22,3, ,0.0,0.0,0.0,0.0,0.0
BitRate blocking probability per pair,1,all,13,4, ,0.0,0.0,0.0,0.0,0.0
BitRate blocking probability per pair,1,all,16,5, ,0.0,0.0,0.0,0.0,0.0
BitRate blocking probability per pair,1,all,18,11, ,0.0,0.0,0.0,0.0,0.0
BitRate blocking probability per pair,1,all,6,11, ,0.0,0.0,0.0,0.0,0.0
BitRate blocking probability per pair,1,all,17,13, ,0.0,0.0,0.0,0.0,0.0
BitRate blocking probability per pair,1,all,7,3, ,0.0,0.0,0.0,0.0,0.0
BitRate blocking probability per pair,1,all,22,23, ,0.0,0.0,0.0,0.0,0.0
BitRate blocking probability per pair,1,all,10,13, ,0.0,0.0,0.0,0.0,0.0
BitRate blocking probability per pair,1,all,14,7, ,0.0,0.0,0.0,0.0,0.0
BitRate blocking probability per pair,1,all,20,16, ,0.0,0.0,0.0,0.0,0.0
BitRate blocking probability per pair,1,all,14,8, ,0.0,0.0,0.0,0.0,0.0
BitRate blocking probability per pair,1,all,7,4, ,0.0,0.0,0.0,0.0,0.0
BitRate blocking probability per pair,1,all,8,14, ,0.0,0.0,0.0,0.0,0.0
BitRate blocking probability per pair,1,all,3,12, ,0.0,0.0,0.0,0.0,0.0
BitRate blocking probability per pair,1,all,7,2, ,0.0,0.0,0.0,0.0,0.0
BitRate blocking probability per pair,1,all,10,11, ,0.0,0.0,0.0,0.0,0.0
BitRate blocking probability per pair,1,all,11,14, ,0.0,0.0,0.0,0.0,0.0
BitRate blocking probability per pair,1,all,20,24, ,0.0,0.0,0.0,0.0,0.0
BitRate blocking probability per pair,1,all,20,4, ,0.0,0.0,0.0,0.0,0.0
BitRate blocking probability per pair,1,all,23,2, ,0.0,0.0,0.0,0.0,0.0
BitRate blocking probability per pair,1,all,22,2, ,0.0,0.0,0.0,0.0,0.0
BitRate blocking probability per pair,1,all,22,19, ,0.0,0.0,0.0,0.0,0.0
BitRate blocking probability per pair,1,all,24,23, ,0.0,0.0,0.0,0.0,0.0
BitRate blocking probability per pair,1,all,6,17, ,0.0,0.0,0.0,0.0,0.0
BitRate blocking probability per pair,1,all,4,15, ,0.0,0.0,0.0,0.0,0.0
BitRate blocking probability per pair,1,all,20,7, ,0.0,0.0,0.0,0.0,0.0
BitRate blocking probability per pair,1,all,10,8, ,0.0,0.0,0.0,0.0,0.0
BitRate blocking probability per pair,1,all,10,24, ,0.0,0.0,0.0,0.0,0.0
BitRate blocking probability per pair,1,all,12,16, ,0.0,0.0,0.0,0.0,0.0
BitRate blocking probability per pair,1,all,8,13, ,0.0,0.0,0.0,0.0,0.0
BitRate blocking probability per pair,1,all,11,4, ,0.0,0.0,0.0,0.0,0.0
BitRate blocking probability per pair,1,all,22,17, ,0.0,0.0,0.0,0.0,0.0
BitRate blocking probability per pair,1,all,4,1, ,0.0,0.0,0.0,0.0,0.0
BitRate blocking probability per pair,1,all,14,6, ,0.0,0.0,0.0,0.0,0.0
BitRate blocking probability per pair,1,all,14,10, ,0.0,0.0,0.0,0.0,0.0
BitRate blocking probability per pair,1,all,24,6, ,0.0,0.0,0.0,0.0,0.0
BitRate blocking probability per pair,1,all,15,2, ,0.0,0.0,0.0,0.0,0.0
BitRate blocking probability per pair,1,all,22,10, ,0.0,0.0,0.0,0.0,0.0
BitRate blocking probability per pair,1,all,4,17, ,0.0,0.0,0.0,0.0,0.0
BitRate blocking probability per pair,1,all,17,2, ,0.0,0.0,0.0,0.0,0.0
BitRate blocking probability per pair,1,all,18,20, ,0.0,0.0,0.0,0.0,0.0
BitRate blocking probability per pair,1,all,17,21, ,0.0,0.0,0.0,0.0,0.0
BitRate blocking probability per pair,1,all,18,6, ,0.0,0.0,0.0,0.0,0.0
BitRate blocking probability per pair,1,all,10,15, ,0.0,0.0,0.0,0.0,0.0
BitRate blocking probability per pair,1,all,4,11, ,0.0,0.0,0.0,0.0,0.0
BitRate blocking probability per pair,1,all,2,21, ,0.0,0.0,0.0,0.0,0.0
BitRate blocking probability per pair,1,all,19,9, ,0.0,0.0,0.0,0.0,0.0
BitRate blocking probability per pair,1,all,5,8, ,0.0,0.0,0.0,0.0,0.0
BitRate blocking probability per pair,1,all,5,3, ,0.0,0.0,0.0,0.0,0.0
BitRate blocking probability per pair,1,all,11,6, ,0.0,0.0,0.0,0.0,0.0
BitRate blocking probability per pair,1,all,8,2, ,0.0,0.0,0.0,0.0,0.0
BitRate blocking probability per pair,1,all,9,24, ,0.0,0.0,0.0,0.0,0.0
BitRate blocking probability per pair,1,all,16,23, ,0.0,0.0,0.0,0.0,0.0
BitRate blocking probability per pair,1,all,2,16, ,0.0,0.0,0.0,0.0,0.0
BitRate blocking probability per pair,1,all,16,17, ,0.0,0.0,0.0,0.0,0.0
BitRate blocking probability per pair,1,all,23,18, ,0.0,0.0,0.0,0.0,0.0
BitRate blocking probability per pair,1,all,7,1, ,0.0,0.0,0.0,0.0,0.0
BitRate blocking probability per pair,1,all,11,24, ,0.0,0.0,0.0,0.0,0.0
BitRate blocking probability per pair,1,all,2,10, ,0.0,0.0,0.0,0.0,0.0
BitRate blocking probability per pair,1,all,4,6, ,0.0,0.0,0.0,0.0,0.0
BitRate blocking probability per pair,1,all,15,13, ,0.0,0.0,0.0,0.0,0.0
BitRate blocking probability per pair,1,all,21,12, ,0.0,0.0,0.0,0.0,0.0
BitRate blocking probability per pair,1,all,5,6, ,0.0,0.0,0.0,0.0,0.0
BitRate blocking probability per pair,1,all,10,18, ,0.0,0.0,0.0,0.0,0.0
BitRate blocking probability per pair,1,all,14,23, ,0.0,0.0,0.0,0.0,0.0
BitRate blocking probability per pair,1,all,21,8, ,0.0,0.0,0.0,0.0,0.0
BitRate blocking probability per pair,1,all,11,3, ,0.0,0.0,0.0,0.0,0.0
BitRate blocking probability per pair,1,all,13,16, ,0.0,0.0,0.0,0.0,0.0
BitRate blocking probability per pair,1,all,22,16, ,0.0,0.0,0.0,0.0,0.0
BitRate blocking probability per pair,1,all,21,5, ,0.0,0.0,0.0,0.0,0.0
BitRate blocking probability per pair,1,all,23,24, ,0.0,0.0,0.0,0.0,0.0
BitRate blocking probability per pair,1,all,9,6, ,0.0,0.0,0.0,0.0,0.0
BitRate blocking probability per pair,1,all,20,9, ,0.0,0.0,0.0,0.0,0.0
BitRate blocking probability per pair,1,all,16,6, ,0.0,0.0,0.0,0.0,0.0
BitRate blocking probability per pair,1,all,15,4, ,0.0,0.0,0.0,0.0,0.0
BitRate blocking probability per pair,1,all,3,4, ,0.0,0.0,0.0,0.0,0.0
BitRate blocking probability per pair,1,all,17,10, ,0.0,0.0,0.0,0.0,0.0
BitRate blocking probability per pair,1,all,12,10, ,0.0,0.0,0.0,0.0,0.0
BitRate blocking probability per pair,1,all,12,7, ,0.0,0.0,0.0,0.0,0.0
BitRate blocking probability per pair,1,all,3,17, ,0.0,0.0,0.0,0.0,0.0
BitRate blocking probability per pair,2,all,11,2, ,0.0,0.0,0.0,0.0,0.0
BitRate blocking probability per pair,2,all,1,23, ,0.0,0.0,0.0,0.0,0.0
BitRate blocking probability per pair,2,all,2,9, ,0.0,0.0,0.0,0.0,0.0
BitRate blocking probability per pair,2,all,1,20, ,0.0,0.0,0.0,0.0,0.0
BitRate blocking probability per pair,2,all,17,24, ,0.0,0.0,0.0,0.0,0.0
BitRate blocking probability per pair,2,all,21,15, ,0.0,0.0,0.0,0.0,0.0
BitRate blocking probability per pair,2,all,19,11, ,0.0,0.0,0.0,0.0,0.0
BitRate blocking probability per pair,2,all,3,1, ,0.0,0.0,0.0,0.0,0.0
BitRate blocking probability per pair,2,all,24,2, ,0.0,0.0,0.0,0.0,0.0
BitRate blocking probability per pair,2,all,23,22, ,0.0,0.0,0.0,0.0,0.0
BitRate blocking probability per pair,2,all,17,22, ,0.0,0.0,0.0,0.0,0.0
BitRate blocking probability per pair,2,all,15,20, ,0.0,0.0,0.0,0.0,0.0
BitRate blocking probability per pair,2,all,2,7, ,0.0,0.0,0.0,0.0,0.0
BitRate blocking probability per pair,2,all,10,1, ,0.0,0.0,0.0,0.0,0.0
BitRate blocking probability per pair,2,all,14,16, ,0.0,0.0,0.0,0.0,0.0
BitRate blocking probability per pair,2,all,13,18, ,0.0,0.0,0.0,0.0,0.0
BitRate blocking probability per pair,2,all,11,7, ,0.0,0.0,0.0,0.0,0.0
BitRate blocking probability per pair,2,all,15,10, ,0.0,0.0,0.0,0.0,0.0
BitRate blocking probability per pair,2,all,17,4, ,0.0,0.0,0.0,0.0,0.024769106195845065
BitRate blocking probability per pair,2,all,15,19, ,0.0,0.0,0.0,0.0,0.0
BitRate blocking probability per pair,2,all,9,22, ,0.0,0.0,0.0,0.0,0.0
BitRate blocking probability per pair,2,all,9,19, ,0.0,0.0,0.0,0.0,0.0
BitRate blocking probability per pair,2,all,24,7, ,0.0,0.0,0.0,0.0,0.0
BitRate blocking probability per pair,2,all,1,18, ,0.0,0.0,0.0,0.0,0.0
BitRate blocking probability per pair,2,all,19,4, ,0.0,0.0,0.0,0.0,0.0
BitRate blocking probability per pair,2,all,5,1, ,0.0,0.0,0.0,0.0,0.0
BitRate blocking probability per pair,2,all,5,20, ,0.0,0.0,0.0,0.0,0.0
BitRate blocking probability per pair,2,all,21,24, ,0.0,0.0,0.0,0.0,0.0
BitRate blocking probability per pair,2,all,9,1, ,0.0,0.0,0.0,0.0,0.0
BitRate blocking probability per pair,2,all,9,21, ,0.0,0.0,0.0,0.0,0.0
BitRate blocking probability per pair,2,all,14,15, ,0.0,0.0,0.0,0.0,0.0
BitRate blocking probability per pair,2,all,8,4, ,0.0,0.0,0.0,0.0,0.0
BitRate blocking probability per pair,2,all,8,21, ,0.0,0.0,0.0,0.0,0.0
BitRate blocking probability per pair,2,all,6,3, ,0.0,0.0,0.0,0.0,0.0
BitRate blocking probability per pair,2,all,9,2, ,0.0,0.0,0.0,0.0,0.0
BitRate blocking probability per pair,2,all,16,2, ,0.0,0.0,0.0,0.0,0.0
BitRate blocking probability per pair,2,all,9,4, ,0.0,0.0,0.0,0.0,0.0
BitRate blocking probability per pair,2,all,23,21, ,0.0,0.0,0.0,0.0,0.0
BitRate blocking probability per pair,2,all,19,24, ,0.0,0.0,0.0,0.0,0.0
BitRate blocking probability per pair,2,all,22,15, ,0.0,0.0,0.0,0.0,0.0
BitRate blocking probability per pair,2,all,23,17, ,0.0,0.0,0.0,0.0,0.0
BitRate blocking probability per pair,2,all,8,11, ,0.0,0.0,0.0,0.0,0.0
BitRate blocking probability per pair,2,all,24,17, ,0.0,0.0,0.0,0.0,0.0
BitRate blocking probability per pair,2,all,22,18, ,0.0,0.0,0.0,0.0,0.0
BitRate blocking probability per pair,2,all,5,11, ,0.0,0.0,0.0,0.0,0.0
BitRate blocking probability per pair,2,all,4,8, ,0.0,0.0,0.0,0.0,0.0
BitRate blocking probability per pair,2,all,23,9, ,0.0,0.0,0.0,0.0,0.0
BitRate blocking probability per pair,2,all,6,12, ,0.0,0.0,0.0,0.0,0.0
BitRate blocking probability per pair,2,all,4,5, ,0.0,0.0,0.0,0.0,0.0
BitRate blocking probability per pair,2,all,16,9, ,0.0,0.0,0.0,0.0,0.0
BitRate blocking probability per pair,2,all,16,11, ,0.0,0.0,0.0,0.0,0.0
BitRate blocking probability per pair,2,all,24,20, ,0.0,0.0,0.0,0.0,0.0
BitRate blocking probability per pair,2,all,12,14, ,0.0,0.0,0.0,0.0,0.0
BitRate blocking probability per pair,2,all,20,5, ,0.0,0.0,0.0,0.0,0.0
BitRate blocking probability per pair,2,all,11,12, ,0.0,0.0,0.0,0.0,0.0
BitRate blocking probability per pair,2,all,7,14, ,0.0,0.0,0.0,0.0,0.0
BitRate blocking probability per pair,2,all,10,23, ,0.0,0.0,0.0,0.0,0.0
BitRate blocking probability per pair,2,all,22,20, ,0.0,0.0,0.0,0.0,0.0
BitRate blocking probability per pair,2,all,17,11, ,0.0,0.0,0.0,0.0,0.0
BitRate blocking probability per pair,2,all,3,10, ,0.0,0.0,0.0,0.0,0.0
BitRate blocking probability per pair,2,all,17,14, ,0.0,0.0,0.0,0.0,0.0
BitRate blocking probability per pair,2,all,10,7, ,0.0,0.0,0.0,0.0,0.0
BitRate blocking probability per pair,2,all,3,2, ,0.0,0.0,0.0,0.0,0.0
BitRate blocking probability per pair,2,all,3,5, ,0.0,0.0,0.0,0.0,0.0
BitRate blocking probability per pair,2,all,22,1, ,0.0,0.0,0.0,0.0,0.0
BitRate blocking probability per pair,2,all,1,14, ,0.0,0.0,0.0,0.0,0.0
BitRate blocking probability per pair,2,all,24,8, ,0.0,0.0,0.0,0.0,0.0
BitRate blocking probability per pair,2,all,11,21, ,0.0,0.0,0.0,0.0,0.0
BitRate blocking probability per pair,2,all,20,14, ,0.0,0.0,0.0,0.0,0.0
BitRate blocking probability per pair,2,all,8,6, ,0.0,0.0,0.0,0.0,0.0
BitRate blocking probability per pair,2,all,21,11, ,0.0,0.0,0.0,0.0,0.0
BitRate blocking probability per pair,2,all,11,8, ,0.0,0.0,0.0,0.0,0.0
BitRate blocking probability per pair,2,all,21,19, ,0.0,0.0,0.0,0.0,0.0
BitRate blocking probability per pair,2,all,17,1, ,0.0,0.0,0.0,0.0,0.0
BitRate blocking probability per pair,2,all,11,22, ,0.0,0.0,0.0,0.0,0.0
BitRate blocking probability per pair,2,all,24,21, ,0.0,0.0,0.0,0.0,0.0
BitRate blocking probability per pair,2,all,19,22, ,0.0,0.0,0.0,0.0,0.0
BitRate blocking probability per pair,2,all,7,12, ,0.0,0.0,0.0,0.0,0.0
BitRate blocking probability per pair,2,all,7,22, ,0.0,0.0,0.0,0.0,0.0
BitRate blocking probability per pair,2,all,23,5, ,0.0,0.0,0.0,0.0,0.0
BitRate blocking probability per pair,2,all,21,17, ,0.0,0.0,0.0,0.0,0.0
BitRate blocking probability per pair,2,all,1,11, ,0.0,0.0,0.0,0.0,0.0
BitRate blocking probability per pair,2,all,18,12, ,0.0,0.0,0.0,0.0,0.0
BitRate blocking probability per pair,2,all,23,10, ,0.0,0.0,0.0,0.0,0.0
BitRate blocking probability per pair,2,all,18,7, ,0.0,0.0,0.0,0.0,0.0
BitRate blocking probability per pair,2,all,24,22, ,0.0,0.0,0.0,0.0,0.0
BitRate blocking probability per pair,2,all,21,2, ,0.0,0.0,0.0,0.0,0.0
BitRate blocking probability per pair,2,all,16,4, ,0.0,0.0,0.0,0.0,0.0
BitRate blocking probability per pair,2,all,10,9, ,0.0,0.0,0.0,0.0,0.0
BitRate blocking probability per pair,2,all,22,5, ,0.0,0.0,0.0,0.0,0.0
BitRate blocking probability per pair,2,all,9,17, ,0.0,0.0,0.0,0.0,0.0
BitRate blocking probability per pair,2,all,8,20, ,0.0,0.0,0.0,0.0,0.0
BitRate blocking probability per pair,2,all,1,24, ,0.0,0.0,0.0,0.0,0.0
BitRate blocking probability per pair,2,all,2,14, ,0.0,0.0,0.0,0.0,0.0
BitRate blocking probability per pair,2,all,5,18, ,0.0,0.0,0.0,0.0,0.0
BitRate blocking probability per pair,2,all,8,9, ,0.0,0.0,0.0,0.0,0.0
BitRate blocking probability per pair,2,all,9,13, ,0.0,0.0,0.0,0.0,0.0
BitRate blocking probability per pair,2,all,24,13, ,0.0,0.0,0.0,0.0,0.0
BitRate blocking probability per pair,2,all,2,17, ,0.0,0.0,0.0,0.0,0.0
BitRate blocking probability per pair,2,all,20,1, ,0.0,0.0,0.0,0.0,0.0
BitRate blocking probability per pair,2,all,19,2, ,0.0,0.0,0.0,0.0,0.0
BitRate blocking probability per pair,2,all,4,3, ,0.0,0.0,0.0,0.0,0.0
BitRate blocking probability per pair,2,all,22,4, ,0.0,0.0,0.0,0.0,0.023756288731955344
BitRate blocking probability per pair,2,all,5,4, ,0.0,0.0,0.0,0.0,0.0
BitRate blocking probability per pair,2,all,16,19, ,0.0,0.0,0.0,0.0,0.0
BitRate blocking probability per pair,2,all,12,6, ,0.0,0.0,0.0,0.0,0.0
BitRate blocking probability per pair,2,all,17,8, ,0.0,0.0,0.0,0.0,0.0
BitRate blocking probability per pair,2,all,12,9, ,0.0,0.0,0.0,0.0,0.0
BitRate blocking probability per pair,2,all,11,20, ,0.0,0.0,0.0,0.0,0.0
BitRate blocking probability per pair,2,all,15,12, ,0.0,0.0,0.0,0.0,0.0
BitRate blocking probability per pair,2,all,9,16, ,0.0,0.0,0.0,0.0,0.0
BitRate blocking probability per pair,2,all,7,15, ,0.0,0.0,0.0,0.0,0.0
BitRate blocking probability per pair,2,all,6,13, ,0.0,0.0,0.0,0.0,0.0
BitRate blocking probability per pair,2,all,19,18, ,0.0,0.0,0.0,0.0,0.0
BitRate blocking probability per pair,2,all,3,9, ,0.0,0.0,0.0,0.0,0.0
BitRate blocking probability per pair,2,all,21,18, ,0.0,0.0,0.0,0.0,0.0
BitRate blocking probability per pair,2,all,1,17, ,0.0,0.0,0.0,0.0,0.0
BitRate blocking probability per pair,2,all,8,24, ,0.0,0.0,0.0,0.0,0.0
BitRate blocking probability per pair,2,all,7,16, ,0.0,0.0,0.0,0.0,0.0
BitRate blocking probability per pair,2,all,15,21, ,0.0,0.0,0.0,0.0,0.0
BitRate blocking probability per pair,2,all,18,22, ,0.0,0.0,0.0,0.0,0.0
BitRate blocking probability per pair,2,all,14,2, ,0.0,0.0,0.0,0.0,0.0
BitRate blocking probability per pair,2,all,2,12, ,0.0,0.0,0.0,0.0,0.0
BitRate blocking probability per pair,2,all,12,8, ,0.0,0.0,0.0,0.0,0.0
BitRate blocking probability per pair,2,all,1,13, ,0.0,0.0,0.0,0.0,0.0
BitRate blocking probability per pair,2,all,8,18, ,0.0,0.0,0.0,0.0,0.0
BitRate blocking probability per pair,2,all,15,6, ,0.0,0.0,0.0,0.0,0.0
BitRate blocking probability per pair,2,all,6,20, ,0.0,0.0,0.0,0.0,0.0
BitRate blocking probability per pair,2,all,7,21, ,0.0,0.0,0.0,0.0,0.0
BitRate blocking probability per pair,2,all,9,3, ,0.0,0.0,0.0,0.0,0.0
BitRate blocking probability per pair,2,all,12,13, ,0.0,0.0,0.0,0.0,0.0
BitRate blocking probability per pair,2,all,8,22, ,0.0,0.0,0.0,0.0,0.0
BitRate blocking probability per pair,2,all,2,3, ,0.0,0.0,0.0,0.0,0.0
BitRate blocking probability per pair,2,all,14,18, ,0.0,0.0,0.0,0.0,0.0
BitRate blocking probability per pair,2,all,23,20, ,0.0,0.0,0.0,0.0,0.0
BitRate blocking probability per pair,2,all,4,20, ,0.0,0.0,0.0,0.0,0.0
BitRate blocking probability per pair,2,all,4,24, ,0.0,0.0,0.0,0.0,0.0
BitRate blocking probability per pair,2,all,16,15, ,0.0,0.0,0.0,0.0,0.0
BitRate blocking probability per pair,2,all,24,16, ,0.0,0.0,0.0,0.0,0.0
BitRate blocking probability per pair,2,all,19,12, ,0.0,0.0,0.0,0.0,0.0
BitRate blocking probability per pair,2,all,6,15, ,0.0,0.0,0.0,0.0,0.0
BitRate blocking probability per pair,2,all,8,7, ,0.0,0.0,0.0,0.0,0.0
BitRate blocking probability per pair,2,all,2,20, ,0.0,0.0,0.0,0.0,0.0
BitRate blocking probability per pair,2,all,11,9, ,0.0,0.0,0.0,0.0,0.0
BitRate blocking probability per pair,2,all,4,12, ,0.0,0.0,0.0,0.0,0.0
BitRate blocking probability per pair,2,all,13,23, ,0.0,0.0,0.0,0.0,0.0
BitRate blocking probability per pair,2,all,11,16, ,0.0,0.0,0.0,0.0,0.0
BitRate blocking probability per pair,2,all,3,11, ,0.0,0.0,0.0,0.0,0.0
BitRate blocking probability per pair,2,all,2,5, ,0.0,0.0,0.0,0.0,0.0
BitRate blocking probability per pair,2,all,3,24, ,0.0,0.0,0.0,0.0,0.0
BitRate blocking probability per pair,2,all,18,1, ,0.0,0.0,0.0,0.0,0.0
BitRate blocking probability per pair,2,all,10,2, ,0.0,0.0,0.0,0.0,0.0
BitRate blocking probability per pair,2,all,15,16, ,0.0,0.0,0.0,0.0,0.0
BitRate blocking probability per pair,2,all,20,17, ,0.0,0.0,0.0,0.0,0.0
BitRate blocking probability per pair,2,all,5,13, ,0.0,0.0,0.0,0.0,0.0
BitRate blocking probability per pair,2,all,24,15, ,0.0,0.0,0.0,0.0,0.0
BitRate blocking probability per pair,2,all,12,17, ,0.0,0.0,0.0,0.0,0.0
BitRate blocking probability per pair,2,all,20,2, ,0.0,0.0,0.0,0.0,0.0
BitRate blocking probability per pair,2,all,5,19, ,0.0,0.0,0.0,0.0,0.0
BitRate blocking probability per pair,2,all,6,8, ,0.0,0.0,0.0,0.0,0.0
BitRate blocking probability per pair,2,all,4,10, ,0.0,0.0,0.0,0.0,0.0
BitRate blocking probability per pair,2,all,1,4, ,0.0,0.0,0.0,0.0,0.0
BitRate blocking probability per pair,2,all,12,23, ,0.0,0.0,0.0,0.0,0.0
BitRate blocking probability per pair,2,all,23,4, ,0.0,0.0,0.0,0.0,0.0
BitRate blocking probability per pair,2,all,12,20, ,0.0,0.0,0.0,0.0,0.0
BitRate blocking probability per pair,2,all,11,19, ,0.0,0.0,0.0,0.0,0.0
BitRate blocking probability per pair,2,all,2,11, ,0.0,0.0,0.0,0.0,0.0
BitRate blocking probability per pair,2,all,8,23, ,0.0,0.0,0.0,0.0,0.0
BitRate blocking probability per pair,2,all,10,14, ,0.0,0.0,0.0,0.0,0.0
BitRate blocking probability per pair,2,all,21,22, ,0.0,0.0,0.0,0.0,0.0
BitRate blocking probability per pair,2,all,9,11, ,0.0,0.0,0.0,0.0,0.0
BitRate blocking probability per pair,2,all,23,7, ,0.0,0.0,0.0,0.0,0.0
BitRate blocking probability per pair,2,all,24,18, ,0.0,0.0,0.0,0.0,0.0
BitRate blocking probability per pair,2,all,14,24, ,0.0,0.0,0.0,0.0,0.0
BitRate blocking probability per pair,2,all,6,4, ,0.0,0.0,0.0,0.0,0.0
BitRate blocking probability per pair,2,all,21,9, ,0.0,0.0,0.0,0.0,0.0
BitRate blocking probability per pair,2,all,15,1, ,0.0,0.0,0.0,0.0,0.0
BitRate blocking probability per pair,2,all,13,8, ,0.0,0.0,0.0,0.0,0.0
BitRate blocking probability per pair,2,all,13,12, ,0.0,0.0,0.0,0.0,0.0
BitRate blocking probability per pair,2,all,12,11, ,0.0,0.0,0.0,0.0,0.0
BitRate blocking probability per pair,2,all,23,16, ,0.0,0.0,0.0,0.0,0.0
BitRate blocking probability per pair,2,all,16,10, ,0.0,0.0,0.0,0.0,0.0
BitRate blocking probability per pair,2,all,14,4, ,0.0,0.0,0.0,0.0,0.0
BitRate blocking probability per pair,2,all,10,21, ,0.0,0.0,0.0,0.0,0.0
BitRate blocking probability per pair,2,all,1,16, ,0.0,0.0,0.0,0.0,0.0
BitRate blocking probability per pair,2,all,5,14, ,0.0,0.0,0.0,0.0,0.0
BitRate blocking probability per pair,2,all,14,3, ,0.0,0.0,0.0,0.0,0.0
BitRate blocking probability per pair,2,all,9,5, ,0.0,0.0,0.0,0.0,0.0
BitRate blocking probability per pair,2,all,11,23, ,0.0,0.0,0.0,0.0,0.0
BitRate blocking probability per pair,2,all,23,12, ,0.0,0.0,0.0,0.0,0.0
BitRate blocking probability per pair,2,all,18,4, ,0.0,0.0,0.0,0.0,0.0
BitRate blocking probability per pair,2,all,19,10, ,0.0,0.0,0.0,0.0,0.0
BitRate blocking probability per pair,2,all,14,19, ,0.0,0.0,0.0,0.0,0.0
BitRate blocking probability per pair,2,all,3,18, ,0.0,0.0,0.0,0.0,0.0
BitRate blocking probability per pair,2,all,1,21, ,0.0,0.0,0.0,0.0,0.0
BitRate blocking probability per pair,2,all,10,16, ,0.0,0.0,0.0,0.0,0.0
BitRate blocking probability per pair,2,all,24,9, ,0.0,0.0,0.0,0.0,0.0
BitRate blocking probability per pair,2,all,3,21, ,0.0,0.0,0.0,0.0,0.0
BitRate blocking probability per pair,2,all,12,24, ,0.0,0.0,0.0,0.0,0.0
BitRate blocking probability per pair,2,all,15,9, ,0.0,0.0,0.0,0.0,0.0
BitRate blocking probability per pair,2,all,18,14, ,0.0,0.0,0.0,0.0,0.0
BitRate blocking probability per pair,2,all,16,3, ,0.0,0.0,0.0,0.0,0.0
BitRate blocking probability per pair,2,all,15,5, ,0.0,0.0,0.0,0.0,0.0
BitRate blocking probability per pair,2,all,16,21, ,0.0,0.0,0.0,0.0,0.0
BitRate blocking probability per pair,2,all,8,17, ,0.0,0.0,0.0,0.0,0.0
BitRate blocking probability per pair,2,all,5,16, ,0.0,0.0,0.0,0.0,0.0
BitRate blocking probability per pair,2,all,21,4, ,0.0,0.0,0.0,0.0,0.0
BitRate blocking probability per pair,2,all,17,19, ,0.0,0.0,0.0,0.0,0.0
BitRate blocking probability per pair,2,all,16,12, ,0.0,0.0,0.0,0.0,0.0
BitRate blocking probability per pair,2,all,7,19, ,0.0,0.0,0.0,0.0,0.0
BitRate blocking probability per pair,2,all,8,19, ,0.0,0.0,0.0,0.0,0.0
BitRate blocking probability per pair,2,all,9,20, ,0.0,0.0,0.0,0.0,0.0
BitRate blocking probability per pair,2,all,13,10, ,0.0,0.0,0.0,0.0,0.0
BitRate blocking probability per pair,2,all,17,16, ,0.0,0.0,0.0,0.0,0.0
BitRate blocking probability per pair,2,all,5,7, ,0.0,0.0,0.0,0.0,0.0
BitRate blocking probability per pair,2,all,5,10, ,0.0,0.0,0.0,0.0,0.0
BitRate blocking probability per pair,2,all,22,14, ,0.0,0.0,0.0,0.0,0.0
BitRate blocking probability per pair,2,all,2,24, ,0.0,0.0,0.0,0.0,0.0
BitRate blocking probability per pair,2,all,11,15, ,0.0,0.0,0.0,0.0,0.0
BitRate blocking probability per pair,2,all,19,13, ,0.0,0.0,0.0,0.0,0.0
BitRate blocking probability per pair,2,all,9,14, ,0.0,0.0,0.0,0.0,0.0
BitRate blocking probability per pair,2,all,13,20, ,0.0,0.0,0.0,0.0,0.0
BitRate blocking probability per pair,2,all,20,15, ,0.0,0.0,0.0,0.0,0.0
BitRate blocking probability per pair,2,all,1,9, ,0.0,0.0,0.0,0.0,0.0
BitRate blocking probability per pair,2,all,4,16, ,0.0,0.0,0.0,0.0,0.0
BitRate blocking probability per pair,2,all,21,20, ,0.0,0.0,0.0,0.0,0.0
BitRate blocking probability per pair,2,all,6,18, ,0.0,0.0,0.0,0.0,0.0
BitRate blocking probability per pair,2,all,3,20, ,0.0,0.0,0.0,0.0,0.0
BitRate blocking probability per pair,2,all,21,10, ,0.0,0.0,0.0,0.0,0.0
BitRate blocking probability per pair,2,all,2,19, ,0.0,0.0,0.0,0.0,0.0
BitRate blocking probability per pair,2,all,7,17, ,0.0,0.0,0.0,0.0,0.0
BitRate blocking probability per pair,2,all,14,5, ,0.0,0.0,0.0,0.0,0.0
BitRate blocking probability per pair,2,all,7,13, ,0.0,0.0,0.0,0.0,0.0
BitRate blocking probability per pair,2,all,5,15, ,0.0,0.0,0.0,0.0,0.0
BitRate blocking probability per pair,2,all,18,8, ,0.0,0.0,0.0,0.0,0.0
BitRate blocking probability per pair,2,all,19,17, ,0.0,0.0,0.0,0.0,0.0
BitRate blocking probability per pair,2,all,19,21, ,0.0,0.0,0.0,0.0,0.0
BitRate blocking probability per pair,2,all,19,3, ,0.0,0.0,0.0,0.0,0.0
BitRate blocking probability per pair,2,all,13,19, ,0.0,0.0,0.0,0.0,0.0
BitRate blocking probability per pair,2,all,12,18, ,0.0,0.0,0.0,0.0,0.0
BitRate blocking probability per pair,2,all,13,3, ,0.0,0.0,0.0,0.0,0.0
BitRate blocking probability per pair,2,all,7,18, ,0.0,0.0,0.0,0.0,0.0
BitRate blocking probability per pair,2,all,17,12, ,0.0,0.0,0.0,0.0,0.0
BitRate blocking probability per pair,2,all,13,9, ,0.0,0.0,0.0,0.0,0.0
BitRate blocking probability per pair,2,all,6,22, ,0.00894599097773587,0.010320045284292487,0.009333307914002994,0.0,0.008943620857122038
BitRate blocking probability per pair,2,all,1,15, ,0.0,0.0,0.0,0.0,0.0
BitRate blocking probability per pair,2,all,3,19, ,0.0,0.0,0.0,0.0,0.0
BitRate blocking probability per pair,2,all,12,4, ,0.0,0.0,0.0,0.0,0.0
BitRate blocking probability per pair,2,all,16,24, ,0.0,0.0,0.0,0.0,0.0
BitRate blocking probability per pair,2,all,6,10, ,0.0,0.0,0.0,0.0,0.0
BitRate blocking probability per pair,2,all,2,18, ,0.0,0.0,0.0,0.0,0.0
BitRate blocking probability per pair,2,all,18,21, ,0.0,0.0,0.0,0.0,0.0
BitRate blocking probability per pair,2,all,18,3, ,0.0,0.0,0.0,0.0,0.0
BitRate blocking probability per pair,2,all,15,18, ,0.0,0.0,0.0,0.0,0.0
BitRate blocking probability per pair,2,all,4,14, ,0.0,0.0,0.0,0.0,0.0
BitRate blocking probability per pair,2,all,7,20, ,0.0,0.0,0.0,0.0,0.0
BitRate blocking probability per pair,2,all,13,15, ,0.0,0.0,0.0,0.0,0.0
BitRate blocking probability per pair,2,all,13,21, ,0.0,0.0,0.0,0.0,0.0
BitRate blocking probability per pair,2,all,15,14, ,0.0,0.0,0.0,0.0,0.0
BitRate blocking probability per pair,2,all,3,15, ,0.0,0.0,0.0,0.0,0.0
BitRate blocking probability per pair,2,all,18,5, ,0.0,0.0,0.0,0.0,0.0
BitRate blocking probability per pair,2,all,12,1, ,0.0,0.0,0.0,0.0,0.0
BitRate blocking probability per pair,2,all,6,7, ,0.0,0.0,0.0,0.0,0.0
BitRate blocking probability per pair,2,all,24,3, ,0.0,0.0,0.0,0.0,0.0
BitRate blocking probability per pair,2,all,19,5, ,0.0,0.0,0.0,0.0,0.0
BitRate blocking probability per pair,2,all,20,19, ,0.0,0.0,0.0,0.0,0.0
BitRate blocking probability per pair,2,all,5,17, ,0.0035894438516223047,0.0,0.0,0.0,0.0048228372505668545
BitRate blocking probability per pair,2,all,20,12, ,0.0,0.0,0.0,0.0,0.0
BitRate blocking probability per pair,2,all,4,22, ,0.0,0.0,0.0,0.0,0.0
BitRate blocking probability per pair,2,all,7,8, ,0.0,0.0,0.0,0.0,0.0
BitRate blocking probability per pair,2,all,14,1, ,0.0,0.0,0.0,0.0,0.0
BitRate blocking probability per pair,2,all,20,21, ,0.0,0.0,0.0,0.0,0.0
BitRate blocking probability per pair,2,all,1,6, ,0.0,0.0,0.0,0.0,0.0
BitRate blocking probability per pair,2,all,13,2, ,0.0,0.0,0.0,0.0,0.0
BitRate blocking probability per pair,2,all,14,20, ,0.0,0.0,0.0,0.0,0.0
BitRate blocking probability per pair,2,all,16,20, ,0.0,0.0,0.0,0.0,0.0
BitRate blocking probability per pair,2,all,18,15, ,0.0,0.0,0.0,0.0,0.0
BitRate blocking probability per pair,2,all,6,2, ,0.0,0.0,0.0,0.0,0.0
BitRate blocking probability per pair,2,all,9,15, ,0.0,0.0,0.0,0.0,0.0
BitRate blocking probability per pair,2,all,15,17, ,0.0,0.0,0.0,0.0,0.0
BitRate blocking probability per pair,2,all,18,2, ,0.0,0.0,0.0,0.0,0.0
BitRate blocking probability per pair,2,all,15,24, ,0.0,0.0,0.0,0.0,0.0
BitRate blocking probability per pair,2,all,7,10, ,0.0,0.0,0.0,0.0,0.0
BitRate blocking probability per pair,2,all,14,21, ,0.0,0.0,0.0,0.0,0.0
BitRate blocking probability per pair,2,all,23,15, ,0.0,0.0,0.0,0.0,0.0
BitRate blocking probability per pair,2,all,11,1, ,0.0,0.0,0.0,0.0,0.0
BitRate blocking probability per pair,2,all,19,20, ,0.0,0.0,0.0,0.0,0.0
BitRate blocking probability per pair,2,all,1,8, ,0.0,0.0,0.0,0.0,0.0
BitRate blocking probability per pair,2,all,16,1, ,0.0,0.0,0.0,0.0,0.0
BitRate blocking probability per pair,2,all,24,5, ,0.0,0.0,0.0,0.0,0.0
BitRate blocking probability per pair,2,all,2,4, ,0.0,0.0,0.0,0.0,0.0
BitRate blocking probability per pair,2,all,10,5, ,0.0,0.0,0.0,0.0,0.0
BitRate blocking probability per pair,2,all,21,7, ,0.0,0.0,0.0,0.0,0.0
BitRate blocking probability per pair,2,all,23,11, ,0.0,0.0,0.0,0.0,0.0
BitRate blocking probability per pair,2,all,19,6, ,0.0,0.0,0.0,0.0,0.0
BitRate blocking probability per pair,2,all,10,17, ,0.0,0.0,0.0,0.0,0.0
BitRate blocking probability per pair,2,all,3,8, ,0.0,0.0,0.0,0.0,0.0
BitRate blocking probability per pair,2,all,3,23, ,0.0,0.0,0.0,0.0,0.0
BitRate blocking probability per pair,2,all,17,9, ,0.0,0.0,0.0,0.0,0.0
BitRate blocking probability per pair,2,all,9,18, ,0.0,0.0,0.0,0.0,0.0
BitRate blocking probability per pair,2,all,1,3, ,0.0,0.0,0.0,0.0,0.0
BitRate blocking probability per pair,2,all,10,20, ,0.0,0.0,0.0,0.0,0.0
BitRate blocking probability per pair,2,all,21,6, ,0.0,0.0,0.0,0.0,0.0
BitRate blocking probability per pair,2,all,8,5, ,0.0,0.0,0.0,0.0,0.0
BitRate blocking probability per pair,2,all,9,8, ,0.0,0.0,0.0,0.0,0.0
BitRate blocking probability per pair,2,all,24,4, ,0.0,0.0,0.0,0.0,0.0
BitRate blocking probability per pair,2,all,1,12, ,0.0,0.0,0.0,0.0,0.0
BitRate blocking probability per pair,2,all,11,5, ,0.0,0.0,0.0,0.0,0.0
BitRate blocking probability per pair,2,all,22,7, ,0.0,0.0,0.0,0.0,0.0
BitRate blocking probability per pair,2,all,22,8, ,0.0,0.0,0.0,0.0,0.0
BitRate blocking probability per pair,2,all,20,22, ,0.0,0.0,0.0,0.0,0.0
BitRate blocking probability per pair,2,all,13,24, ,0.0,0.0,0.0,0.0,0.0
BitRate blocking probability per pair,2,all,1,7, ,0.0,0.0,0.0,0.0,0.0
BitRate blocking probability per pair,2,all,17,20, ,0.0,0.0,0.0,0.0,0.0
BitRate blocking probability per pair,2,all,16,18, ,0.0,0.0,0.0,0.0,0.0
BitRate blocking probability per pair,2,all,16,8, ,0.0,0.0,0.0,0.0,0.0
BitRate blocking probability per pair,2,all,12,15, ,0.0,0.0,0.0,0.0,0.0
BitRate blocking probability per pair,2,all,17,5, ,0.0,0.0,0.0,0.0,0.002977687238247365
BitRate blocking probability per pair,2,all,23,14, ,0.0,0.0,0.0,0.0,0.0
BitRate blocking probability per pair,2,all,1,19, ,0.0,0.0,0.0,0.0,0.0
BitRate blocking probability per pair,2,all,17,7, ,0.0,0.0,0.0,0.0,0.0
BitRate blocking probability per pair,2,all,18,9, ,0.0,0.0,0.0,0.0,0.0
BitRate blocking probability per pair,2,all,18,23, ,0.0,0.0,0.0,0.0,0.0
BitRate blocking probability per pair,2,all,13,22, ,0.0,0.0,0.0,0.0,0.0
BitRate blocking probability per pair,2,all,7,6, ,0.0,0.0,0.0,0.0,0.0
BitRate blocking probability per pair,2,all,9,23, ,0.0,0.0,0.0,0.0,0.0
BitRate blocking probability per pair,2,all,13,6, ,0.0,0.0,0.0,0.0,0.0
BitRate blocking probability per pair,2,all,15,8, ,0.0,0.0,0.0,0.0,0.0
BitRate blocking probability per pair,2,all,13,14, ,0.0,0.0,0.0,0.0,0.0
BitRate blocking probability per pair,2,all,20,3, ,0.0,0.0,0.0,0.0,0.0
BitRate blocking probability per pair,2,all,21,16, ,0.0,0.0,0.0,0.0,0.0
BitRate blocking probability per pair,2,all,3,16, ,0.0,0.0,0.0,0.0,0.0
BitRate blocking probability per pair,2,all,22,13, ,0.0,0.0,0.0,0.0,0.0
BitRate blocking probability per pair,2,all,3,14, ,0.0,0.0,0.0,0.0,0.0
BitRate blocking probability per pair,2,all,3,7, ,0.0,0.0,0.0,0.0,0.0
BitRate blocking probability per pair,2,all,10,22, ,0.0,0.0,0.0,0.0,0.0
BitRate blocking probability per pair,2,all,8,10, ,0.0,0.0,0.0,0.0,0.0
BitRate blocking probability per pair,2,all,22,6, ,0.0,0.005486378962992504,0.0,0.0,0.0
BitRate blocking probability per pair,2,all,5,2, ,0.0,0.0,0.0,0.0,0.0
BitRate blocking probability per pair,2,all,13,5, ,0.0,0.0,0.0,0.0,0.0
BitRate blocking probability per pair,2,all,23,8, ,0.0,0.0,0.0,0.0,0.0
BitRate blocking probability per pair,2,all,13,11, ,0.0,0.0,0.0,0.0,0.0
BitRate blocking probability per pair,2,all,13,7, ,0.0,0.0,0.0,0.0,0.0
BitRate blocking probability per pair,2,all,3,13, ,0.0,0.0,0.0,0.0,0.0
BitRate blocking probability per pair,2,all,10,12, ,0.0,0.0,0.0,0.0,0.0
BitRate blocking probability per pair,2,all,24,11, ,0.0,0.0,0.0,0.0,0.0
BitRate blocking probability per pair,2,all,9,7, ,0.0,0.0,0.0,0.0,0.0
BitRate blocking probability per pair,2,all,24,12, ,0.0,0.0,0.0,0.0,0.0
BitRate blocking probability per pair,2,all,15,3, ,0.0,0.0,0.0,0.0,0.0
BitRate blocking probability per pair,2,all,22,11, ,0.0,0.0,0.0,0.0,0.0
BitRate blocking probability per pair,2,all,18,19, ,0.0,0.0,0.0,0.0,0.0
BitRate blocking probability per pair,2,all,16,7, ,0.0,0.0,0.0,0.0,0.0
BitRate blocking probability per pair,2,all,5,24, ,0.0,0.0,0.0,0.0,0.0
BitRate blocking probability per pair,2,all,10,19, ,0.0,0.0,0.0,0.0,0.0
BitRate blocking probability per pair,2,all,23,13, ,0.0,0.0,0.0,0.0,0.0
BitRate blocking probability per pair,2,all,12,3, ,0.0,0.0,0.0,0.0,0.0
BitRate blocking probability per pair,2,all,9,10, ,0.0,0.0,0.0,0.0,0.0
BitRate blocking probability per pair,2,all,4,18, ,0.0,0.0,0.0,0.0,0.0
BitRate blocking probability per pair,2,all,4,19, ,0.0,0.0,0.0,0.0,0.0
BitRate blocking probability per pair,2,all,17,15, ,0.0,0.0,0.0,0.0,0.0
BitRate blocking probability per pair,2,all,2,22, ,0.0,0.0,0.0,0.0,0.0
BitRate blocking probability per pair,2,all,11,17, ,0.0,0.0,0.0,0.0,0.0
BitRate blocking probability per pair,2,all,18,13, ,0.0,0.0,0.0,0.0,0.0
BitRate blocking probability per pair,2,all,24,10, ,0.0,0.0,0.0,0.0,0.0
BitRate blocking probability per pair,2,all,11,13, ,0.0,0.0,0.0,0.0,0.0
BitRate blocking probability per pair,2,all,12,22, ,0.0,0.0,0.0,0.0,0.0
BitRate blocking probability per pair,2,all,20,23, ,0.0,0.0,0.0,0.0,0.0
BitRate blocking probability per pair,2,all,4,7, ,0.0,0.0,0.0,0.0,0.0
BitRate blocking probability per pair,2,all,9,12, ,0.0,0.0,0.0,0.0,0.0
BitRate blocking probability per pair,2,all,4,13, ,0.0,0.0,0.0,0.0,0.0
BitRate blocking probability per pair,2,all,20,13, ,0.0,0.0,0.0,0.0,0.0
BitRate blocking probability per pair,2,all,10,3, ,0.0,0.0,0.0,0.0,0.0
BitRate blocking probability per pair,2,all,21,3, ,0.0,0.0,0.0,0.0,0.0
BitRate blocking probability per pair,2,all,7,9, ,0.0,0.0,0.0,0.0,0.0
BitRate blocking probability per pair,2,all,12,19, ,0.0,0.0,0.0,0.0,0.0
BitRate blocking probability per pair,2,all,19,16, ,0.0,0.0,0.0,0.0,0.0
BitRate blocking probability per pair,2,all,20,11, ,0.0,0.0,0.0,0.0,0.0
BitRate blocking probability per pair,2,all,22,9, ,0.0,0.0,0.0,0.0,0.0
BitRate blocking probability per pair,2,all,7,11, ,0.0,0.0,0.0,0.0,0.0
BitRate blocking probability per pair,2,all,6,1, ,0.0,0.0,0.0,0.0,0.0
BitRate blocking probability per pair,2,all,6,14, ,0.0,0.0,0.0,0.0,0.0
BitRate blocking probability per pair,2,all,21,1, ,0.0,0.0,0.0,0.0,0.0
BitRate blocking probability per pair,2,all,4,23, ,0.0,0.0,0.0,0.0,0.0
BitRate blocking probability per pair,2,all,1,5, ,0.0,0.0,0.0,0.0,0.0
BitRate blocking probability per pair,2,all,3,22, ,0.0,0.0,0.0,0.0,0.0
BitRate blocking probability per pair,2,all,5,23, ,0.0,0.0,0.0,0.0,0.0
BitRate blocking probability per pair,2,all,14,9, ,0.0,0.0,0.0,0.0,0.0
BitRate blocking probability per pair,2,all,23,6, ,0.0,0.0,0.0,0.0,0.0
BitRate blocking probability per pair,2,all,6,19, ,0.0,0.0,0.0,0.0,0.0
BitRate blocking probability per pair,2,all,14,13, ,0.0,0.0,0.0,0.0,0.0
BitRate blocking probability per pair,2,all,14,11, ,0.0,0.0,0.0,0.0,0.0
BitRate blocking probability per pair,2,all,12,21, ,0.0,0.0,0.0,0.0,0.0
BitRate blocking probability per pair,2,all,2,8, ,0.0,0.0,0.0,0.0,0.0
BitRate blocking probability per pair,2,all,16,13, ,0.0,0.0,0.0,0.0,0.0
BitRate blocking probability per pair,2,all,20,18, ,0.0,0.0,0.0,0.0,0.0
BitRate blocking probability per pair,2,all,6,9, ,0.0,0.0,0.0,0.0,0.0
BitRate blocking probability per pair,2,all,6,23, ,0.0,0.0,0.0,0.0,0.0
BitRate blocking probability per pair,2,all,10,4, ,0.0,0.0,0.0,0.0,0.0
BitRate blocking probability per pair,2,all,17,23, ,0.0,0.0,0.0,0.0,0.0
BitRate blocking probability per pair,2,all,17,18, ,0.0,0.0,0.0,0.0,0.0
BitRate blocking probability per pair,2,all,14,12, ,0.0,0.0,0.0,0.0,0.0
BitRate blocking probability per pair,2,all,14,17, ,0.0,0.0,0.0,0.0,0.0
BitRate blocking probability per pair,2,all,19,7, ,0.0,0.0,0.0,0.0,0.0
BitRate blocking probability per pair,2,all,7,24, ,0.0,0.0,0.0,0.0,0.0
BitRate blocking probability per pair,2,all,11,18, ,0.0,0.0,0.0,0.0,0.0
BitRate blocking probability per pair,2,all,11,10, ,0.0,0.0,0.0,0.0,0.0
BitRate blocking probability per pair,2,all,14,22, ,0.0,0.0,0.0,0.0,0.0
BitRate blocking probability per pair,2,all,4,9, ,0.0,0.0,0.0,0.0,0.0
BitRate blocking probability per pair,2,all,22,21, ,0.0,0.0,0.0,0.0,0.0
BitRate blocking probability per pair,2,all,22,24, ,0.0,0.0,0.0,0.0,0.0
BitRate blocking probability per pair,2,all,8,15, ,0.0,0.0,0.0,0.0,0.0
BitRate blocking probability per pair,2,all,12,5, ,0.0,0.0,0.0,0.0,0.0
BitRate blocking probability per pair,2,all,7,23, ,0.0,0.0,0.0,0.0,0.0
BitRate blocking probability per pair,2,all,24,14, ,0.0,0.0,0.0,0.0,0.0
BitRate blocking probability per pair,2,all,1,2, ,0.0,0.0,0.0,0.0,0.0
BitRate blocking probability per pair,2,all,15,22, ,0.0,0.0,0.0,0.0,0.0
BitRate blocking probability per pair,2,all,19,14, ,0.0,0.0,0.0,0.0,0.0
BitRate blocking probability per pair,2,all,21,23, ,0.0,0.0,0.0,0.0,0.0
BitRate blocking probability per pair,2,all,8,1, ,0.0,0.0,0.0,0.0,0.0
BitRate blocking probability per pair,2,all,18,10, ,0.0,0.0,0.0,0.0,0.0
BitRate blocking probability per pair,2,all,17,3, ,0.0,0.0,0.0,0.0,0.0
BitRate blocking probability per pair,2,all,5,9, ,0.0,0.0,0.0,0.0,0.0
BitRate blocking probability per pair,2,all,19,8, ,0.0,0.0,0.0,0.0,0.0
BitRate blocking probability per pair,2,all,4,21, ,0.0,0.0,0.0,0.0,0.0
BitRate blocking probability per pair,2,all,8,16, ,0.0,0.0,0.0,0.0,0.0
BitRate blocking probability per pair,2,all,5,12, ,0.0,0.0,0.0,0.0,0.0
BitRate blocking probability per pair,2,all,6,16, ,0.0,0.0,0.0,0.0,0.0
BitRate blocking probability per pair,2,all,20,10, ,0.0,0.0,0.0,0.0,0.0
BitRate blocking probability per pair,2,all,2,15, ,0.0,0.0,0.0,0.0,0.0
BitRate blocking probability per pair,2,all,20,6, ,0.0,0.0,0.0,0.0,0.0
BitRate blocking probability per pair,2,all,21,13, ,0.0,0.0,0.0,0.0,0.0
BitRate blocking probability per pair,2,all,6,21, ,0.0,0.0,0.0,0.0,0.0
BitRate blocking probability per pair,2,all,18,16, ,0.0,0.0,0.0,0.0,0.0
BitRate blocking probability per pair,2,all,5,21, ,0.0,0.0,0.0,0.0,0.0
BitRate blocking probability per pair,2,all,15,11, ,0.0,0.0,0.0,0.0,0.0
BitRate blocking probability per pair,2,all,8,12, ,0.0,0.0,0.0,0.0,0.0
BitRate blocking probability per pair,2,all,19,1, ,0.0,0.0,0.0,0.0,0.0
BitRate blocking probability per pair,2,all,21,14, ,0.0,0.0,0.0,0.0,0.0
BitRate blocking probability per pair,2,all,2,13, ,0.0,0.0,0.0,0.0,0.0
BitRate blocking probability per pair,2,all,17,6, ,0.0,0.0,0.0,0.0,0.0
BitRate blocking probability per pair,2,all,24,1, ,0.0,0.0,0.0,0.0,0.0
BitRate blocking probability per pair,2,all,8,3, ,0.0,0.0,0.0,0.0,0.0
BitRate blocking probability per pair,2,all,1,22, ,0.0,0.0,0.0,0.0,0.0
BitRate blocking probability per pair,2,all,23,3, ,0.0,0.0,0.0,0.0,0.0
BitRate blocking probability per pair,2,all,2,1, ,0.0,0.0,0.0,0.0,0.0
BitRate blocking probability per pair,2,all,15,23, ,0.0,0.0,0.0,0.0,0.0
BitRate blocking probability per pair,2,all,19,15, ,0.0,0.0,0.0,0.0,0.0
BitRate blocking probability per pair,2,all,2,23, ,0.0,0.0,0.0,0.0,0.0
BitRate blocking probability per pair,2,all,13,17, ,0.0,0.0,0.0,0.0,0.0
BitRate blocking probability per pair,2,all,1,10, ,0.0,0.0,0.0,0.0,0.0
BitRate blocking probability per pair,2,all,5,22, ,0.0,0.0,0.0,0.0,0.0
BitRate blocking probability per pair,2,all,18,24, ,0.0,0.0,0.0,0.0,0.0
BitRate blocking probability per pair,2,all,19,23, ,0.0,0.0,0.0,0.0,0.0
BitRate blocking probability per pair,2,all,20,8, ,0.0,0.0,0.0,0.0,0.0
BitRate blocking probability per pair,2,all,10,6, ,0.0,0.0,0.0,0.0,0.0
BitRate blocking probability per pair,2,all,2,6, ,0.0,0.0,0.0,0.0,0.0
BitRate blocking probability per pair,2,all,16,14, ,0.0,0.0,0.0,0.0,0.0
BitRate blocking probability per pair,2,all,24,19, ,0.0,0.0,0.0,0.0,0.0
BitRate blocking probability per pair,2,all,23,19, ,0.0,0.0,0.0,0.0,0.0
BitRate blocking probability per pair,2,all,12,2, ,0.0,0.0,0.0,0.0,0.0
BitRate blocking probability per pair,2,all,23,1, ,0.0,0.0,0.0,0.0,0.0
BitRate blocking probability per pair,2,all,15,7, ,0.0,0.0,0.0,0.0,0.0
BitRate blocking probability per pair,2,all,22,12, ,0.0,0.0,0.0,0.0,0.0
BitRate blocking probability per pair,2,all,3,6, ,0.0,0.0,0.0,0.0,0.0
BitRate blocking probability per pair,2,all,4,2, ,0.0,0.0,0.0,0.0,0.0
BitRate blocking probability per pair,2,all,13,1, ,0.0,0.0,0.0,0.0,0.0
BitRate blocking probability per pair,2,all,6,5, ,0.0,0.0,0.0,0.0,0.0
BitRate blocking probability per pair,2,all,16,22, ,0.0,0.0,0.0,0.0,0.0
BitRate blocking probability per pair,2,all,7,5, ,0.0,0.0,0.0,0.0,0.0
BitRate blocking probability per pair,2,all,6,24, ,0.0,0.0,0.0,0.0,0.0
BitRate blocking probability per pair,2,all,18,17, ,0.0,0.0,0.0,0.0,0.0
BitRate blocking probability per pair,2,all,22,3, ,0.0,0.0,0.0,0.0,0.0
BitRate blocking probability per pair,2,all,13,4, ,0.0,0.0,0.0,0.0,0.0
BitRate blocking probability per pair,2,all,16,5, ,0.0,0.0,0.0,0.0,0.0
BitRate blocking probability per pair,2,all,18,11, ,0.0,0.0,0.0,0.0,0.0
BitRate blocking probability per pair,2,all,6,11, ,0.0,0.0,0.0,0.0,0.0
BitRate blocking probability per pair,2,all,17,13, ,0.0,0.0,0.0,0.0,0.0
BitRate blocking probability per pair,2,all,7,3, ,0.0,0.0,0.0,0.0,0.0
BitRate blocking probability per pair,2,all,22,23, ,0.0,0.0,0.0,0.0,0.0
BitRate blocking probability per pair,2,all,10,13, ,0.0,0.0,0.0,0.0,0.0
BitRate blocking probability per pair,2,all,14,7, ,0.0,0.0,0.0,0.0,0.0
BitRate blocking probability per pair,2,all,20,16, ,0.0,0.0,0.0,0.0,0.0
BitRate blocking probability per pair,2,all,14,8, ,0.0,0.0,0.0,0.0,0.0
BitRate blocking probability per pair,2,all,7,4, ,0.0,0.0,0.0,0.0,0.0
BitRate blocking probability per pair,2,all,8,14, ,0.0,0.0,0.0,0.0,0.0
BitRate blocking probability per pair,2,all,3,12, ,0.0,0.0,0.0,0.0,0.0
BitRate blocking probability per pair,2,all,7,2, ,0.0,0.0,0.0,0.0,0.0
BitRate blocking probability per pair,2,all,10,11, ,0.0,0.0,0.0,0.0,0.0
BitRate blocking probability per pair,2,all,11,14, ,0.0,0.0,0.0,0.0,0.0
BitRate blocking probability per pair,2,all,20,24, ,0.0,0.0,0.0,0.0,0.0
BitRate blocking probability per pair,2,all,20,4, ,0.0,0.0,0.0,0.0,0.0
BitRate blocking probability per pair,2,all,23,2, ,0.0,0.0,0.0,0.0,0.0
BitRate blocking probability per pair,2,all,22,2, ,0.0,0.0,0.0,0.0,0.0
BitRate blocking probability per pair,2,all,22,19, ,0.0,0.0,0.0,0.0,0.0
BitRate blocking probability per pair,2,all,24,23, ,0.0,0.0,0.0,0.0,0.0
BitRate blocking probability per pair,2,all,6,17, ,0.0,0.0,0.0,0.0,0.0
BitRate blocking probability per pair,2,all,4,15, ,0.0,0.0,0.0,0.0,0.0
BitRate blocking probability per pair,2,all,20,7, ,0.0,0.0,0.0,0.0,0.0
BitRate blocking probability per pair,2,all,10,8, ,0.0,0.0,0.0,0.0,0.0
BitRate blocking probability per pair,2,all,10,24, ,0.0,0.0,0.0,0.0,0.0
BitRate blocking probability per pair,2,all,12,16, ,0.0,0.0,0.0,0.0,0.0
BitRate blocking probability per pair,2,all,8,13, ,0.0,0.0,0.0,0.0,0.0
BitRate blocking probability per pair,2,all,11,4, ,0.0,0.0,0.0,0.0,0.0
BitRate blocking probability per pair,2,all,22,17, ,0.0,0.0,0.0,0.0,0.0
BitRate blocking probability per pair,2,all,4,1, ,0.0,0.0,0.0,0.0,0.0
BitRate blocking probability per pair,2,all,14,6, ,0.0,0.0,0.0,0.0,0.0
BitRate blocking probability per pair,2,all,14,10, ,0.0,0.0,0.0,0.0,0.0
BitRate blocking probability per pair,2,all,24,6, ,0.0,0.0,0.0,0.0,0.0
BitRate blocking probability per pair,2,all,15,2, ,0.0,0.0,0.0,0.0,0.0
BitRate blocking probability per pair,2,all,22,10, ,0.0,0.0,0.0,0.0,0.0
BitRate blocking probability per pair,2,all,4,17, ,0.0,1.0855484059087501E-4,0.0,0.0,0.0
BitRate blocking probability per pair,2,all,17,2, ,0.0,0.0,0.0,0.0,0.0
BitRate blocking probability per pair,2,all,18,20, ,0.0,0.0,0.0,0.0,0.0
BitRate blocking probability per pair,2,all,17,21, ,0.0,0.0,0.0,0.0,0.0
BitRate blocking probability per pair,2,all,18,6, ,0.0,0.0,0.0,0.0,0.0
BitRate blocking probability per pair,2,all,10,15, ,0.0,0.0,0.0,0.0,0.0
BitRate blocking probability per pair,2,all,4,11, ,0.0,0.0,0.0,0.0,0.0
BitRate blocking probability per pair,2,all,2,21, ,0.0,0.0,0.0,0.0,0.0
BitRate blocking probability per pair,2,all,19,9, ,0.0,0.0,0.0,0.0,0.0
BitRate blocking probability per pair,2,all,5,8, ,0.0,0.0,0.0,0.0,0.0
BitRate blocking probability per pair,2,all,5,3, ,0.0,0.0,0.0,0.0,0.0
BitRate blocking probability per pair,2,all,11,6, ,0.0,0.0,0.0,0.0,0.0
BitRate blocking probability per pair,2,all,8,2, ,0.0,0.0,0.0,0.0,0.0
BitRate blocking probability per pair,2,all,9,24, ,0.0,0.0,0.0,0.0,0.0
BitRate blocking probability per pair,2,all,16,23, ,0.0,0.0,0.0,0.0,0.0
BitRate blocking probability per pair,2,all,2,16, ,0.0,0.0,0.0,0.0,0.0
BitRate blocking probability per pair,2,all,16,17, ,0.0,0.0,0.0,0.0,0.0
BitRate blocking probability per pair,2,all,23,18, ,0.0,0.0,0.0,0.0,0.0
BitRate blocking probability per pair,2,all,7,1, ,0.0,0.0,0.0,0.0,0.0
BitRate blocking probability per pair,2,all,11,24, ,0.0,0.0,0.0,0.0,0.0
BitRate blocking probability per pair,2,all,2,10, ,0.0,0.0,0.0,0.0,0.0
BitRate blocking probability per pair,2,all,4,6, ,0.0,0.0,0.0,0.0,0.0
BitRate blocking probability per pair,2,all,15,13, ,0.0,0.0,0.0,0.0,0.0
BitRate blocking probability per pair,2,all,21,12, ,0.0,0.0,0.0,0.0,0.0
BitRate blocking probability per pair,2,all,5,6, ,0.0,0.0,0.0,0.0,0.0
BitRate blocking probability per pair,2,all,10,18, ,0.0,0.0,0.0,0.0,0.0
BitRate blocking probability per pair,2,all,14,23, ,0.0,0.0,0.0,0.0,0.0
BitRate blocking probability per pair,2,all,21,8, ,0.0,0.0,0.0,0.0,0.0
BitRate blocking probability per pair,2,all,11,3, ,0.0,0.0,0.0,0.0,0.0
BitRate blocking probability per pair,2,all,13,16, ,0.0,0.0,0.0,0.0,0.0
BitRate blocking probability per pair,2,all,22,16, ,0.0,0.0,0.0,0.0,0.0
BitRate blocking probability per pair,2,all,21,5, ,0.0,0.0,0.0,0.0,0.0
BitRate blocking probability per pair,2,all,23,24, ,0.0,0.0,0.0,0.0,0.0
BitRate blocking probability per pair,2,all,9,6, ,0.0,0.0,0.0,0.0,0.0
BitRate blocking probability per pair,2,all,20,9, ,0.0,0.0,0.0,0.0,0.0
BitRate blocking probability per pair,2,all,16,6, ,0.0,0.0,0.0,0.0,0.0
BitRate blocking probability per pair,2,all,15,4, ,0.0,0.0,0.0,0.0,0.0
BitRate blocking probability per pair,2,all,3,4, ,0.0,0.0,0.0,0.0,0.0
BitRate blocking probability per pair,2,all,17,10, ,0.0,0.0,0.0,0.0,0.0
BitRate blocking probability per pair,2,all,12,10, ,0.0,0.0,0.0,0.0,0.0
BitRate blocking probability per pair,2,all,12,7, ,0.0,0.0,0.0,0.0,0.0
BitRate blocking probability per pair,2,all,3,17, ,0.0,0.0,0.0,0.0,0.0
BitRate blocking probability per pair,3,all,11,2, ,0.0,0.0,0.0,0.0,0.0
BitRate blocking probability per pair,3,all,1,23, ,0.0,0.0,0.0,0.0,0.0
BitRate blocking probability per pair,3,all,2,9, ,0.0,0.0,0.0,0.0,0.0
BitRate blocking probability per pair,3,all,1,20, ,0.0,0.0,0.0,0.0,0.0
BitRate blocking probability per pair,3,all,17,24, ,0.0,0.0,0.0,0.0,0.0
BitRate blocking probability per pair,3,all,21,15, ,0.0,0.0,0.0,0.0,0.0
BitRate blocking probability per pair,3,all,19,11, ,0.0,0.0,0.0,0.0,0.0
BitRate blocking probability per pair,3,all,3,1, ,0.0,0.0,0.0,0.0,0.0
BitRate blocking probability per pair,3,all,24,2, ,0.0,0.0,0.0,0.0,0.0
BitRate blocking probability per pair,3,all,23,22, ,0.0,0.0,0.0,0.0,0.0
BitRate blocking probability per pair,3,all,17,22, ,0.0,0.0,0.0,0.0,0.0
BitRate blocking probability per pair,3,all,15,20, ,0.0,0.0,0.0,0.0,0.0
BitRate blocking probability per pair,3,all,2,7, ,0.0,0.0,0.0,0.0,0.0
BitRate blocking probability per pair,3,all,10,1, ,0.0,0.0,0.0,0.0,0.0
BitRate blocking probability per pair,3,all,14,16, ,0.0,0.0,0.0,0.0,0.0
BitRate blocking probability per pair,3,all,13,18, ,0.0,0.0,0.0,0.0,0.0
BitRate blocking probability per pair,3,all,11,7, ,0.0,0.0,0.0,0.0,0.0
BitRate blocking probability per pair,3,all,15,10, ,0.0,0.0,0.0,0.0,0.0
BitRate blocking probability per pair,3,all,17,4, ,0.03195043390109001,0.07309132958590765,0.0,0.002005008757064934,0.01662303192821156
BitRate blocking probability per pair,3,all,15,19, ,0.0,0.0,0.0,0.0,0.0
BitRate blocking probability per pair,3,all,9,22, ,0.0,0.0,0.0,0.0,0.0
BitRate blocking probability per pair,3,all,9,19, ,0.0,0.0,0.0,0.0,0.0
BitRate blocking probability per pair,3,all,24,7, ,0.0,0.0,0.0,0.0,0.0
BitRate blocking probability per pair,3,all,1,18, ,0.0,0.0,0.0,0.0,0.0
BitRate blocking probability per pair,3,all,19,4, ,0.0,0.028391237673964648,0.010785857929354301,0.011338611913439295,0.02156582409410446
BitRate blocking probability per pair,3,all,5,1, ,0.0,0.0,0.0,0.0,0.0
BitRate blocking probability per pair,3,all,5,20, ,0.0,0.00605885992906487,0.0,0.0,0.0
BitRate blocking probability per pair,3,all,21,24, ,0.0,0.0,0.0,0.0,0.0
BitRate blocking probability per pair,3,all,9,1, ,0.0,0.0,0.0,0.0,0.0
BitRate blocking probability per pair,3,all,9,21, ,0.0,0.0,0.0,0.0,0.0
BitRate blocking probability per pair,3,all,14,15, ,0.0,0.0,0.0,0.0,0.0
BitRate blocking probability per pair,3,all,8,4, ,0.0,0.0,0.0,0.0,0.0
BitRate blocking probability per pair,3,all,8,21, ,0.0,0.0,0.0,0.0,0.0
BitRate blocking probability per pair,3,all,6,3, ,0.0,0.0,0.0,0.0,0.0
BitRate blocking probability per pair,3,all,9,2, ,0.0,0.0,0.0,0.0,0.0
BitRate blocking probability per pair,3,all,16,2, ,0.0,0.0,0.0,0.0,0.0
BitRate blocking probability per pair,3,all,9,4, ,0.0,0.0,0.0,0.0,0.0
BitRate blocking probability per pair,3,all,23,21, ,0.0,0.0,0.0,0.0,0.0
BitRate blocking probability per pair,3,all,19,24, ,0.0,0.0,0.0,0.0,0.0
BitRate blocking probability per pair,3,all,22,15, ,0.0,0.0,0.0,0.0,0.0
BitRate blocking probability per pair,3,all,23,17, ,0.0,0.0,0.0,0.0,0.0
BitRate blocking probability per pair,3,all,8,11, ,0.0,0.0,0.0,0.0,0.0
BitRate blocking probability per pair,3,all,24,17, ,0.0,0.0,0.0,0.0,0.0
BitRate blocking probability per pair,3,all,22,18, ,0.0,0.0,0.0,0.0,0.0
BitRate blocking probability per pair,3,all,5,11, ,0.0,0.0,0.0,0.0,0.0
BitRate blocking probability per pair,3,all,4,8, ,0.0,0.0,0.0,0.0,0.0
BitRate blocking probability per pair,3,all,23,9, ,0.0,0.0,0.0,0.0,0.0
BitRate blocking probability per pair,3,all,6,12, ,0.0,0.0,0.0,0.0,0.0
BitRate blocking probability per pair,3,all,4,5, ,0.0,0.0,0.0,0.0,0.0
BitRate blocking probability per pair,3,all,16,9, ,0.0,0.0,0.0,0.0,0.0
BitRate blocking probability per pair,3,all,16,11, ,0.0,0.0,0.0,0.0,0.0
BitRate blocking probability per pair,3,all,24,20, ,0.0,0.0,0.0,0.0,0.0
BitRate blocking probability per pair,3,all,12,14, ,0.0,0.0,0.0,0.0,0.0
BitRate blocking probability per pair,3,all,20,5, ,0.0,0.0,0.03620913620337843,0.005157019552007677,0.018113187246602925
BitRate blocking probability per pair,3,all,11,12, ,0.0,0.0,0.0,0.0,0.0
BitRate blocking probability per pair,3,all,7,14, ,0.0,0.0,0.0,0.0,0.0
BitRate blocking probability per pair,3,all,10,23, ,0.0,0.0,0.0,0.0,0.0
BitRate blocking probability per pair,3,all,22,20, ,0.0,0.0,0.0,0.0,0.0
BitRate blocking probability per pair,3,all,17,11, ,0.0,0.0,0.0,0.0,0.0
BitRate blocking probability per pair,3,all,3,10, ,0.0,0.0,0.0,0.0,0.0
BitRate blocking probability per pair,3,all,17,14, ,0.0,0.0,0.0,0.0,0.0
BitRate blocking probability per pair,3,all,10,7, ,0.0,0.0,0.0,0.0,0.0
BitRate blocking probability per pair,3,all,3,2, ,0.0,0.0,0.0,0.0,0.0
BitRate blocking probability per pair,3,all,3,5, ,0.0,0.0,0.0,0.0,0.0
BitRate blocking probability per pair,3,all,22,1, ,0.0,0.0,0.0,0.0,0.0
BitRate blocking probability per pair,3,all,1,14, ,0.0,0.0,0.0,0.0,0.0
BitRate blocking probability per pair,3,all,24,8, ,0.0,0.0,0.0,0.0,0.0
BitRate blocking probability per pair,3,all,11,21, ,0.0,0.0,0.0,0.0,0.0
BitRate blocking probability per pair,3,all,20,14, ,0.0,0.0,0.0,0.0,0.0
BitRate blocking probability per pair,3,all,8,6, ,0.0,0.0,0.0,0.0,0.0
BitRate blocking probability per pair,3,all,21,11, ,0.0,0.0,0.0,0.0,0.0
BitRate blocking probability per pair,3,all,11,8, ,0.0,0.0,0.0,0.0,0.0
BitRate blocking probability per pair,3,all,21,19, ,0.0,0.0,0.0,0.0,0.0
BitRate blocking probability per pair,3,all,17,1, ,0.0,0.0,0.0,0.0,0.0
BitRate blocking probability per pair,3,all,11,22, ,0.0,0.0,0.0,0.0,0.0
BitRate blocking probability per pair,3,all,24,21, ,0.0,0.0,0.0,0.0,0.0
BitRate blocking probability per pair,3,all,19,22, ,0.0,0.0,0.0,0.0,0.0
BitRate blocking probability per pair,3,all,7,12, ,0.0,0.0,0.0,0.0,0.0
BitRate blocking probability per pair,3,all,7,22, ,0.0,0.0,0.0,0.0,0.0
BitRate blocking probability per pair,3,all,23,5, ,0.0,0.0,0.0,0.0,0.0
BitRate blocking probability per pair,3,all,21,17, ,0.0,0.0,0.0,0.0,0.0
BitRate blocking probability per pair,3,all,1,11, ,0.0,0.0,0.0,0.0,0.0
BitRate blocking probability per pair,3,all,18,12, ,0.0,0.0,0.0,0.0,0.0
BitRate blocking probability per pair,3,all,23,10, ,0.0,0.0,0.0,0.0,0.0
BitRate blocking probability per pair,3,all,18,7, ,0.0024375723435246374,0.0,0.0,0.0,0.0
BitRate blocking probability per pair,3,all,24,22, ,0.0,0.0,0.0,0.0,0.0
BitRate blocking probability per pair,3,all,21,2, ,0.0,0.0,0.0,0.0,0.0
BitRate blocking probability per pair,3,all,16,4, ,0.0,0.0,0.0,0.0,0.0
BitRate blocking probability per pair,3,all,10,9, ,0.0,0.0,0.0,0.0,0.0
BitRate blocking probability per pair,3,all,22,5, ,0.0,0.02812419702667951,0.0028635355725483104,0.0016585967761219161,0.0
BitRate blocking probability per pair,3,all,9,17, ,0.0,0.0,0.0,0.0,0.0
BitRate blocking probability per pair,3,all,8,20, ,0.0,0.0,0.0,0.0,0.0
BitRate blocking probability per pair,3,all,1,24, ,0.0,0.0,0.0,0.0,0.0
BitRate blocking probability per pair,3,all,2,14, ,0.0,0.0,0.0,0.0,0.0
BitRate blocking probability per pair,3,all,5,18, ,0.0,0.0,0.0,0.0,0.0
BitRate blocking probability per pair,3,all,8,9, ,0.0,0.0,0.0,0.0,0.0
BitRate blocking probability per pair,3,all,9,13, ,0.0,0.0,0.0,0.0,0.0
BitRate blocking probability per pair,3,all,24,13, ,0.0,0.0,0.0,0.0,0.0
BitRate blocking probability per pair,3,all,2,17, ,0.0,0.0,0.0,0.0,0.0
BitRate blocking probability per pair,3,all,20,1, ,0.0,0.0,0.0,0.0,0.0
BitRate blocking probability per pair,3,all,19,2, ,0.0,0.0,0.0,0.0,0.0
BitRate blocking probability per pair,3,all,4,3, ,0.0,0.0,0.0,0.0,0.0
BitRate blocking probability per pair,3,all,22,4, ,0.028320975371167696,0.0,0.008491450476751322,0.045154512664539195,0.004542921807658669
BitRate blocking probability per pair,3,all,5,4, ,0.0,0.0,0.0,0.0,0.0
BitRate blocking probability per pair,3,all,16,19, ,0.0,0.0,0.0,0.0,0.0
BitRate blocking probability per pair,3,all,12,6, ,0.0,0.0,0.0,0.0,0.0
BitRate blocking probability per pair,3,all,17,8, ,0.0,0.0,0.0,0.0,0.0
BitRate blocking probability per pair,3,all,12,9, ,0.0,0.0,0.0,0.0,0.0
BitRate blocking probability per pair,3,all,11,20, ,0.0,0.0,0.0,0.0,0.0
BitRate blocking probability per pair,3,all,15,12, ,0.0,0.0,0.0,0.0,0.0
BitRate blocking probability per pair,3,all,9,16, ,0.0,0.0,0.0,0.0,0.0
BitRate blocking probability per pair,3,all,7,15, ,0.0,0.0,0.0,0.0,0.0
BitRate blocking probability per pair,3,all,6,13, ,0.0,0.0,0.0,0.0,0.0
BitRate blocking probability per pair,3,all,19,18, ,0.0,0.0,0.0,0.0,0.0
BitRate blocking probability per pair,3,all,3,9, ,0.0,0.0,0.0,0.0,0.0
BitRate blocking probability per pair,3,all,21,18, ,0.0,0.0,0.0,0.0,0.0
BitRate blocking probability per pair,3,all,1,17, ,0.0,0.0,0.0,0.0,0.0
BitRate blocking probability per pair,3,all,8,24, ,0.0,0.0,0.0,0.0,0.0
BitRate blocking probability per pair,3,all,7,16, ,0.0,0.0,0.0,0.0,0.0
BitRate blocking probability per pair,3,all,15,21, ,0.0,0.0,0.0,0.0,0.0
BitRate blocking probability per pair,3,all,18,22, ,0.0,0.0,0.0,0.0,0.0
BitRate blocking probability per pair,3,all,14,2, ,0.0,0.0,0.0,0.0,0.0
BitRate blocking probability per pair,3,all,2,12, ,0.0,0.0,0.0,0.0,0.0
BitRate blocking probability per pair,3,all,12,8, ,0.0,0.0,0.0,0.0,0.0
BitRate blocking probability per pair,3,all,1,13, ,0.0,0.0,0.0,0.0,0.0
BitRate blocking probability per pair,3,all,8,18, ,0.0,0.0,0.0,0.0,0.0
BitRate blocking probability per pair,3,all,15,6, ,0.0,0.0,0.0,0.0,0.0
BitRate blocking probability per pair,3,all,6,20, ,0.021476186072425345,0.040326657956360625,0.009854318592457327,0.044635273406682524,0.0049896286550091835
BitRate blocking probability per pair,3,all,7,21, ,0.0,0.0,0.0,0.0,0.0
BitRate blocking probability per pair,3,all,9,3, ,0.0,0.0,0.0,0.0,0.0
BitRate blocking probability per pair,3,all,12,13, ,0.0,0.0,0.0,0.0,0.0
BitRate blocking probability per pair,3,all,8,22, ,0.0,0.0,0.0,0.0,0.0
BitRate blocking probability per pair,3,all,2,3, ,0.0,0.0,0.0,0.0,0.0
BitRate blocking probability per pair,3,all,14,18, ,0.0,0.0,0.0,0.0,0.0
BitRate blocking probability per pair,3,all,23,20, ,0.0,0.0,0.0,0.0,0.0
BitRate blocking probability per pair,3,all,4,20, ,0.00778876136996177,0.007640787426043797,0.005122306387801154,0.009289207359639305,0.06843421036477665
BitRate blocking probability per pair,3,all,4,24, ,0.0,0.0,0.0,0.0,0.0
BitRate blocking probability per pair,3,all,16,15, ,0.0,0.0,0.0,0.0,0.0
BitRate blocking probability per pair,3,all,24,16, ,0.0,0.0,0.0,0.0,0.0
BitRate blocking probability per pair,3,all,19,12, ,0.0,0.0,0.0,0.0,0.0
BitRate blocking probability per pair,3,all,6,15, ,0.0,0.0,0.0,0.0,0.0
BitRate blocking probability per pair,3,all,8,7, ,0.0,0.0,0.0,0.0,0.0
BitRate blocking probability per pair,3,all,2,20, ,0.0,0.0,0.00458378391972225,0.0,0.0
BitRate blocking probability per pair,3,all,11,9, ,0.0,0.0,0.0,0.0,0.0
BitRate blocking probability per pair,3,all,4,12, ,0.0,0.0,0.0,0.0,0.0
BitRate blocking probability per pair,3,all,13,23, ,0.0,0.0,0.0,0.0,0.0
BitRate blocking probability per pair,3,all,11,16, ,0.0,0.0,0.0,0.0,0.0
BitRate blocking probability per pair,3,all,3,11, ,0.0,0.0,0.0,0.0,0.0
BitRate blocking probability per pair,3,all,2,5, ,0.0,0.0,0.0,0.0,0.0
BitRate blocking probability per pair,3,all,3,24, ,0.0,0.0,0.0,0.0,0.0
BitRate blocking probability per pair,3,all,18,1, ,0.0,0.0,0.0,0.0,0.0
BitRate blocking probability per pair,3,all,10,2, ,0.0,0.0,0.0,0.0,0.0
BitRate blocking probability per pair,3,all,15,16, ,0.0,0.0,0.0,0.0,0.0
BitRate blocking probability per pair,3,all,20,17, ,0.0,0.0,0.0,0.0,0.0
BitRate blocking probability per pair,3,all,5,13, ,0.0,0.0,0.0,0.0,0.0
BitRate blocking probability per pair,3,all,24,15, ,0.0,0.0,0.0,0.0,0.0
BitRate blocking probability per pair,3,all,12,17, ,0.0,0.0,0.0,0.0,0.0
BitRate blocking probability per pair,3,all,20,2, ,0.0,0.0,0.0,0.0,0.0
BitRate blocking probability per pair,3,all,5,19, ,0.0,0.0,0.023178254270032037,0.0,0.0
BitRate blocking probability per pair,3,all,6,8, ,0.0,0.0,0.0,0.0,0.0
BitRate blocking probability per pair,3,all,4,10, ,0.0,0.0,0.0,0.0,0.0
BitRate blocking probability per pair,3,all,1,4, ,0.0,0.0,0.0,0.0,0.0
BitRate blocking probability per pair,3,all,12,23, ,0.0,0.0,0.0,0.0,0.0
BitRate blocking probability per pair,3,all,23,4, ,0.0,0.0,0.0,0.0,0.0
BitRate blocking probability per pair,3,all,12,20, ,0.0,0.0,0.0,0.0,0.0
BitRate blocking probability per pair,3,all,11,19, ,0.0,0.0,0.0,0.0,0.0
BitRate blocking probability per pair,3,all,2,11, ,0.0,0.0,0.0,0.0,0.0
BitRate blocking probability per pair,3,all,8,23, ,0.0,0.0,0.0,0.0,0.0
BitRate blocking probability per pair,3,all,10,14, ,0.0,0.0,0.0,0.0,0.0
BitRate blocking probability per pair,3,all,21,22, ,0.0,0.0,0.0,0.0,0.0
BitRate blocking probability per pair,3,all,9,11, ,0.0,0.0,0.0,0.0,0.0
BitRate blocking probability per pair,3,all,23,7, ,0.0,0.0,0.0,0.0,0.0
BitRate blocking probability per pair,3,all,24,18, ,0.0,0.0,0.0,0.0,0.0
BitRate blocking probability per pair,3,all,14,24, ,0.0,0.0,0.0,0.0,0.0
BitRate blocking probability per pair,3,all,6,4, ,0.0,0.0,0.0,0.0,0.0
BitRate blocking probability per pair,3,all,21,9, ,0.0,0.0,0.0,0.0,0.0
BitRate blocking probability per pair,3,all,15,1, ,0.0,0.0,0.0,0.0,0.0
BitRate blocking probability per pair,3,all,13,8, ,0.0,0.0,0.0,0.0,0.0
BitRate blocking probability per pair,3,all,13,12, ,0.0,0.0,0.0,0.0,0.0
BitRate blocking probability per pair,3,all,12,11, ,0.0,0.0,0.0,0.0,0.0
BitRate blocking probability per pair,3,all,23,16, ,0.0,0.0,0.0,0.0,0.0
BitRate blocking probability per pair,3,all,16,10, ,0.0,0.0,0.0,0.0,0.0
BitRate blocking probability per pair,3,all,14,4, ,0.0,0.0,0.0,0.0,0.0
BitRate blocking probability per pair,3,all,10,21, ,0.0,0.0,0.0,0.0,0.0
BitRate blocking probability per pair,3,all,1,16, ,0.0,0.0,0.0,0.0,0.0
BitRate blocking probability per pair,3,all,5,14, ,0.0,0.0,0.0,0.0,0.0
BitRate blocking probability per pair,3,all,14,3, ,0.0,0.0,0.0,0.0,0.0
BitRate blocking probability per pair,3,all,9,5, ,0.0,0.0,0.0,0.0,0.0
BitRate blocking probability per pair,3,all,11,23, ,0.0,0.0,0.0,0.0,0.0
BitRate blocking probability per pair,3,all,23,12, ,0.0,0.0,0.0,0.0,0.0
BitRate blocking probability per pair,3,all,18,4, ,0.0,0.01383987376932485,0.0,0.0,6.197825769156019E-4
BitRate blocking probability per pair,3,all,19,10, ,0.0,0.0,0.0,0.0,0.0
BitRate blocking probability per pair,3,all,14,19, ,0.0,0.0,0.0,0.0,0.0
BitRate blocking probability per pair,3,all,3,18, ,0.0,0.0,0.0,0.0,0.0
BitRate blocking probability per pair,3,all,1,21, ,0.0,0.0,0.0,0.0,0.0
BitRate blocking probability per pair,3,all,10,16, ,0.0,0.0,0.0,0.0,0.0
BitRate blocking probability per pair,3,all,24,9, ,0.0,0.0,0.0,0.0,0.0
BitRate blocking probability per pair,3,all,3,21, ,0.0,0.0,0.0,0.0,0.0
BitRate blocking probability per pair,3,all,12,24, ,0.0,0.0,0.0,0.0,0.0
BitRate blocking probability per pair,3,all,15,9, ,0.0,0.0,0.0,0.0,0.0
BitRate blocking probability per pair,3,all,18,14, ,0.0,0.0,0.0,0.0,0.0
BitRate blocking probability per pair,3,all,16,3, ,0.0,0.0,0.0,0.0,0.0
BitRate blocking probability per pair,3,all,15,5, ,0.0,0.0,0.0,0.0,0.0
BitRate blocking probability per pair,3,all,16,21, ,0.0,0.0,0.0,0.0,0.0
BitRate blocking probability per pair,3,all,8,17, ,0.0,0.0,0.0,0.0,0.0
BitRate blocking probability per pair,3,all,5,16, ,0.0,0.0,0.0,0.0,0.0
BitRate blocking probability per pair,3,all,21,4, ,0.0,0.0,0.0,0.0,0.0
BitRate blocking probability per pair,3,all,17,19, ,0.0,0.0,0.0,0.0,0.0
BitRate blocking probability per pair,3,all,16,12, ,0.0,0.0,0.0,0.0,0.0
BitRate blocking probability per pair,3,all,7,19, ,0.0,0.0,0.0,0.0,0.0
BitRate blocking probability per pair,3,all,8,19, ,0.0,0.0,0.0,0.0,0.0
BitRate blocking probability per pair,3,all,9,20, ,0.0,0.0,0.0,0.0,0.0
BitRate blocking probability per pair,3,all,13,10, ,0.0,0.0,0.0,0.0,0.0
BitRate blocking probability per pair,3,all,17,16, ,0.0,0.0,0.0,0.0,0.0
BitRate blocking probability per pair,3,all,5,7, ,0.0,0.0,0.0,0.0,0.0
BitRate blocking probability per pair,3,all,5,10, ,0.0,0.0,0.0,0.0,0.0
BitRate blocking probability per pair,3,all,22,14, ,0.0,0.0,0.0,0.0,0.0
BitRate blocking probability per pair,3,all,2,24, ,0.0,0.0,0.0,0.0,0.0
BitRate blocking probability per pair,3,all,11,15, ,0.0,0.0,0.0,0.0,0.0
BitRate blocking probability per pair,3,all,19,13, ,0.0,0.0,0.0,0.0,0.0
BitRate blocking probability per pair,3,all,9,14, ,0.0,0.0,0.0,0.0,0.0
BitRate blocking probability per pair,3,all,13,20, ,0.0,0.0,0.0,0.0,0.0
BitRate blocking probability per pair,3,all,20,15, ,0.0,0.0,0.0,0.0,0.0
BitRate blocking probability per pair,3,all,1,9, ,0.0,0.0,0.0,0.0,0.0
BitRate blocking probability per pair,3,all,4,16, ,0.0,0.0,0.0,0.0,0.0
BitRate blocking probability per pair,3,all,21,20, ,0.0,0.0,0.0,0.0,0.0
BitRate blocking probability per pair,3,all,6,18, ,0.007748856697616885,0.01667976552161996,0.0,0.0,0.0010516443651656358
BitRate blocking probability per pair,3,all,3,20, ,0.0,0.0,0.0,0.0,0.0
BitRate blocking probability per pair,3,all,21,10, ,0.0,0.0,0.0,0.0,0.0
BitRate blocking probability per pair,3,all,2,19, ,0.0,0.0,0.0,0.0,0.0
BitRate blocking probability per pair,3,all,7,17, ,0.0,0.0,0.0,0.0,0.0
BitRate blocking probability per pair,3,all,14,5, ,0.0,0.0,0.0,0.0,0.0
BitRate blocking probability per pair,3,all,7,13, ,0.0,0.0,0.0,0.0,0.0
BitRate blocking probability per pair,3,all,5,15, ,0.0,0.0,0.0,0.0,0.0
BitRate blocking probability per pair,3,all,18,8, ,0.0,0.0,0.0,0.0,0.0
BitRate blocking probability per pair,3,all,19,17, ,0.0,0.0,0.0,0.0,0.0
BitRate blocking probability per pair,3,all,19,21, ,0.0,0.0,0.0,0.0,0.0
BitRate blocking probability per pair,3,all,19,3, ,0.0,0.0,0.0,0.0,0.0
BitRate blocking probability per pair,3,all,13,19, ,0.0,0.0,0.0,0.0,0.0
BitRate blocking probability per pair,3,all,12,18, ,0.0,0.0,0.0,0.0,0.0
BitRate blocking probability per pair,3,all,13,3, ,0.0,0.0,0.0,0.0,0.0
BitRate blocking probability per pair,3,all,7,18, ,0.0,0.0,0.0,0.0,0.0
BitRate blocking probability per pair,3,all,17,12, ,0.0,0.0,0.0,0.0,0.0
BitRate blocking probability per pair,3,all,13,9, ,0.0,0.0,0.0,0.0,0.0
BitRate blocking probability per pair,3,all,6,22, ,0.09911551820320058,0.0032421758257795263,0.06469411333285353,0.0,0.03415579464287313
BitRate blocking probability per pair,3,all,1,15, ,0.0,0.0,0.0,0.0,0.0
BitRate blocking probability per pair,3,all,3,19, ,0.0,0.0,0.0,0.0,0.0
BitRate blocking probability per pair,3,all,12,4, ,0.0,0.0,0.0,0.0,0.0
BitRate blocking probability per pair,3,all,16,24, ,0.0,0.0,0.0,0.0,0.0
BitRate blocking probability per pair,3,all,6,10, ,0.0,0.0,0.0,0.0,0.0
BitRate blocking probability per pair,3,all,2,18, ,0.0,0.0,0.0,0.0,0.0
BitRate blocking probability per pair,3,all,18,21, ,0.0,0.0,0.0,0.0,0.0
BitRate blocking probability per pair,3,all,18,3, ,0.0,0.0,0.0,0.0,0.0
BitRate blocking probability per pair,3,all,15,18, ,0.0,0.0,0.0,0.0,0.0
BitRate blocking probability per pair,3,all,4,14, ,0.0,0.0,0.0,0.0,0.0
BitRate blocking probability per pair,3,all,7,20, ,0.0,0.0,0.0,0.0,0.0
BitRate blocking probability per pair,3,all,13,15, ,0.0,0.0,0.0,0.0,0.0
BitRate blocking probability per pair,3,all,13,21, ,0.0,0.0,0.0,0.0,0.0
BitRate blocking probability per pair,3,all,15,14, ,0.0,0.0,0.0,0.0,0.0
BitRate blocking probability per pair,3,all,3,15, ,0.0,0.0,0.0,0.0,0.0
BitRate blocking probability per pair,3,all,18,5, ,0.0,0.0,0.0,0.0,0.0
BitRate blocking probability per pair,3,all,12,1, ,0.0,0.0,0.0,0.0,0.0
BitRate blocking probability per pair,3,all,6,7, ,0.0,0.0,0.0,0.0,0.0
BitRate blocking probability per pair,3,all,24,3, ,0.0,0.0,0.0,0.0,0.0
BitRate blocking probability per pair,3,all,19,5, ,0.0,0.0,0.0,0.0,0.017931705241793768
BitRate blocking probability per pair,3,all,20,19, ,0.0,0.0,0.0,0.0,0.0
BitRate blocking probability per pair,3,all,5,17, ,0.006890435188864333,0.02284932320903232,0.007709291087169585,0.045910023509046716,0.039582469708426035
BitRate blocking probability per pair,3,all,20,12, ,0.0,0.0,0.0,0.0,0.0
BitRate blocking probability per pair,3,all,4,22, ,0.040265878049015214,1.8293140850211985E-4,0.004009726063722144,0.0740706763769208,0.0
BitRate blocking probability per pair,3,all,7,8, ,0.0,0.0,0.0,0.0,0.0
BitRate blocking probability per pair,3,all,14,1, ,0.0,0.0,0.0,0.0,0.0
BitRate blocking probability per pair,3,all,20,21, ,0.0,0.0,0.0,0.0,0.0
BitRate blocking probability per pair,3,all,1,6, ,0.0,0.0,0.0,0.0,0.0
BitRate blocking probability per pair,3,all,13,2, ,0.0,0.0,0.0,0.0,0.0
BitRate blocking probability per pair,3,all,14,20, ,0.0,0.0,0.0,0.0,0.0
BitRate blocking probability per pair,3,all,16,20, ,0.0,0.0,0.0,0.0,0.0
BitRate blocking probability per pair,3,all,18,15, ,0.0,0.0,0.0,0.0,0.0
BitRate blocking probability per pair,3,all,6,2, ,0.0,0.0,0.0,0.0,0.0
BitRate blocking probability per pair,3,all,9,15, ,0.0,0.0,0.0,0.0,0.0
BitRate blocking probability per pair,3,all,15,17, ,0.0,0.0,0.0,0.0,0.0
BitRate blocking probability per pair,3,all,18,2, ,0.0,0.0,0.0,0.0,0.0
BitRate blocking probability per pair,3,all,15,24, ,0.0,0.0,0.0,0.0,0.0
BitRate blocking probability per pair,3,all,7,10, ,0.0,0.0,0.0,0.0,0.0
BitRate blocking probability per pair,3,all,14,21, ,0.0,0.0,0.0,0.0,0.0
BitRate blocking probability per pair,3,all,23,15, ,0.0,0.0,0.0,0.0,0.0
BitRate blocking probability per pair,3,all,11,1, ,0.0,0.0,0.0,0.0,0.0
BitRate blocking probability per pair,3,all,19,20, ,0.0,0.0,0.0,0.0,0.0
BitRate blocking probability per pair,3,all,1,8, ,0.0,0.0,0.0,0.0,0.0
BitRate blocking probability per pair,3,all,16,1, ,0.0,0.0,0.0,0.0,0.0
BitRate blocking probability per pair,3,all,24,5, ,0.0,0.0,0.0,0.0,0.0
BitRate blocking probability per pair,3,all,2,4, ,0.0,0.0,0.0,0.0,0.0
BitRate blocking probability per pair,3,all,10,5, ,0.0,0.0,0.0,0.0,0.0
BitRate blocking probability per pair,3,all,21,7, ,0.0,0.0,0.0,0.0,0.0
BitRate blocking probability per pair,3,all,23,11, ,0.0,0.0,0.0,0.0,0.0
BitRate blocking probability per pair,3,all,19,6, ,0.0,0.0,0.006065103260773232,0.0,0.0
BitRate blocking probability per pair,3,all,10,17, ,0.0,0.0,0.0,0.0,0.0
BitRate blocking probability per pair,3,all,3,8, ,0.0,0.0,0.0,0.0,0.0
BitRate blocking probability per pair,3,all,3,23, ,0.0,0.0,0.0,0.0,0.0
BitRate blocking probability per pair,3,all,17,9, ,0.0,0.00711774940416663,0.0,0.0,0.0
BitRate blocking probability per pair,3,all,9,18, ,0.0,0.0,0.0,0.0,0.0
BitRate blocking probability per pair,3,all,1,3, ,0.0,0.0,0.0,0.0,0.0
BitRate blocking probability per pair,3,all,10,20, ,0.0,0.0,0.0,0.0,0.0
BitRate blocking probability per pair,3,all,21,6, ,0.0,0.0,0.0,0.0,0.0
BitRate blocking probability per pair,3,all,8,5, ,0.0,0.0,0.0,0.0,0.0
BitRate blocking probability per pair,3,all,9,8, ,0.0,0.0,0.0,0.0,0.0
BitRate blocking probability per pair,3,all,24,4, ,0.0,0.0,0.0,0.0,0.0
BitRate blocking probability per pair,3,all,1,12, ,0.0,0.0,0.0,0.0,0.0
BitRate blocking probability per pair,3,all,11,5, ,0.0,0.0,0.0,0.0,0.0
BitRate blocking probability per pair,3,all,22,7, ,0.0,0.0,0.0,0.0,0.0
BitRate blocking probability per pair,3,all,22,8, ,0.0,0.0,0.0,0.0,0.0
BitRate blocking probability per pair,3,all,20,22, ,0.0,0.0,0.0,0.0,0.0
BitRate blocking probability per pair,3,all,13,24, ,0.0,0.0,0.0,0.0,0.0
BitRate blocking probability per pair,3,all,1,7, ,0.0,0.0,0.0,0.0,0.0
BitRate blocking probability per pair,3,all,17,20, ,0.0,0.0,0.0,0.0,0.0
BitRate blocking probability per pair,3,all,16,18, ,0.0,0.0,0.0,0.0,0.0
BitRate blocking probability per pair,3,all,16,8, ,0.0,0.0,0.0,0.0,0.0
BitRate blocking probability per pair,3,all,12,15, ,0.0,0.0,0.0,0.0,0.0
BitRate blocking probability per pair,3,all,17,5, ,0.0,0.008366351181822159,0.0,0.0,5.435035451042393E-4
BitRate blocking probability per pair,3,all,23,14, ,0.0,0.0,0.0,0.0,0.0
BitRate blocking probability per pair,3,all,1,19, ,0.0,0.0,0.0,0.0,0.0
BitRate blocking probability per pair,3,all,17,7, ,0.0,0.0,0.0,0.0,0.0
BitRate blocking probability per pair,3,all,18,9, ,0.0,0.0,0.0,0.0,0.0
BitRate blocking probability per pair,3,all,18,23, ,0.0,0.0,0.0,0.0,0.0
BitRate blocking probability per pair,3,all,13,22, ,0.0,0.0,0.0,0.0,0.0
BitRate blocking probability per pair,3,all,7,6, ,0.0,0.0,0.0,0.0,0.0
BitRate blocking probability per pair,3,all,9,23, ,0.0,0.0,0.0,0.0,0.0
BitRate blocking probability per pair,3,all,13,6, ,0.0,0.0,0.0,0.0,0.0
BitRate blocking probability per pair,3,all,15,8, ,0.0,0.0,0.0,0.0,0.0
BitRate blocking probability per pair,3,all,13,14, ,0.0,0.0,0.0,0.0,0.0
BitRate blocking probability per pair,3,all,20,3, ,0.0,0.0,0.0,0.0,0.0
BitRate blocking probability per pair,3,all,21,16, ,0.0,0.0,0.0,0.0,0.0
BitRate blocking probability per pair,3,all,3,16, ,0.0,0.0,0.0,0.0,0.0
BitRate blocking probability per pair,3,all,22,13, ,0.0,0.0,0.0,0.0,0.0
BitRate blocking probability per pair,3,all,3,14, ,0.0,0.0,0.0,0.0,0.0
BitRate blocking probability per pair,3,all,3,7, ,0.0,0.0,0.0,0.0,0.0
BitRate blocking probability per pair,3,all,10,22, ,0.0,0.0,0.0,0.0,0.0
BitRate blocking probability per pair,3,all,8,10, ,0.0,0.0,0.0,0.0,0.0
BitRate blocking probability per pair,3,all,22,6, ,0.01634340943528627,0.008496736398472033,0.005512767078617731,0.05896343258323011,0.0
BitRate blocking probability per pair,3,all,5,2, ,0.0,0.0,0.0,0.0,0.0
BitRate blocking probability per pair,3,all,13,5, ,0.0,0.0,0.0,0.0,0.0
BitRate blocking probability per pair,3,all,23,8, ,0.0,0.0,0.0,0.0,0.0
BitRate blocking probability per pair,3,all,13,11, ,0.0,0.0,0.0,0.0,0.0
BitRate blocking probability per pair,3,all,13,7, ,0.0,0.0,0.0,0.0,0.0
BitRate blocking probability per pair,3,all,3,13, ,0.0,0.0,0.0,0.0,0.0
BitRate blocking probability per pair,3,all,10,12, ,0.0,0.0,0.0,0.0,0.0
BitRate blocking probability per pair,3,all,24,11, ,0.0,0.0,0.0,0.0,0.0
BitRate blocking probability per pair,3,all,9,7, ,0.0,0.0,0.0,0.0,0.0
BitRate blocking probability per pair,3,all,24,12, ,0.0,0.0,0.0,0.0,0.0
BitRate blocking probability per pair,3,all,15,3, ,0.0,0.0,0.0,0.0,0.0
BitRate blocking probability per pair,3,all,22,11, ,0.0,0.0,0.0,0.0,0.0
BitRate blocking probability per pair,3,all,18,19, ,0.0,0.0,0.0,0.0,0.0
BitRate blocking probability per pair,3,all,16,7, ,0.0,0.0,0.0,0.0,0.0
BitRate blocking probability per pair,3,all,5,24, ,0.0,0.0,0.0,0.0,0.0
BitRate blocking probability per pair,3,all,10,19, ,0.0,0.0,0.0,0.0,0.0
BitRate blocking probability per pair,3,all,23,13, ,0.0,0.0,0.0,0.0,0.0
BitRate blocking probability per pair,3,all,12,3, ,0.0,0.0,0.0,0.0,0.0
BitRate blocking probability per pair,3,all,9,10, ,0.0,0.0,0.0,0.0,0.0
BitRate blocking probability per pair,3,all,4,18, ,0.02411449777695488,0.008253591863269854,0.0,0.0,0.01500883746775475
BitRate blocking probability per pair,3,all,4,19, ,0.017613422969763277,0.007193066474339468,0.011589575588869618,0.03224857006769869,0.006559301172713378
BitRate blocking probability per pair,3,all,17,15, ,0.0,0.0,0.0,0.0,0.0
BitRate blocking probability per pair,3,all,2,22, ,1.4681447858854674E-4,0.0,0.009973075645008538,0.0,0.0
BitRate blocking probability per pair,3,all,11,17, ,0.0,0.0,0.0,0.0,0.0
BitRate blocking probability per pair,3,all,18,13, ,0.0,0.0,0.0,0.0,0.0
BitRate blocking probability per pair,3,all,24,10, ,0.0,0.0,0.0,0.0,0.0
BitRate blocking probability per pair,3,all,11,13, ,0.0,0.0,0.0,0.0,0.0
BitRate blocking probability per pair,3,all,12,22, ,0.0,0.0,0.0,0.0,0.0
BitRate blocking probability per pair,3,all,20,23, ,0.0,0.0,0.0,0.0,0.0
BitRate blocking probability per pair,3,all,4,7, ,0.0,0.0,0.0,0.0,0.0
BitRate blocking probability per pair,3,all,9,12, ,0.0,0.0,0.0,0.0,0.0
BitRate blocking probability per pair,3,all,4,13, ,0.0,0.0,0.0,0.0,0.0
BitRate blocking probability per pair,3,all,20,13, ,0.0,0.0,0.0,0.0,0.0
BitRate blocking probability per pair,3,all,10,3, ,0.0,0.0,0.0,0.0,0.0
BitRate blocking probability per pair,3,all,21,3, ,0.0,0.0,0.0,0.0,0.0
BitRate blocking probability per pair,3,all,7,9, ,0.0,0.0,0.0,0.0,0.0
BitRate blocking probability per pair,3,all,12,19, ,0.0,0.0,0.0,0.0,0.0
BitRate blocking probability per pair,3,all,19,16, ,0.0,0.0,0.0,0.0,0.0
BitRate blocking probability per pair,3,all,20,11, ,0.0,0.0,0.0,0.0,0.0
BitRate blocking probability per pair,3,all,22,9, ,0.0,0.0,0.0022011772527688045,0.0,0.0
BitRate blocking probability per pair,3,all,7,11, ,0.0,0.0,0.0,0.0,0.0
BitRate blocking probability per pair,3,all,6,1, ,0.0,0.0,0.0,0.0,0.0
BitRate blocking probability per pair,3,all,6,14, ,0.0,0.0,0.0,0.0,0.0
BitRate blocking probability per pair,3,all,21,1, ,0.0,0.0,0.0,0.0,0.0
BitRate blocking probability per pair,3,all,4,23, ,0.0,0.0,0.0,0.0,0.0
BitRate blocking probability per pair,3,all,1,5, ,0.0,0.0,0.0,0.0,0.0
BitRate blocking probability per pair,3,all,3,22, ,0.042969591447428825,0.0,0.0,0.0,0.0
BitRate blocking probability per pair,3,all,5,23, ,0.0,0.0,0.0,0.0,0.0
BitRate blocking probability per pair,3,all,14,9, ,0.0,0.0,0.0,0.0,0.0
BitRate blocking probability per pair,3,all,23,6, ,0.0,0.0,0.0,0.0,0.0
BitRate blocking probability per pair,3,all,6,19, ,0.025598242876933883,0.006882879916848742,0.03394727901575579,0.028364459413737064,0.03720293823457345
BitRate blocking probability per pair,3,all,14,13, ,0.0,0.0,0.0,0.0,0.0
BitRate blocking probability per pair,3,all,14,11, ,0.0,0.0,0.0,0.0,0.0
BitRate blocking probability per pair,3,all,12,21, ,0.0,0.0,0.0,0.0,0.0
BitRate blocking probability per pair,3,all,2,8, ,0.0,0.0,0.0,0.0,0.0
BitRate blocking probability per pair,3,all,16,13, ,0.0,0.0,0.0,0.0,0.0
BitRate blocking probability per pair,3,all,20,18, ,0.0,0.0,0.0,0.0,0.0
BitRate blocking probability per pair,3,all,6,9, ,0.0,0.0,0.0,0.0,0.0
BitRate blocking probability per pair,3,all,6,23, ,0.0,0.0,0.0,0.0,0.0
BitRate blocking probability per pair,3,all,10,4, ,0.0,0.0,0.0,0.0,0.0
BitRate blocking probability per pair,3,all,17,23, ,0.0,0.0,0.0,0.0,0.0
BitRate blocking probability per pair,3,all,17,18, ,0.0,0.0,0.0,0.0,0.0
BitRate blocking probability per pair,3,all,14,12, ,0.0,0.0,0.0,0.0,0.0
BitRate blocking probability per pair,3,all,14,17, ,0.0,0.0,0.0,0.0,0.0
BitRate blocking probability per pair,3,all,19,7, ,0.0,0.0,0.0,0.0,0.0
BitRate blocking probability per pair,3,all,7,24, ,0.0,0.0,0.0,0.0,0.0
BitRate blocking probability per pair,3,all,11,18, ,0.0,0.0,0.0,0.0,0.0
BitRate blocking probability per pair,3,all,11,10, ,0.0,0.0,0.0,0.0,0.0
BitRate blocking probability per pair,3,all,14,22, ,0.0,0.0,0.0,0.0,0.0
BitRate blocking probability per pair,3,all,4,9, ,0.0,0.0,0.0,0.0,0.0
BitRate blocking probability per pair,3,all,22,21, ,0.0,0.0,0.0,0.0,0.0
BitRate blocking probability per pair,3,all,22,24, ,0.0,0.0,0.0,0.0,0.0
BitRate blocking probability per pair,3,all,8,15, ,0.0,0.0,0.0,0.0,0.0
BitRate blocking probability per pair,3,all,12,5, ,0.0,0.0,0.0,0.0,0.0
BitRate blocking probability per pair,3,all,7,23, ,0.0,0.0,0.0,0.0,0.0
BitRate blocking probability per pair,3,all,24,14, ,0.0,0.0,0.0,0.0,0.0
BitRate blocking probability per pair,3,all,1,2, ,0.0,0.0,0.0,0.0,0.0
BitRate blocking probability per pair,3,all,15,22, ,0.0,0.0,0.0,0.0,0.0
BitRate blocking probability per pair,3,all,19,14, ,0.0,0.0,0.0,0.0,0.0
BitRate blocking probability per pair,3,all,21,23, ,0.0,0.0,0.0,0.0,0.0
BitRate blocking probability per pair,3,all,8,1, ,0.0,0.0,0.0,0.0,0.0
BitRate blocking probability per pair,3,all,18,10, ,0.0,0.0,0.0,0.0,0.0
BitRate blocking probability per pair,3,all,17,3, ,0.0,0.0,0.0,0.0,0.0
BitRate blocking probability per pair,3,all,5,9, ,0.0,0.0,0.0,0.0,0.0
BitRate blocking probability per pair,3,all,19,8, ,0.0,0.0,0.0,0.0,0.0
BitRate blocking probability per pair,3,all,4,21, ,0.0,0.0,0.0,0.0,0.0
BitRate blocking probability per pair,3,all,8,16, ,0.0,0.0,0.0,0.0,0.0
BitRate blocking probability per pair,3,all,5,12, ,0.0,0.0,0.0,0.0,0.0
BitRate blocking probability per pair,3,all,6,16, ,0.0,0.0,0.0,0.0,0.0
BitRate blocking probability per pair,3,all,20,10, ,0.0,0.0,0.0,0.0,0.0
BitRate blocking probability per pair,3,all,2,15, ,0.0,0.0,0.0,0.0,0.0
BitRate blocking probability per pair,3,all,20,6, ,0.0,0.020773379234195873,0.024471474410535498,0.06511397867806437,0.01700015552293633
BitRate blocking probability per pair,3,all,21,13, ,0.0,0.0,0.0,0.0,0.0
BitRate blocking probability per pair,3,all,6,21, ,0.0,0.0,0.0,0.0,0.0
BitRate blocking probability per pair,3,all,18,16, ,0.0,0.0,0.0,0.0,0.0
BitRate blocking probability per pair,3,all,5,21, ,0.0,0.0,0.0,0.0,0.0
BitRate blocking probability per pair,3,all,15,11, ,0.0,0.0,0.0,0.0,0.0
BitRate blocking probability per pair,3,all,8,12, ,0.0,0.0,0.0,0.0,0.0
BitRate blocking probability per pair,3,all,19,1, ,0.0,0.0,0.0,0.0,0.0
BitRate blocking probability per pair,3,all,21,14, ,0.0,0.0,0.0,0.0,0.0
BitRate blocking probability per pair,3,all,2,13, ,0.0,0.0,0.0,0.0,0.0
BitRate blocking probability per pair,3,all,17,6, ,0.010943073807841113,0.002139645236514478,0.01687621029358621,0.003053305376282097,0.0027651209331021756
BitRate blocking probability per pair,3,all,24,1, ,0.0,0.0,0.0,0.0,0.0
BitRate blocking probability per pair,3,all,8,3, ,0.0,0.0,0.0,0.0,0.0
BitRate blocking probability per pair,3,all,1,22, ,0.016474616273224378,0.0,0.0,2.1122258607407518E-4,0.0
BitRate blocking probability per pair,3,all,23,3, ,0.0,0.0,0.0,0.0,0.0
BitRate blocking probability per pair,3,all,2,1, ,0.0,0.0,0.0,0.0,0.0
BitRate blocking probability per pair,3,all,15,23, ,0.0,0.0,0.0,0.0,0.0
BitRate blocking probability per pair,3,all,19,15, ,0.0,0.0,0.0,0.0,0.0
BitRate blocking probability per pair,3,all,2,23, ,0.0,0.0,0.0,0.0,0.0
BitRate blocking probability per pair,3,all,13,17, ,0.0,0.0,0.0,0.0,0.0
BitRate blocking probability per pair,3,all,1,10, ,0.0,0.0,0.0,0.0,0.0
BitRate blocking probability per pair,3,all,5,22, ,0.0,0.0,0.01403501797221332,0.0,9.542269804593309E-4
BitRate blocking probability per pair,3,all,18,24, ,0.0,0.0,0.0,0.0,0.0
BitRate blocking probability per pair,3,all,19,23, ,0.0,0.0,0.0,0.0,0.0
BitRate blocking probability per pair,3,all,20,8, ,0.0,0.0,0.0,0.0,0.0
BitRate blocking probability per pair,3,all,10,6, ,0.0,0.0,0.0,0.0,0.0
BitRate blocking probability per pair,3,all,2,6, ,0.0,0.0,0.0,0.0,0.0
BitRate blocking probability per pair,3,all,16,14, ,0.0,0.0,0.0,0.0,0.0
BitRate blocking probability per pair,3,all,24,19, ,0.0,0.0,0.0,0.0,0.0
BitRate blocking probability per pair,3,all,23,19, ,0.0,0.0,0.0,0.0,0.0
BitRate blocking probability per pair,3,all,12,2, ,0.0,0.0,0.0,0.0,0.0
BitRate blocking probability per pair,3,all,23,1, ,0.0,0.0,0.0,0.0,0.0
BitRate blocking probability per pair,3,all,15,7, ,0.0,0.0,0.0,0.0,0.0
BitRate blocking probability per pair,3,all,22,12, ,0.0,0.0,0.0,0.0,0.0
BitRate blocking probability per pair,3,all,3,6, ,0.0,0.0,0.0,0.0,0.0
BitRate blocking probability per pair,3,all,4,2, ,0.0,0.0,0.0,0.0,0.0
BitRate blocking probability per pair,3,all,13,1, ,0.0,0.0,0.0,0.0,0.0
BitRate blocking probability per pair,3,all,6,5, ,0.0,0.0,0.0,0.0,0.0
BitRate blocking probability per pair,3,all,16,22, ,0.0,0.0,0.0,0.0,0.0
BitRate blocking probability per pair,3,all,7,5, ,0.0,0.0,0.0,0.0,0.0
BitRate blocking probability per pair,3,all,6,24, ,0.0,0.0,0.0,0.0,0.0
BitRate blocking probability per pair,3,all,18,17, ,0.0,0.0,0.0,0.0,0.0
BitRate blocking probability per pair,3,all,22,3, ,0.0,0.0,0.0,0.0,0.0
BitRate blocking probability per pair,3,all,13,4, ,0.0,0.0,0.0,0.0,0.0
BitRate blocking probability per pair,3,all,16,5, ,0.0,0.0,0.0,0.0,0.0
BitRate blocking probability per pair,3,all,18,11, ,0.0,0.0,0.0,0.0,0.0
BitRate blocking probability per pair,3,all,6,11, ,0.0,0.0,0.0,0.0,0.0
BitRate blocking probability per pair,3,all,17,13, ,0.0,0.0,0.0,0.0,0.0
BitRate blocking probability per pair,3,all,7,3, ,0.0,0.0,0.0,0.0,0.0
BitRate blocking probability per pair,3,all,22,23, ,0.0,0.0,0.0,0.0,0.0
BitRate blocking probability per pair,3,all,10,13, ,0.0,0.0,0.0,0.0,0.0
BitRate blocking probability per pair,3,all,14,7, ,0.0,0.0,0.0,0.0,0.0
BitRate blocking probability per pair,3,all,20,16, ,0.0,0.0,0.0,0.0,0.0
BitRate blocking probability per pair,3,all,14,8, ,0.0,0.0,0.0,0.0,0.0
BitRate blocking probability per pair,3,all,7,4, ,0.0,0.0,0.0,0.0,0.0
BitRate blocking probability per pair,3,all,8,14, ,0.0,0.0,0.0,0.0,0.0
BitRate blocking probability per pair,3,all,3,12, ,0.0,0.0,0.0,0.0,0.0
BitRate blocking probability per pair,3,all,7,2, ,0.0,0.0,0.0,0.0,0.0
BitRate blocking probability per pair,3,all,10,11, ,0.0,0.0,0.0,0.0,0.0
BitRate blocking probability per pair,3,all,11,14, ,0.0,0.0,0.0,0.0,0.0
BitRate blocking probability per pair,3,all,20,24, ,0.0,0.0,0.0,0.0,0.0
BitRate blocking probability per pair,3,all,20,4, ,0.0,0.002953883576404769,0.002887129620589738,0.004144342394899624,0.008528757351119734
BitRate blocking probability per pair,3,all,23,2, ,0.0,0.0,0.0,0.0,0.0
BitRate blocking probability per pair,3,all,22,2, ,0.0,0.0,0.0,0.0,0.0
BitRate blocking probability per pair,3,all,22,19, ,0.0,0.0,0.0,0.0,0.0
BitRate blocking probability per pair,3,all,24,23, ,0.0,0.0,0.0,0.0,0.0
BitRate blocking probability per pair,3,all,6,17, ,0.018043215669970542,0.027805881115283666,0.024324516569641765,0.01116363196369837,0.011740375471569336
BitRate blocking probability per pair,3,all,4,15, ,0.0,0.0,0.0,0.0,0.0
BitRate blocking probability per pair,3,all,20,7, ,0.0,0.0,0.0,0.0,0.0
BitRate blocking probability per pair,3,all,10,8, ,0.0,0.0,0.0,0.0,0.0
BitRate blocking probability per pair,3,all,10,24, ,0.0,0.0,0.0,0.0,0.0
BitRate blocking probability per pair,3,all,12,16, ,0.0,0.0,0.0,0.0,0.0
BitRate blocking probability per pair,3,all,8,13, ,0.0,0.0,0.0,0.0,0.0
BitRate blocking probability per pair,3,all,11,4, ,0.0,0.0,0.0,0.0,0.0
BitRate blocking probability per pair,3,all,22,17, ,0.0,0.0,0.0,0.0,0.0
BitRate blocking probability per pair,3,all,4,1, ,0.0,0.0,0.0,0.0,0.0
BitRate blocking probability per pair,3,all,14,6, ,0.0,0.0,0.0,0.0,0.0
BitRate blocking probability per pair,3,all,14,10, ,0.0,0.0,0.0,0.0,0.0
BitRate blocking probability per pair,3,all,24,6, ,0.0,0.0,0.0,0.0,0.0
BitRate blocking probability per pair,3,all,15,2, ,0.0,0.0,0.0,0.0,0.0
BitRate blocking probability per pair,3,all,22,10, ,0.0,0.0,0.0,0.0,0.0
BitRate blocking probability per pair,3,all,4,17, ,0.015002297349743213,0.0,0.0,0.027435505273055952,0.029254038153299654
BitRate blocking probability per pair,3,all,17,2, ,0.0,0.0,0.0,0.0,0.0
BitRate blocking probability per pair,3,all,18,20, ,0.0,0.0,0.0,0.0,0.0
BitRate blocking probability per pair,3,all,17,21, ,0.0,0.0,0.0,0.0,0.0
BitRate blocking probability per pair,3,all,18,6, ,0.023098535879112057,0.0,0.0,0.0066763978287332285,0.0
BitRate blocking probability per pair,3,all,10,15, ,0.0,0.0,0.0,0.0,0.0
BitRate blocking probability per pair,3,all,4,11, ,0.0,0.0,0.0,0.0,0.0
BitRate blocking probability per pair,3,all,2,21, ,0.0,0.0,0.0,0.0,0.0
BitRate blocking probability per pair,3,all,19,9, ,0.0,0.0,0.0,0.0,0.0
BitRate blocking probability per pair,3,all,5,8, ,0.0,0.0,0.0,0.0,0.0
BitRate blocking probability per pair,3,all,5,3, ,0.0,0.0,0.0,0.0,0.0
BitRate blocking probability per pair,3,all,11,6, ,0.0,0.0,0.0,0.0,0.0
BitRate blocking probability per pair,3,all,8,2, ,0.0,0.0,0.0,0.0,0.0
BitRate blocking probability per pair,3,all,9,24, ,0.0,0.0,0.0,0.0,0.0
BitRate blocking probability per pair,3,all,16,23, ,0.0,0.0,0.0,0.0,0.0
BitRate blocking probability per pair,3,all,2,16, ,0.0,0.0,0.0,0.0,0.0
BitRate blocking probability per pair,3,all,16,17, ,0.0,0.0,0.0,0.0,0.0
BitRate blocking probability per pair,3,all,23,18, ,0.0,0.0,0.0,0.0,0.0
BitRate blocking probability per pair,3,all,7,1, ,0.0,0.0,0.0,0.0,0.0
BitRate blocking probability per pair,3,all,11,24, ,0.0,0.0,0.0,0.0,0.0
BitRate blocking probability per pair,3,all,2,10, ,0.0,0.0,0.0,0.0,0.0
BitRate blocking probability per pair,3,all,4,6, ,0.0,0.0,0.0,0.0,0.0
BitRate blocking probability per pair,3,all,15,13, ,0.0,0.0,0.0,0.0,0.0
BitRate blocking probability per pair,3,all,21,12, ,0.0,0.0,0.0,0.0,0.0
BitRate blocking probability per pair,3,all,5,6, ,0.0,0.0,0.0,0.0,0.0
BitRate blocking probability per pair,3,all,10,18, ,0.0,0.0,0.0,0.0,0.0
BitRate blocking probability per pair,3,all,14,23, ,0.0,0.0,0.0,0.0,0.0
BitRate blocking probability per pair,3,all,21,8, ,0.0,0.0,0.0,0.0,0.0
BitRate blocking probability per pair,3,all,11,3, ,0.0,0.0,0.0,0.0,0.0
BitRate blocking probability per pair,3,all,13,16, ,0.0,0.0,0.0,0.0,0.0
BitRate blocking probability per pair,3,all,22,16, ,0.0,0.0,0.0,0.0,0.0
BitRate blocking probability per pair,3,all,21,5, ,0.0,0.0,0.0,0.0,0.0
BitRate blocking probability per pair,3,all,23,24, ,0.0,0.0,0.0,0.0,0.0
BitRate blocking probability per pair,3,all,9,6, ,0.0,0.0,0.0,0.0,0.0
BitRate blocking probability per pair,3,all,20,9, ,0.0,0.0,0.010584148060890065,0.0,0.0
BitRate blocking probability per pair,3,all,16,6, ,0.0,0.0,0.0,0.0,0.0
BitRate blocking probability per pair,3,all,15,4, ,0.0,0.0,0.0,0.0,0.0
BitRate blocking probability per pair,3,all,3,4, ,0.0,0.0,0.0,0.0,0.0
BitRate blocking probability per pair,3,all,17,10, ,0.0,0.0,0.0,0.0,0.0
BitRate blocking probability per pair,3,all,12,10, ,0.0,0.0,0.0,0.0,0.0
BitRate blocking probability per pair,3,all,12,7, ,0.0,0.0,0.0,0.0,0.0
BitRate blocking probability per pair,3,all,3,17, ,0.0,0.0,0.0,0.0,0.0
BitRate blocking probability per pair,4,all,11,2, ,0.0,0.0,0.0,0.0,0.0
BitRate blocking probability per pair,4,all,1,23, ,0.0,0.0,0.0,0.0,0.0
BitRate blocking probability per pair,4,all,2,9, ,0.0,0.0,0.0,0.0,0.0
BitRate blocking probability per pair,4,all,1,20, ,0.0,0.0,0.03345615689202018,0.003009781741612898,0.0
BitRate blocking probability per pair,4,all,17,24, ,0.0,0.0,0.0,0.0,0.0
BitRate blocking probability per pair,4,all,21,15, ,0.0,0.0,0.0,0.0,0.0
BitRate blocking probability per pair,4,all,19,11, ,0.0,0.0,0.0,0.0,0.0
BitRate blocking probability per pair,4,all,3,1, ,0.0,0.0,0.0,0.0,0.0
BitRate blocking probability per pair,4,all,24,2, ,0.0,0.0,0.0,0.0,0.0
BitRate blocking probability per pair,4,all,23,22, ,0.0,0.0,0.0,0.0,0.0
BitRate blocking probability per pair,4,all,17,22, ,0.0,0.0,0.0,0.0,0.0
BitRate blocking probability per pair,4,all,15,20, ,0.0,0.0,0.0,0.0,0.0
BitRate blocking probability per pair,4,all,2,7, ,0.0,0.0,0.0,0.0,0.0
BitRate blocking probability per pair,4,all,10,1, ,0.0,0.0,0.0,0.0,0.0
BitRate blocking probability per pair,4,all,14,16, ,0.0,0.0,0.0,0.0,0.0
BitRate blocking probability per pair,4,all,13,18, ,0.0,0.0,0.0,0.0,0.0
BitRate blocking probability per pair,4,all,11,7, ,0.0,0.0,0.0,0.0,0.0
BitRate blocking probability per pair,4,all,15,10, ,0.0,0.0,0.0,0.0,0.0
BitRate blocking probability per pair,4,all,17,4, ,0.1996462334548062,0.04655161025308021,0.13312986150868766,0.19704994774719625,0.07261309090791633
BitRate blocking probability per pair,4,all,15,19, ,0.0,0.0,0.0,0.0,0.0
BitRate blocking probability per pair,4,all,9,22, ,0.0,0.0,0.0,0.0,9.273140995520309E-5
BitRate blocking probability per pair,4,all,9,19, ,0.0,0.0,0.0,3.9795458501958495E-5,0.0
BitRate blocking probability per pair,4,all,24,7, ,0.0,0.0,0.0,0.0,0.0
BitRate blocking probability per pair,4,all,1,18, ,0.0,0.0,0.0,0.0,0.0
BitRate blocking probability per pair,4,all,19,4, ,0.09326820689141747,0.0765957280454894,0.1202321547559355,0.0985526818285938,0.1215206530575172
BitRate blocking probability per pair,4,all,5,1, ,0.0,0.0,0.0,0.0,0.0
BitRate blocking probability per pair,4,all,5,20, ,0.02941349816643632,0.08031615222643938,0.03976485331228288,0.0664204065211799,0.11245184457254043
BitRate blocking probability per pair,4,all,21,24, ,0.0,0.0,0.0,0.0,0.0
BitRate blocking probability per pair,4,all,9,1, ,0.0,0.0,0.0,0.0,0.0
BitRate blocking probability per pair,4,all,9,21, ,0.0,0.0,0.0,0.0,0.0
BitRate blocking probability per pair,4,all,14,15, ,0.0,0.0,0.0,0.0,0.0
BitRate blocking probability per pair,4,all,8,4, ,0.0,0.0,0.0,0.0,0.0
BitRate blocking probability per pair,4,all,8,21, ,0.0,0.0,0.0,0.0,0.0
BitRate blocking probability per pair,4,all,6,3, ,0.0,0.0,0.0,0.0,0.0
BitRate blocking probability per pair,4,all,9,2, ,0.0,0.0,0.0,0.0,0.0
BitRate blocking probability per pair,4,all,16,2, ,0.0,0.0,0.0,0.0,0.0
BitRate blocking probability per pair,4,all,9,4, ,0.0,0.0,0.0,0.0,0.0
BitRate blocking probability per pair,4,all,23,21, ,0.0,0.0,0.0,0.0,0.0
BitRate blocking probability per pair,4,all,19,24, ,0.0,0.0,0.0,0.0,0.0
BitRate blocking probability per pair,4,all,22,15, ,0.0,0.0,0.0,0.0,0.0
BitRate blocking probability per pair,4,all,23,17, ,0.0,0.0,0.0,0.0,0.0
BitRate blocking probability per pair,4,all,8,11, ,0.0,0.0,0.0,0.0,0.0
BitRate blocking probability per pair,4,all,24,17, ,0.0,0.0,0.0,0.0,0.0
BitRate blocking probability per pair,4,all,22,18, ,0.0,0.0,0.0,0.0,0.0
BitRate blocking probability per pair,4,all,5,11, ,0.0,0.0,0.0,0.0,0.0
BitRate blocking probability per pair,4,all,4,8, ,0.0,0.0,0.0,0.0,0.0
BitRate blocking probability per pair,4,all,23,9, ,0.0,0.0,0.0,0.0,0.0
BitRate blocking probability per pair,4,all,6,12, ,0.0,0.0,0.004152187856034872,0.008578208701073183,0.0046281170287740475
BitRate blocking probability per pair,4,all,4,5, ,0.0,0.0,0.0,0.0,0.0
BitRate blocking probability per pair,4,all,16,9, ,0.0,0.0,0.0,0.0,0.0
BitRate blocking probability per pair,4,all,16,11, ,0.0,0.0,0.0,0.0,0.0
BitRate blocking probability per pair,4,all,24,20, ,0.0,0.0,0.0,0.0,0.0
BitRate blocking probability per pair,4,all,12,14, ,0.0,0.0,0.0,0.0,0.0
BitRate blocking probability per pair,4,all,20,5, ,0.09573593646480621,0.08091555935095092,0.03582404085423289,0.08257831901088594,0.06122068842400762
BitRate blocking probability per pair,4,all,11,12, ,0.0,0.0,0.0,0.0,0.0
BitRate blocking probability per pair,4,all,7,14, ,0.0,0.0,0.0,0.0,0.0
BitRate blocking probability per pair,4,all,10,23, ,0.0,0.0,0.0,0.0,0.0
BitRate blocking probability per pair,4,all,22,20, ,0.0,0.0,0.0,0.0,0.0
BitRate blocking probability per pair,4,all,17,11, ,0.0,0.0,0.0,0.0,0.0
BitRate blocking probability per pair,4,all,3,10, ,0.0,0.0,0.0,0.0,0.0
BitRate blocking probability per pair,4,all,17,14, ,0.0,0.0,0.0,0.0,0.0
BitRate blocking probability per pair,4,all,10,7, ,0.0,0.0,0.0,0.0,0.0
BitRate blocking probability per pair,4,all,3,2, ,0.0,0.0,0.0,0.0,0.0
BitRate blocking probability per pair,4,all,3,5, ,0.0,0.0,0.0,0.0,0.0
BitRate blocking probability per pair,4,all,22,1, ,0.0,0.0,0.0,0.0,0.0
BitRate blocking probability per pair,4,all,1,14, ,0.0,0.0,0.0,0.0,0.0
BitRate blocking probability per pair,4,all,24,8, ,0.0,0.0,0.0,0.0,0.0
BitRate blocking probability per pair,4,all,11,21, ,0.0,0.0,0.0,0.0,0.0
BitRate blocking probability per pair,4,all,20,14, ,0.0,0.0,0.0,0.0,0.0
BitRate blocking probability per pair,4,all,8,6, ,0.0,0.0,0.0,0.0,0.0
BitRate blocking probability per pair,4,all,21,11, ,0.0,0.0,0.0,0.0,0.0
BitRate blocking probability per pair,4,all,11,8, ,0.0,0.0,0.0,0.0,0.0
BitRate blocking probability per pair,4,all,21,19, ,0.0,0.0,0.0,0.0,0.0
BitRate blocking probability per pair,4,all,17,1, ,0.0,0.0,0.0,0.0,0.0
BitRate blocking probability per pair,4,all,11,22, ,0.0,0.0,0.0,0.0,0.0
BitRate blocking probability per pair,4,all,24,21, ,0.0,0.0,0.0,0.0,0.0
BitRate blocking probability per pair,4,all,19,22, ,0.0,0.0,0.0,0.0,0.0
BitRate blocking probability per pair,4,all,7,12, ,0.0,0.0,0.0,0.0,0.0
BitRate blocking probability per pair,4,all,7,22, ,0.0,0.0,0.0,0.0,0.0
BitRate blocking probability per pair,4,all,23,5, ,0.0,0.0,0.0,0.0,0.0
BitRate blocking probability per pair,4,all,21,17, ,0.0,0.0,0.0,0.0,0.0
BitRate blocking probability per pair,4,all,1,11, ,0.0,0.0,0.0,0.0,0.0
BitRate blocking probability per pair,4,all,18,12, ,0.0,0.0,0.0,0.0,0.0
BitRate blocking probability per pair,4,all,23,10, ,0.0,0.0,0.0,0.0,0.0
BitRate blocking probability per pair,4,all,18,7, ,0.011826449046623581,0.0019089843906807927,0.0,0.015216491588245168,0.01642478341767145
BitRate blocking probability per pair,4,all,24,22, ,0.0,0.0,0.0,0.0,0.0
BitRate blocking probability per pair,4,all,21,2, ,0.0,0.0,0.0,0.0,0.0
BitRate blocking probability per pair,4,all,16,4, ,0.0,0.0,0.0,0.0,0.0
BitRate blocking probability per pair,4,all,10,9, ,0.0,0.0,0.0,0.0,0.0
BitRate blocking probability per pair,4,all,22,5, ,0.09668114379527404,0.03307202120427403,0.06943774309503054,0.06298619631813097,0.06566467943133752
BitRate blocking probability per pair,4,all,9,17, ,3.706260577158049E-4,0.026667378477943253,0.005359977519983049,0.0030065648734704576,0.09516500495635374
BitRate blocking probability per pair,4,all,8,20, ,0.0,0.0,0.0,0.0,0.0
BitRate blocking probability per pair,4,all,1,24, ,0.0,0.0,0.0,0.0,0.0
BitRate blocking probability per pair,4,all,2,14, ,0.0,0.0,0.0,0.0,0.0
BitRate blocking probability per pair,4,all,5,18, ,0.0054644884330990635,0.014331550479945845,0.004730386042783602,0.01921530546318053,0.013308090594516521
BitRate blocking probability per pair,4,all,8,9, ,0.0,0.0,0.0,0.0,0.0
BitRate blocking probability per pair,4,all,9,13, ,0.0,0.0,0.0,0.0,0.0
BitRate blocking probability per pair,4,all,24,13, ,0.0,0.0,0.0,0.0,0.0
BitRate blocking probability per pair,4,all,2,17, ,0.0,0.0,0.0,0.0,0.0
BitRate blocking probability per pair,4,all,20,1, ,0.0,0.0,0.0,0.0,0.0
BitRate blocking probability per pair,4,all,19,2, ,0.0,0.0,0.0,0.0,0.0
BitRate blocking probability per pair,4,all,4,3, ,0.0,0.0,0.0,0.0,0.0
BitRate blocking probability per pair,4,all,22,4, ,0.1236166738541258,0.16836948373501703,0.17473454285639653,0.1560337707071556,0.07866922476976677
BitRate blocking probability per pair,4,all,5,4, ,0.0,0.0,0.0,0.0,0.0
BitRate blocking probability per pair,4,all,16,19, ,0.0,0.0,0.0,0.0,0.0
BitRate blocking probability per pair,4,all,12,6, ,0.008090522136697403,0.0,0.0,0.0,0.0
BitRate blocking probability per pair,4,all,17,8, ,0.0,0.0,0.0,0.0,0.0
BitRate blocking probability per pair,4,all,12,9, ,0.0,0.0,0.0,0.0,0.0
BitRate blocking probability per pair,4,all,11,20, ,0.0,0.0,0.0,0.0,0.0
BitRate blocking probability per pair,4,all,15,12, ,0.0,0.0,0.0,0.0,0.0
BitRate blocking probability per pair,4,all,9,16, ,0.0,0.0,0.0,0.0,0.0
BitRate blocking probability per pair,4,all,7,15, ,0.0,0.0,0.0,0.0,0.0027649942733944458
BitRate blocking probability per pair,4,all,6,13, ,0.0,0.0,0.0,0.0,0.0
BitRate blocking probability per pair,4,all,19,18, ,0.0,0.0,0.0,0.0,0.0
BitRate blocking probability per pair,4,all,3,9, ,0.0,0.0,0.0,0.0,0.0
BitRate blocking probability per pair,4,all,21,18, ,0.0,0.0,0.0,0.0,0.0
BitRate blocking probability per pair,4,all,1,17, ,0.0,0.0,0.0,0.0,0.0
BitRate blocking probability per pair,4,all,8,24, ,0.0,0.0,0.0,0.0,0.0
BitRate blocking probability per pair,4,all,7,16, ,0.0,0.0,0.0,0.0,0.0
BitRate blocking probability per pair,4,all,15,21, ,0.0,0.0,0.0,0.0,0.0
BitRate blocking probability per pair,4,all,18,22, ,0.0,0.0,0.0,0.0,0.0
BitRate blocking probability per pair,4,all,14,2, ,0.0,0.0,0.0,0.0,0.0
BitRate blocking probability per pair,4,all,2,12, ,0.0,0.0,0.0,0.0,0.0
BitRate blocking probability per pair,4,all,12,8, ,0.0,0.0,0.0,0.0,0.0
BitRate blocking probability per pair,4,all,1,13, ,0.0,0.0,0.0,0.0,0.0
BitRate blocking probability per pair,4,all,8,18, ,0.0,0.0,0.0,0.0,0.0
BitRate blocking probability per pair,4,all,15,6, ,0.0,0.0,0.0,0.0,0.0
BitRate blocking probability per pair,4,all,6,20, ,0.19103910244665795,0.14692958832406602,0.17725864381586523,0.11685311255214353,0.10104763045091868
BitRate blocking probability per pair,4,all,7,21, ,0.0,0.0,0.0,0.0,0.0
BitRate blocking probability per pair,4,all,9,3, ,0.0,0.0,0.0,0.0,0.0
BitRate blocking probability per pair,4,all,12,13, ,0.0,0.0,0.0,0.0,0.0
BitRate blocking probability per pair,4,all,8,22, ,0.0,0.0,0.0,0.0,0.0
BitRate blocking probability per pair,4,all,2,3, ,0.0,0.0,0.0,0.0,0.0
BitRate blocking probability per pair,4,all,14,18, ,0.0,0.0,0.0,0.0,0.0
BitRate blocking probability per pair,4,all,23,20, ,0.0,0.0,0.0,0.0,0.0
BitRate blocking probability per pair,4,all,4,20, ,0.14193010391124486,0.17473900662387998,0.11671294623448937,0.18453748905668982,0.22933148212581647
BitRate blocking probability per pair,4,all,4,24, ,0.0,0.0,0.0,0.0,0.0
BitRate blocking probability per pair,4,all,16,15, ,0.0,0.0,0.0,0.0,0.0
BitRate blocking probability per pair,4,all,24,16, ,0.0,0.0,0.0,0.0,0.0
BitRate blocking probability per pair,4,all,19,12, ,0.0,0.0,0.0,0.0,0.0
BitRate blocking probability per pair,4,all,6,15, ,0.0,0.0,0.0,0.0,0.0
BitRate blocking probability per pair,4,all,8,7, ,0.0,0.0,0.0,0.0,0.0
BitRate blocking probability per pair,4,all,2,20, ,0.0,0.0,0.0,0.0,0.0
BitRate blocking probability per pair,4,all,11,9, ,0.0,0.0,0.0,0.0,0.0
BitRate blocking probability per pair,4,all,4,12, ,0.0,0.0018391701774931183,0.0,0.0,0.0
BitRate blocking probability per pair,4,all,13,23, ,0.0,0.0,0.0,0.0,0.0
BitRate blocking probability per pair,4,all,11,16, ,0.0,0.0,0.0,0.0,0.0
BitRate blocking probability per pair,4,all,3,11, ,0.0,0.0,0.0,0.0,0.0
BitRate blocking probability per pair,4,all,2,5, ,0.0,0.0,0.0,0.0,0.0
BitRate blocking probability per pair,4,all,3,24, ,0.0,0.0,0.0,0.0,0.0
BitRate blocking probability per pair,4,all,18,1, ,0.0,0.0,0.0,0.0,0.0
BitRate blocking probability per pair,4,all,10,2, ,0.0,0.0,0.0,0.0,0.0
BitRate blocking probability per pair,4,all,15,16, ,0.0,0.0,0.0,0.0,0.0
BitRate blocking probability per pair,4,all,20,17, ,0.0,0.0,0.0,0.0,0.0
BitRate blocking probability per pair,4,all,5,13, ,0.0,0.0,0.0,0.0,0.0
BitRate blocking probability per pair,4,all,24,15, ,0.0,0.0,0.0,0.0,0.0
BitRate blocking probability per pair,4,all,12,17, ,0.0,0.0,0.0,0.0,0.0
BitRate blocking probability per pair,4,all,20,2, ,0.0,0.0,0.0,0.0,0.0
BitRate blocking probability per pair,4,all,5,19, ,0.04333551591339235,0.0819960094438558,0.06887348328059059,0.14088457859982384,0.048569379933641015
BitRate blocking probability per pair,4,all,6,8, ,0.0,0.0,0.0,0.0,0.0
BitRate blocking probability per pair,4,all,4,10, ,0.0,0.0,0.0,0.0,0.0
BitRate blocking probability per pair,4,all,1,4, ,0.0,0.0,0.0,0.0,0.0
BitRate blocking probability per pair,4,all,12,23, ,0.0,0.0,0.0,0.0,0.0
BitRate blocking probability per pair,4,all,23,4, ,0.0,0.0,0.0,0.0,0.0
BitRate blocking probability per pair,4,all,12,20, ,0.0,0.0,0.0,0.0,0.0
BitRate blocking probability per pair,4,all,11,19, ,0.0,0.0,0.0,0.0,0.0
BitRate blocking probability per pair,4,all,2,11, ,0.0,0.0,0.0,0.0,0.0
BitRate blocking probability per pair,4,all,8,23, ,0.0,0.0,0.0,0.0,0.0
BitRate blocking probability per pair,4,all,10,14, ,0.0,0.0,0.0,0.0,0.0
BitRate blocking probability per pair,4,all,21,22, ,0.0,0.0,0.0,0.0,0.0
BitRate blocking probability per pair,4,all,9,11, ,0.0,0.0,0.0,0.0,0.0
BitRate blocking probability per pair,4,all,23,7, ,0.0,0.0,0.0,0.0,0.0
BitRate blocking probability per pair,4,all,24,18, ,0.0,0.0,0.0,0.0,0.0
BitRate blocking probability per pair,4,all,14,24, ,0.0,0.0,0.0,0.0,0.0
BitRate blocking probability per pair,4,all,6,4, ,0.0,0.0,0.0,0.0,0.0
BitRate blocking probability per pair,4,all,21,9, ,0.0,0.0,0.0,0.0,0.0
BitRate blocking probability per pair,4,all,15,1, ,0.0,0.0,0.0,0.0,0.0
BitRate blocking probability per pair,4,all,13,8, ,0.0,0.0,0.0,0.0,0.0
BitRate blocking probability per pair,4,all,13,12, ,0.0,0.0,0.0,0.0,0.0
BitRate blocking probability per pair,4,all,12,11, ,0.0,0.0,0.0,0.0,0.0
BitRate blocking probability per pair,4,all,23,16, ,0.0,0.0,0.0,0.0,0.0
BitRate blocking probability per pair,4,all,16,10, ,0.0,0.0,0.0,0.0,0.0
BitRate blocking probability per pair,4,all,14,4, ,0.0,0.0,0.0,0.0,0.0
BitRate blocking probability per pair,4,all,10,21, ,0.0,0.0,0.0,0.0,0.0
BitRate blocking probability per pair,4,all,1,16, ,0.0,0.0,0.0,0.0,0.0
BitRate blocking probability per pair,4,all,5,14, ,0.0,0.0,0.0,0.0,0.0
BitRate blocking probability per pair,4,all,14,3, ,0.0,0.0,0.0,0.0,0.0
BitRate blocking probability per pair,4,all,9,5, ,0.0,0.0,0.0,0.0,0.0
BitRate blocking probability per pair,4,all,11,23, ,0.0,0.0,0.0,0.0,0.0
BitRate blocking probability per pair,4,all,23,12, ,0.0,0.0,0.0,0.0,0.0
BitRate blocking probability per pair,4,all,18,4, ,0.06605892578218077,0.015103309548139156,0.03318561159499843,0.0328027081148801,0.088423129690014
BitRate blocking probability per pair,4,all,19,10, ,0.0,0.0,0.0,0.0,0.0
BitRate blocking probability per pair,4,all,14,19, ,0.0,0.0,0.0,0.0,0.0
BitRate blocking probability per pair,4,all,3,18, ,0.0,0.0,0.0,0.0,0.0
BitRate blocking probability per pair,4,all,1,21, ,0.0,0.0,0.0,0.0,0.0
BitRate blocking probability per pair,4,all,10,16, ,0.0,0.0,0.0,0.0,0.0
BitRate blocking probability per pair,4,all,24,9, ,0.0,0.0,0.0,0.0,0.0
BitRate blocking probability per pair,4,all,3,21, ,0.0,0.0,0.0,0.0,0.0
BitRate blocking probability per pair,4,all,12,24, ,0.0,0.0,0.0,0.0,0.0
BitRate blocking probability per pair,4,all,15,9, ,0.0,0.0,0.0,0.0,0.0
BitRate blocking probability per pair,4,all,18,14, ,0.0,0.0,0.0,0.0,0.0
BitRate blocking probability per pair,4,all,16,3, ,0.0,0.0,0.0,0.0,0.0
BitRate blocking probability per pair,4,all,15,5, ,0.0,0.0,0.0,0.0,0.0
BitRate blocking probability per pair,4,all,16,21, ,0.0,0.0,0.0,0.0,0.0
BitRate blocking probability per pair,4,all,8,17, ,0.0,0.0,0.0,0.0,0.0
BitRate blocking probability per pair,4,all,5,16, ,0.0,0.0,0.0,0.0,0.0
BitRate blocking probability per pair,4,all,21,4, ,0.0,0.0,0.0,0.0,0.0
BitRate blocking probability per pair,4,all,17,19, ,0.0,0.0,0.0,0.0,0.0
BitRate blocking probability per pair,4,all,16,12, ,0.0,0.0,0.0,0.0,0.0
BitRate blocking probability per pair,4,all,7,19, ,0.0,0.0,0.0,0.0,0.0
BitRate blocking probability per pair,4,all,8,19, ,0.0,0.0,0.0,0.0,0.0
BitRate blocking probability per pair,4,all,9,20, ,0.0,0.0,0.0,0.0,0.0
BitRate blocking probability per pair,4,all,13,10, ,0.0,0.0,0.0,0.0,0.0
BitRate blocking probability per pair,4,all,17,16, ,0.0,0.0,0.0,0.0,0.0
BitRate blocking probability per pair,4,all,5,7, ,0.0,0.0,0.0,0.0,0.0
BitRate blocking probability per pair,4,all,5,10, ,0.0,0.0,0.0,0.0,0.0
BitRate blocking probability per pair,4,all,22,14, ,0.0,0.0,0.0,0.0,0.0
BitRate blocking probability per pair,4,all,2,24, ,0.0,0.0,0.0,0.0,0.0
BitRate blocking probability per pair,4,all,11,15, ,0.0,0.0,0.0,0.0,0.0
BitRate blocking probability per pair,4,all,19,13, ,0.0,0.0,0.0,0.0,0.0
BitRate blocking probability per pair,4,all,9,14, ,0.0,0.0,0.0,0.0,0.0
BitRate blocking probability per pair,4,all,13,20, ,0.0,0.0,0.0,0.0,0.0
BitRate blocking probability per pair,4,all,20,15, ,0.0,0.0,0.0,0.0,0.0
BitRate blocking probability per pair,4,all,1,9, ,0.0,0.0,0.0,0.0,0.0
BitRate blocking probability per pair,4,all,4,16, ,0.0,0.0,0.0,0.0,0.0
BitRate blocking probability per pair,4,all,21,20, ,0.0,0.0,0.0,0.0,0.0
BitRate blocking probability per pair,4,all,6,18, ,0.02134192399266355,0.08297608481708478,0.08213514950350857,0.09118547359364666,0.17302708948983303
BitRate blocking probability per pair,4,all,3,20, ,0.0,0.0,0.026426950244153275,0.0,0.0
BitRate blocking probability per pair,4,all,21,10, ,0.0,0.0,0.0,0.0,0.0
BitRate blocking probability per pair,4,all,2,19, ,0.0,0.0,0.0,0.0,0.0
BitRate blocking probability per pair,4,all,7,17, ,0.0,0.0,0.0,0.0,0.0
BitRate blocking probability per pair,4,all,14,5, ,0.0,0.0,0.0,0.0,0.0
BitRate blocking probability per pair,4,all,7,13, ,0.0,0.0,0.0,0.0,0.0
BitRate blocking probability per pair,4,all,5,15, ,0.0,0.0,0.0,0.0,0.0
BitRate blocking probability per pair,4,all,18,8, ,0.0,0.0,0.0,0.0,0.0
BitRate blocking probability per pair,4,all,19,17, ,0.0,0.0,0.0,0.0,0.0
BitRate blocking probability per pair,4,all,19,21, ,0.0,0.0,0.0,0.0,0.0
BitRate blocking probability per pair,4,all,19,3, ,0.0,0.0,0.0,0.0,0.0
BitRate blocking probability per pair,4,all,13,19, ,0.0,0.0,0.0,0.0,0.0
BitRate blocking probability per pair,4,all,12,18, ,0.0,0.0,0.0,0.0,0.0
BitRate blocking probability per pair,4,all,13,3, ,0.0,0.0,0.0,0.0,0.0
BitRate blocking probability per pair,4,all,7,18, ,0.0,0.0,0.0,0.00747314712287598,0.001868301995208757
BitRate blocking probability per pair,4,all,17,12, ,0.0,0.0,0.0,0.0,0.0
BitRate blocking probability per pair,4,all,13,9, ,0.0,0.0,0.0,0.0,0.0
BitRate blocking probability per pair,4,all,6,22, ,0.15069806276912276,0.20636896010664177,0.17577886602866494,0.14875582573393387,0.2644158978505632
BitRate blocking probability per pair,4,all,1,15, ,0.0,0.0,0.0,0.0,0.0
BitRate blocking probability per pair,4,all,3,19, ,0.0,0.0,0.0,0.0,0.0
BitRate blocking probability per pair,4,all,12,4, ,0.0,0.0,0.0,0.0,0.0
BitRate blocking probability per pair,4,all,16,24, ,0.0,0.0,0.0,0.0,0.0
BitRate blocking probability per pair,4,all,6,10, ,0.0,0.0,0.0,0.0,0.0
BitRate blocking probability per pair,4,all,2,18, ,0.0,0.0,0.0,0.0,0.0
BitRate blocking probability per pair,4,all,18,21, ,0.0,0.0,0.0,0.0,0.0
BitRate blocking probability per pair,4,all,18,3, ,0.0,0.0,0.0,0.0,0.0
BitRate blocking probability per pair,4,all,15,18, ,0.0,0.0,0.0,0.0,0.0
BitRate blocking probability per pair,4,all,4,14, ,0.0,0.0,0.0,0.0,0.0
BitRate blocking probability per pair,4,all,7,20, ,0.0,0.0,0.0,0.0,0.0
BitRate blocking probability per pair,4,all,13,15, ,0.0,0.0,0.0,0.0,0.0
BitRate blocking probability per pair,4,all,13,21, ,0.0,0.0,0.0,0.0,0.0
BitRate blocking probability per pair,4,all,15,14, ,0.0,0.0,0.0,0.0,0.0
BitRate blocking probability per pair,4,all,3,15, ,0.0,0.0,0.0,0.0,0.0
BitRate blocking probability per pair,4,all,18,5, ,0.0,0.0,0.0,0.0,0.0
BitRate blocking probability per pair,4,all,12,1, ,0.0,0.0,0.0,0.0,0.0
BitRate blocking probability per pair,4,all,6,7, ,0.0,0.0,0.0,0.0,0.0
BitRate blocking probability per pair,4,all,24,3, ,0.0,0.0,0.0,0.0,0.0
BitRate blocking probability per pair,4,all,19,5, ,0.056856290866939066,0.09265724249467103,0.02630839445511899,0.03706907016968985,0.0732893871059799
BitRate blocking probability per pair,4,all,20,19, ,0.0,0.0,0.0,0.0,0.0
BitRate blocking probability per pair,4,all,5,17, ,0.1802152355241423,0.16710395822699894,0.19369727176239057,0.24555983759438846,0.21387394126014161
BitRate blocking probability per pair,4,all,20,12, ,0.0,0.0,0.0,0.0,0.0
BitRate blocking probability per pair,4,all,4,22, ,0.10663550697285003,0.27837337132922607,0.22340083436014424,0.14565984473673,0.2769365466520419
BitRate blocking probability per pair,4,all,7,8, ,0.0,0.0,0.0,0.0,0.0
BitRate blocking probability per pair,4,all,14,1, ,0.0,0.0,0.0,0.0,0.0
BitRate blocking probability per pair,4,all,20,21, ,0.0,0.0,0.0,0.0,0.0
BitRate blocking probability per pair,4,all,1,6, ,0.0,0.0,0.0,0.0,0.0
BitRate blocking probability per pair,4,all,13,2, ,0.0,0.0,0.0,0.0,0.0
BitRate blocking probability per pair,4,all,14,20, ,0.0,0.0,0.0,0.0,0.0
BitRate blocking probability per pair,4,all,16,20, ,0.0,0.0,0.0,0.0,0.0
BitRate blocking probability per pair,4,all,18,15, ,0.0,0.0,0.0,0.0,0.0
BitRate blocking probability per pair,4,all,6,2, ,0.0,0.0,0.0,0.0,0.0
BitRate blocking probability per pair,4,all,9,15, ,0.0,0.0,0.0,0.0,0.0
BitRate blocking probability per pair,4,all,15,17, ,0.0,0.0,0.0,0.0,0.0
BitRate blocking probability per pair,4,all,18,2, ,0.0,0.0,0.0,0.0,0.0
BitRate blocking probability per pair,4,all,15,24, ,0.0,0.0,0.0,0.0,0.0
BitRate blocking probability per pair,4,all,7,10, ,0.0,0.0,0.0,0.0,0.0
BitRate blocking probability per pair,4,all,14,21, ,0.0,0.0,0.0,0.0,0.0
BitRate blocking probability per pair,4,all,23,15, ,0.0,0.0,0.0,0.0,0.0
BitRate blocking probability per pair,4,all,11,1, ,0.0,0.0,0.0,0.0,0.0
BitRate blocking probability per pair,4,all,19,20, ,0.0,0.0,0.0,0.0,0.0
BitRate blocking probability per pair,4,all,1,8, ,0.0,0.0,0.0,0.0,0.0
BitRate blocking probability per pair,4,all,16,1, ,0.0,0.0,0.0,0.0,0.0
BitRate blocking probability per pair,4,all,24,5, ,0.0,0.0,0.0,0.0,0.0
BitRate blocking probability per pair,4,all,2,4, ,0.0,0.0,0.0,0.0,0.0
BitRate blocking probability per pair,4,all,10,5, ,0.0,0.0,0.0,0.0,0.0
BitRate blocking probability per pair,4,all,21,7, ,0.0,0.0,0.0,0.0,0.0
BitRate blocking probability per pair,4,all,23,11, ,0.0,0.0,0.0,0.0,0.0
BitRate blocking probability per pair,4,all,19,6, ,0.10479151139598832,0.09103386435385324,0.08041338262463084,0.04648062640968762,0.14627685420062939
BitRate blocking probability per pair,4,all,10,17, ,0.0,0.0,0.0,0.0,0.0
BitRate blocking probability per pair,4,all,3,8, ,0.0,0.0,0.0,0.0,0.0
BitRate blocking probability per pair,4,all,3,23, ,0.0,0.0,0.0,0.0,0.0
BitRate blocking probability per pair,4,all,17,9, ,0.02449962339847097,0.0588710278081213,0.017696760312781702,0.004747351913441101,0.06882961722831112
BitRate blocking probability per pair,4,all,9,18, ,0.0,0.0,0.0,0.0,0.0
BitRate blocking probability per pair,4,all,1,3, ,0.0,0.0,0.0,0.0,0.0
BitRate blocking probability per pair,4,all,10,20, ,0.0,0.0,0.0,0.0,0.0
BitRate blocking probability per pair,4,all,21,6, ,0.0,0.0,0.0,0.0,0.0
BitRate blocking probability per pair,4,all,8,5, ,0.0,0.0,0.0,0.0,0.0
BitRate blocking probability per pair,4,all,9,8, ,0.0,0.0,0.0,0.0,0.0
BitRate blocking probability per pair,4,all,24,4, ,0.0,0.0,0.0,0.0,0.0
BitRate blocking probability per pair,4,all,1,12, ,0.0,0.0,0.0,0.0,0.0
BitRate blocking probability per pair,4,all,11,5, ,0.0,0.0,0.0,0.0,0.0
BitRate blocking probability per pair,4,all,22,7, ,0.0,0.0,0.0,0.0,0.0
BitRate blocking probability per pair,4,all,22,8, ,0.0,0.0,0.0,0.0,0.0
BitRate blocking probability per pair,4,all,20,22, ,0.0,0.0,0.0,0.0,0.0
BitRate blocking probability per pair,4,all,13,24, ,0.0,0.0,0.0,0.0,0.0
BitRate blocking probability per pair,4,all,1,7, ,0.0,0.0,0.0,0.0,0.0
BitRate blocking probability per pair,4,all,17,20, ,0.0,0.0,0.0,0.0,0.0
BitRate blocking probability per pair,4,all,16,18, ,0.0,0.0,0.0,0.0,0.0
BitRate blocking probability per pair,4,all,16,8, ,0.0,0.0,0.0,0.0,0.0
BitRate blocking probability per pair,4,all,12,15, ,0.0,0.0,0.0,0.0,0.0
BitRate blocking probability per pair,4,all,17,5, ,0.03299853045003349,0.09531189502180192,0.12195690586414484,0.16492842653385006,0.025203590738707513
BitRate blocking probability per pair,4,all,23,14, ,0.0,0.0,0.0,0.0,0.0
BitRate blocking probability per pair,4,all,1,19, ,0.014483327905253078,0.0,9.091108094091706E-4,0.0,0.010659188159974055
BitRate blocking probability per pair,4,all,17,7, ,0.0,0.0,0.0,0.0,0.04509804453684351
BitRate blocking probability per pair,4,all,18,9, ,0.0,0.0,0.0,0.0,0.0
BitRate blocking probability per pair,4,all,18,23, ,0.0,0.0,0.0,0.0,0.0
BitRate blocking probability per pair,4,all,13,22, ,0.0,0.0,0.0,0.0,0.0
BitRate blocking probability per pair,4,all,7,6, ,0.0,0.0,0.0,0.0,0.0
BitRate blocking probability per pair,4,all,9,23, ,0.0,0.0,0.0,0.0,0.0
BitRate blocking probability per pair,4,all,13,6, ,0.0,0.0,0.0,0.0,0.0
BitRate blocking probability per pair,4,all,15,8, ,0.0,0.0,0.0,0.0,0.0
BitRate blocking probability per pair,4,all,13,14, ,0.0,0.0,0.0,0.0,0.0
BitRate blocking probability per pair,4,all,20,3, ,0.0,0.0,0.0,0.0,0.0
BitRate blocking probability per pair,4,all,21,16, ,0.0,0.0,0.0,0.0,0.0
BitRate blocking probability per pair,4,all,3,16, ,0.0,0.0,0.0,0.0,0.0
BitRate blocking probability per pair,4,all,22,13, ,0.0,0.0,0.0,0.0,0.0
BitRate blocking probability per pair,4,all,3,14, ,0.0,0.0,0.0,0.0,0.0
BitRate blocking probability per pair,4,all,3,7, ,0.0,0.0,0.0,0.0,0.0
BitRate blocking probability per pair,4,all,10,22, ,0.0,0.0,0.0,0.0,0.0
BitRate blocking probability per pair,4,all,8,10, ,0.0,0.0,0.0,0.0,0.0
BitRate blocking probability per pair,4,all,22,6, ,0.0918226510249384,0.24939633968793729,0.08590216104382081,0.13555734094263425,0.10873376804914414
BitRate blocking probability per pair,4,all,5,2, ,0.0,0.0,0.0,0.0,0.0
BitRate blocking probability per pair,4,all,13,5, ,0.0,0.0,0.0,0.0,0.0
BitRate blocking probability per pair,4,all,23,8, ,0.0,0.0,0.0,0.0,0.0
BitRate blocking probability per pair,4,all,13,11, ,0.0,0.0,0.0,0.0,0.0
BitRate blocking probability per pair,4,all,13,7, ,0.0,0.0,0.0,0.0,0.0
BitRate blocking probability per pair,4,all,3,13, ,0.0,0.0,0.0,0.0,0.0
BitRate blocking probability per pair,4,all,10,12, ,0.0,0.0,0.0,0.0,0.0
BitRate blocking probability per pair,4,all,24,11, ,0.0,0.0,0.0,0.0,0.0
BitRate blocking probability per pair,4,all,9,7, ,0.0,0.0,0.0,0.0,0.0
BitRate blocking probability per pair,4,all,24,12, ,0.0,0.0,0.0,0.0,0.0
BitRate blocking probability per pair,4,all,15,3, ,0.0,0.0,0.0,0.0,0.0
BitRate blocking probability per pair,4,all,22,11, ,0.0,0.0,0.0,0.0,0.0
BitRate blocking probability per pair,4,all,18,19, ,0.0,0.0,0.0,0.0,0.0
BitRate blocking probability per pair,4,all,16,7, ,0.0,0.0,0.0,0.0,0.0
BitRate blocking probability per pair,4,all,5,24, ,0.0,0.0,0.0,0.0,0.0
BitRate blocking probability per pair,4,all,10,19, ,0.0,0.0,0.0,0.0,0.0
BitRate blocking probability per pair,4,all,23,13, ,0.0,0.0,0.0,0.0,0.0
BitRate blocking probability per pair,4,all,12,3, ,0.0,0.0,0.0,0.0,0.0
BitRate blocking probability per pair,4,all,9,10, ,0.0,0.0,0.0,0.0,0.0
BitRate blocking probability per pair,4,all,4,18, ,0.08750718552042491,0.05255041276245975,0.032775630801601646,0.13261955098903477,0.06724421877931405
BitRate blocking probability per pair,4,all,4,19, ,0.14026458136311298,0.1083895127324441,0.12959686405297077,0.17963043880995017,0.08449949576303785
BitRate blocking probability per pair,4,all,17,15, ,0.0,0.0,0.0,0.0,0.0
BitRate blocking probability per pair,4,all,2,22, ,0.028327177667864863,0.23464417112909874,0.10420285689965529,0.07718117904088202,0.034520161535808655
BitRate blocking probability per pair,4,all,11,17, ,0.0,0.0,0.0,0.0,0.0
BitRate blocking probability per pair,4,all,18,13, ,0.0,0.0,0.0,0.0,0.0
BitRate blocking probability per pair,4,all,24,10, ,0.0,0.0,0.0,0.0,0.0
BitRate blocking probability per pair,4,all,11,13, ,0.0,0.0,0.0,0.0,0.0
BitRate blocking probability per pair,4,all,12,22, ,0.0,0.0,0.0,0.0,0.0
BitRate blocking probability per pair,4,all,20,23, ,0.0,0.0,0.0,0.0,0.0
BitRate blocking probability per pair,4,all,4,7, ,0.0,0.0,0.0,0.0,0.0
BitRate blocking probability per pair,4,all,9,12, ,0.0,0.0,0.0,0.0,0.0
BitRate blocking probability per pair,4,all,4,13, ,0.0,0.0,0.0,0.0,0.0
BitRate blocking probability per pair,4,all,20,13, ,0.0,0.0,0.0,0.0,0.0
BitRate blocking probability per pair,4,all,10,3, ,0.0,0.0,0.0,0.0,0.0
BitRate blocking probability per pair,4,all,21,3, ,0.0,0.0,0.0,0.0,0.0
BitRate blocking probability per pair,4,all,7,9, ,0.0,0.0,0.0,0.0,0.0
BitRate blocking probability per pair,4,all,12,19, ,0.0,0.0,0.0,0.0,0.0
BitRate blocking probability per pair,4,all,19,16, ,0.0,0.0,0.0,0.0,0.0
BitRate blocking probability per pair,4,all,20,11, ,0.0,0.0,0.0,0.0,0.0
BitRate blocking probability per pair,4,all,22,9, ,0.09742691282024127,0.0045635968652767405,0.009121261220463394,0.03221200238490769,0.03788829294423843
BitRate blocking probability per pair,4,all,7,11, ,0.0,0.0,0.0,0.0,0.0
BitRate blocking probability per pair,4,all,6,1, ,0.0,0.0,0.0,0.0,0.0
BitRate blocking probability per pair,4,all,6,14, ,0.0,0.0,0.0,0.0,0.0
BitRate blocking probability per pair,4,all,21,1, ,0.0,0.0,0.0,0.0,0.0
BitRate blocking probability per pair,4,all,4,23, ,0.0,0.0,0.0,0.0,0.0
BitRate blocking probability per pair,4,all,1,5, ,0.0,0.0,0.0,0.0,0.0
BitRate blocking probability per pair,4,all,3,22, ,0.07850676864567124,0.03235396102203912,0.05870074388398638,0.051921211819536746,0.04170084265458235
BitRate blocking probability per pair,4,all,5,23, ,0.0,0.0,0.0,0.0,0.0
BitRate blocking probability per pair,4,all,14,9, ,0.0,0.0,0.0,0.0,0.0
BitRate blocking probability per pair,4,all,23,6, ,0.0,0.0,0.0,0.0,0.0
BitRate blocking probability per pair,4,all,6,19, ,0.09152351408989809,0.21576112125954008,0.11135606680844073,0.3184307952927541,0.14521529116234191
BitRate blocking probability per pair,4,all,14,13, ,0.0,0.0,0.0,0.0,0.0
BitRate blocking probability per pair,4,all,14,11, ,0.0,0.0,0.0,0.0,0.0
BitRate blocking probability per pair,4,all,12,21, ,0.0,0.0,0.0,0.0,0.0
BitRate blocking probability per pair,4,all,2,8, ,0.0,0.0,0.0,0.0,0.0
BitRate blocking probability per pair,4,all,16,13, ,0.0,0.0,0.0,0.0,0.0
BitRate blocking probability per pair,4,all,20,18, ,0.0,0.0,0.0,0.0,0.0
BitRate blocking probability per pair,4,all,6,9, ,0.0,0.0,0.0,0.0,0.0
BitRate blocking probability per pair,4,all,6,23, ,0.0,0.0,0.0,0.0,0.0
BitRate blocking probability per pair,4,all,10,4, ,0.0,0.0,0.0,0.0,0.0
BitRate blocking probability per pair,4,all,17,23, ,0.0,0.0,0.0,0.0,0.0
BitRate blocking probability per pair,4,all,17,18, ,0.0,0.0,0.0,0.0,0.0
BitRate blocking probability per pair,4,all,14,12, ,0.0,0.0,0.0,0.0,0.0
BitRate blocking probability per pair,4,all,14,17, ,0.0,0.0,0.0,0.0,0.0
BitRate blocking probability per pair,4,all,19,7, ,0.0,0.0,0.0,0.0,0.0
BitRate blocking probability per pair,4,all,7,24, ,0.0,0.0,0.0,0.0,0.0
BitRate blocking probability per pair,4,all,11,18, ,0.0,0.0,0.0,0.0,0.0
BitRate blocking probability per pair,4,all,11,10, ,0.0,0.0,0.0,0.0,0.0
BitRate blocking probability per pair,4,all,14,22, ,0.0,0.0,0.0,0.0,0.0
BitRate blocking probability per pair,4,all,4,9, ,0.0,0.0,0.0,0.0,0.0
BitRate blocking probability per pair,4,all,22,21, ,0.0,0.0,0.0,0.0,0.0
BitRate blocking probability per pair,4,all,22,24, ,0.0,0.0,0.0,0.0,0.0
BitRate blocking probability per pair,4,all,8,15, ,0.0,0.0,0.0,0.0,0.0
BitRate blocking probability per pair,4,all,12,5, ,0.0,0.0,0.0,0.0,0.0
BitRate blocking probability per pair,4,all,7,23, ,0.0,0.0,0.0,0.0,0.0
BitRate blocking probability per pair,4,all,24,14, ,0.0,0.0,0.0,0.0,0.0
BitRate blocking probability per pair,4,all,1,2, ,0.0,0.0,0.0,0.0,0.0
BitRate blocking probability per pair,4,all,15,22, ,0.0,0.0,0.0,0.0,0.0
BitRate blocking probability per pair,4,all,19,14, ,0.0,0.0,0.0,0.0,0.0
BitRate blocking probability per pair,4,all,21,23, ,0.0,0.0,0.0,0.0,0.0
BitRate blocking probability per pair,4,all,8,1, ,0.0,0.0,0.0,0.0,0.0
BitRate blocking probability per pair,4,all,18,10, ,0.0,0.0,0.0,0.0,0.0
BitRate blocking probability per pair,4,all,17,3, ,0.0,0.0,0.0,0.0,0.0
BitRate blocking probability per pair,4,all,5,9, ,0.0,0.0,0.0,0.0,0.0
BitRate blocking probability per pair,4,all,19,8, ,0.0,0.0,0.0,0.0,0.0
BitRate blocking probability per pair,4,all,4,21, ,0.022837768807855006,0.016205432244553244,0.012310683666361441,0.014136696613387834,0.02803047118496292
BitRate blocking probability per pair,4,all,8,16, ,0.0,0.0,0.0,0.0,0.0
BitRate blocking probability per pair,4,all,5,12, ,0.0,0.0,0.0,0.0,0.0
BitRate blocking probability per pair,4,all,6,16, ,0.0,0.0,0.0,0.0,0.0
BitRate blocking probability per pair,4,all,20,10, ,0.0,0.0,0.0,0.0,0.0
BitRate blocking probability per pair,4,all,2,15, ,0.0,0.0,0.0,0.0,0.0
BitRate blocking probability per pair,4,all,20,6, ,0.08648988781027679,0.12425735508027114,0.028815053116130557,0.10805038453285214,0.10282732166371131
BitRate blocking probability per pair,4,all,21,13, ,0.0,0.0,0.0,0.0,0.0
BitRate blocking probability per pair,4,all,6,21, ,0.0,0.0038779332181207143,0.008557197262344643,0.0,0.04115747850483472
BitRate blocking probability per pair,4,all,18,16, ,0.0,0.0,0.0,0.0,0.0
BitRate blocking probability per pair,4,all,5,21, ,0.0,0.028853640999348056,0.0019190267313488728,0.0,0.0
BitRate blocking probability per pair,4,all,15,11, ,0.0,0.0,0.0,0.0,0.0
BitRate blocking probability per pair,4,all,8,12, ,0.0,0.0,0.0,0.0,0.0
BitRate blocking probability per pair,4,all,19,1, ,0.0,0.0,0.0,0.0,0.0
BitRate blocking probability per pair,4,all,21,14, ,0.0,0.0,0.0,0.0,0.0
BitRate blocking probability per pair,4,all,2,13, ,0.0,0.0,0.0,0.0,0.0
BitRate blocking probability per pair,4,all,17,6, ,0.13453006044628826,0.19218295528993956,0.12317342405500512,0.19953942259063365,0.13113150674608273
BitRate blocking probability per pair,4,all,24,1, ,0.0,0.0238948828074762,0.0,0.0,0.0
BitRate blocking probability per pair,4,all,8,3, ,0.0,0.0,0.0,0.0,0.0
BitRate blocking probability per pair,4,all,1,22, ,0.011204001279451757,0.029181993542778773,0.09270444939584328,0.015753202177636916,0.10950936360526557
BitRate blocking probability per pair,4,all,23,3, ,0.0,0.0,0.0,0.0,0.0
BitRate blocking probability per pair,4,all,2,1, ,0.0,0.0,0.0,0.0,0.0
BitRate blocking probability per pair,4,all,15,23, ,0.0,0.0,0.0,0.0,0.0
BitRate blocking probability per pair,4,all,19,15, ,0.0,0.0,0.0,0.0,0.0
BitRate blocking probability per pair,4,all,2,23, ,0.0,0.0,0.0,0.0,0.0
BitRate blocking probability per pair,4,all,13,17, ,0.0,0.0,0.0,0.0,0.0
BitRate blocking probability per pair,4,all,1,10, ,0.0,0.0,0.0,0.0,0.0
BitRate blocking probability per pair,4,all,5,22, ,0.11811977068431337,0.1403582800161282,0.12898885149997688,0.10789794920967616,0.09162948525116667
BitRate blocking probability per pair,4,all,18,24, ,0.0,0.0,0.0,0.0,0.0
BitRate blocking probability per pair,4,all,19,23, ,0.0,0.0,0.0,0.0,0.0
BitRate blocking probability per pair,4,all,20,8, ,0.0,0.0,0.0,0.0,0.0
BitRate blocking probability per pair,4,all,10,6, ,0.0,0.0,0.0,0.0,0.0
BitRate blocking probability per pair,4,all,2,6, ,0.0,0.0,0.0,0.0,0.0
BitRate blocking probability per pair,4,all,16,14, ,0.0,0.0,0.0,0.0,0.0
BitRate blocking probability per pair,4,all,24,19, ,0.0,0.0,0.0,0.0,0.0
BitRate blocking probability per pair,4,all,23,19, ,0.0,0.0,0.0,0.0,0.0
BitRate blocking probability per pair,4,all,12,2, ,0.0,0.0,0.0,0.0,0.0
BitRate blocking probability per pair,4,all,23,1, ,0.0,0.0,0.0,0.0,0.0
BitRate blocking probability per pair,4,all,15,7, ,0.0,0.0,0.0,0.0,0.0
BitRate blocking probability per pair,4,all,22,12, ,0.0,0.0,0.0,0.0,0.0
BitRate blocking probability per pair,4,all,3,6, ,0.0,0.0,0.0,0.0,0.0
BitRate blocking probability per pair,4,all,4,2, ,0.0,0.0,0.0,0.0,0.0
BitRate blocking probability per pair,4,all,13,1, ,0.0,0.0,0.0,0.0,0.0
BitRate blocking probability per pair,4,all,6,5, ,0.0,0.0,0.0,0.0,0.0
BitRate blocking probability per pair,4,all,16,22, ,0.0,0.0,0.0,0.0,0.0
BitRate blocking probability per pair,4,all,7,5, ,0.0,0.0,0.0,0.0,0.0
BitRate blocking probability per pair,4,all,6,24, ,0.0,0.0,0.0,0.0,0.0
BitRate blocking probability per pair,4,all,18,17, ,0.0,0.0,0.0,0.0,0.0
BitRate blocking probability per pair,4,all,22,3, ,0.0,0.0,0.0,0.0,0.0
BitRate blocking probability per pair,4,all,13,4, ,0.0,0.0,0.0,0.0,0.0
BitRate blocking probability per pair,4,all,16,5, ,0.0,0.0,0.0,0.0,0.0
BitRate blocking probability per pair,4,all,18,11, ,0.0,0.0,0.0,0.0,0.0
BitRate blocking probability per pair,4,all,6,11, ,0.0,0.0,0.0,0.0,0.0
BitRate blocking probability per pair,4,all,17,13, ,0.0,0.0,0.0,0.0,0.0
BitRate blocking probability per pair,4,all,7,3, ,0.0,0.0,0.0,0.0,0.0
BitRate blocking probability per pair,4,all,22,23, ,0.0,0.0,0.0,0.0,0.0
BitRate blocking probability per pair,4,all,10,13, ,0.0,0.0,0.0,0.0,0.0
BitRate blocking probability per pair,4,all,14,7, ,0.0,0.0,0.0,0.0,0.0
BitRate blocking probability per pair,4,all,20,16, ,0.0,0.0,0.0,0.0,0.0
BitRate blocking probability per pair,4,all,14,8, ,0.0,0.0,0.0,0.0,0.0
BitRate blocking probability per pair,4,all,7,4, ,0.0,0.0,0.0,0.0,0.0
BitRate blocking probability per pair,4,all,8,14, ,0.0,0.0,0.0,0.0,0.0
BitRate blocking probability per pair,4,all,3,12, ,0.0,0.0,0.0,0.0,0.0
BitRate blocking probability per pair,4,all,7,2, ,0.0,0.0,0.0,0.0,0.0
BitRate blocking probability per pair,4,all,10,11, ,0.0,0.0,0.0,0.0,0.0
BitRate blocking probability per pair,4,all,11,14, ,0.0,0.0,0.0,0.0,0.0
BitRate blocking probability per pair,4,all,20,24, ,0.0,0.0,0.0,0.0,0.0
BitRate blocking probability per pair,4,all,20,4, ,0.03969697845482756,0.10234222435988571,0.09706344883030613,0.1055920215493658,0.07828694698160486
BitRate blocking probability per pair,4,all,23,2, ,0.0,0.0,0.0,0.0,0.0
BitRate blocking probability per pair,4,all,22,2, ,0.0,0.0,0.0,0.0,0.0
BitRate blocking probability per pair,4,all,22,19, ,0.0,0.0,0.0,0.0,0.0
BitRate blocking probability per pair,4,all,24,23, ,0.0,0.0,0.0,0.0,0.0
BitRate blocking probability per pair,4,all,6,17, ,0.17335576412348186,0.1356851881524737,0.2773324244307448,0.15776018110583012,0.24192148778711023
BitRate blocking probability per pair,4,all,4,15, ,0.0,0.0,0.0,0.0,0.0
BitRate blocking probability per pair,4,all,20,7, ,0.0,0.0,0.0,0.0,0.0
BitRate blocking probability per pair,4,all,10,8, ,0.0,0.0,0.0,0.0,0.0
BitRate blocking probability per pair,4,all,10,24, ,0.0,0.0,0.0,0.0,0.0
BitRate blocking probability per pair,4,all,12,16, ,0.0,0.0,0.0,0.0,0.0
BitRate blocking probability per pair,4,all,8,13, ,0.0,0.0,0.0,0.0,0.0
BitRate blocking probability per pair,4,all,11,4, ,0.0,0.0,0.0,0.0,0.0
BitRate blocking probability per pair,4,all,22,17, ,0.0,0.0,0.0,0.0,0.0
BitRate blocking probability per pair,4,all,4,1, ,0.0,0.0,0.0,0.0,0.0
BitRate blocking probability per pair,4,all,14,6, ,0.0,0.0,0.0,0.0,0.0
BitRate blocking probability per pair,4,all,14,10, ,0.0,0.0,0.0,0.0,0.0
BitRate blocking probability per pair,4,all,24,6, ,0.0,0.0,0.0,0.0,0.0
BitRate blocking probability per pair,4,all,15,2, ,0.0,0.0,0.0,0.0,0.0
BitRate blocking probability per pair,4,all,22,10, ,0.0,0.0,0.0,0.0,0.0
BitRate blocking probability per pair,4,all,4,17, ,0.18068974943464922,0.2284407108891744,0.28741820557998204,0.2167781748907463,0.15998553742302773
BitRate blocking probability per pair,4,all,17,2, ,0.0,0.0,0.0,0.0,0.0
BitRate blocking probability per pair,4,all,18,20, ,0.0,0.0,0.0,0.0,0.0
BitRate blocking probability per pair,4,all,17,21, ,0.0,0.0,0.0,0.0,0.0
BitRate blocking probability per pair,4,all,18,6, ,0.09510400728878796,0.053814073151177234,0.015166555812488413,0.0188174562898417,0.03308716279507522
BitRate blocking probability per pair,4,all,10,15, ,0.0,0.0,0.0,0.0,0.0
BitRate blocking probability per pair,4,all,4,11, ,0.0,0.0,0.0,0.0,0.0
BitRate blocking probability per pair,4,all,2,21, ,0.0,0.0,0.0,0.0,0.0
BitRate blocking probability per pair,4,all,19,9, ,0.05263506063848446,0.0,0.00422863281889596,0.019291758264942387,0.011378186604103042
BitRate blocking probability per pair,4,all,5,8, ,0.0,0.0,0.0,0.0,0.0
BitRate blocking probability per pair,4,all,5,3, ,0.0,0.0,0.0,0.0,0.0
BitRate blocking probability per pair,4,all,11,6, ,0.0,0.0,0.0,0.0,0.0
BitRate blocking probability per pair,4,all,8,2, ,0.0,0.0,0.0,0.0,0.0
BitRate blocking probability per pair,4,all,9,24, ,0.0,0.0,0.0,0.0,0.0
BitRate blocking probability per pair,4,all,16,23, ,0.0,0.0,0.0,0.0,0.0
BitRate blocking probability per pair,4,all,2,16, ,0.0,0.0,0.0,0.0,0.0
BitRate blocking probability per pair,4,all,16,17, ,0.0,0.0,0.0,0.0,0.0
BitRate blocking probability per pair,4,all,23,18, ,0.0,0.0,0.0,0.0,0.0
BitRate blocking probability per pair,4,all,7,1, ,0.0,0.0,0.0,0.0,0.0
BitRate blocking probability per pair,4,all,11,24, ,0.0,0.0,0.0,0.0,0.0
BitRate blocking probability per pair,4,all,2,10, ,0.0,0.0,0.0,0.0,0.0
BitRate blocking probability per pair,4,all,4,6, ,0.0,0.0,0.0,0.0,0.0
BitRate blocking probability per pair,4,all,15,13, ,0.0,0.0,0.0,0.0,0.0
BitRate blocking probability per pair,4,all,21,12, ,0.0,0.0,0.0,0.0,0.0
BitRate blocking probability per pair,4,all,5,6, ,0.0,0.0,0.0,0.0,0.0
BitRate blocking probability per pair,4,all,10,18, ,0.0,0.0,0.0,0.0,0.0
BitRate blocking probability per pair,4,all,14,23, ,0.0,0.0,0.0,0.0,0.0
BitRate blocking probability per pair,4,all,21,8, ,0.0,0.0,0.0,0.0,0.0
BitRate blocking probability per pair,4,all,11,3, ,0.0,0.0,0.0,0.0,0.0
BitRate blocking probability per pair,4,all,13,16, ,0.0,0.0,0.0,0.0,0.0
BitRate blocking probability per pair,4,all,22,16, ,0.0,0.0,0.0,0.0,0.0
BitRate blocking probability per pair,4,all,21,5, ,0.0,0.0,0.0,0.0,0.0
BitRate blocking probability per pair,4,all,23,24, ,0.0,0.0,0.0,0.0,0.0
BitRate blocking probability per pair,4,all,9,6, ,0.0,0.0,0.0,0.0,0.0
BitRate blocking probability per pair,4,all,20,9, ,3.518761140959196E-4,0.0,0.04546200632634631,0.0185248215645026,0.0012209187773340705
BitRate blocking probability per pair,4,all,16,6, ,0.0,0.0,0.0,0.0,0.0
BitRate blocking probability per pair,4,all,15,4, ,0.0,0.0,0.0,0.0,0.0
BitRate blocking probability per pair,4,all,3,4, ,0.0,0.0,0.0,0.0,0.0
BitRate blocking probability per pair,4,all,17,10, ,0.0,0.0,0.0,0.0,0.0
BitRate blocking probability per pair,4,all,12,10, ,0.0,0.0,0.0,0.0,0.0
BitRate blocking probability per pair,4,all,12,7, ,0.0,0.0,0.0,0.0,0.0
BitRate blocking probability per pair,4,all,3,17, ,0.0,0.0,0.0,0.0,0.0


BitRate blocking probability per bitRate,0,100.0Gbps,all,all, ,0.0,0.0,0.0,0.0,0.0
BitRate blocking probability per bitRate,0,200.0Gbps,all,all, ,0.0,0.0,0.0,0.0,0.0
BitRate blocking probability per bitRate,0,400.0Gbps,all,all, ,0.0,0.0,0.0,0.0,0.0
BitRate blocking probability per bitRate,0,300.0Gbps,all,all, ,0.0,0.0,0.0,0.0,0.0
BitRate blocking probability per bitRate,0,500.0Gbps,all,all, ,0.0,0.0,0.0,0.0,0.0
BitRate blocking probability per bitRate,1,100.0Gbps,all,all, ,0.0,0.0,0.0,0.0,0.0
BitRate blocking probability per bitRate,1,200.0Gbps,all,all, ,0.0,0.0,0.0,0.0,0.0
BitRate blocking probability per bitRate,1,400.0Gbps,all,all, ,0.0,0.0,0.0,0.0,0.0
BitRate blocking probability per bitRate,1,300.0Gbps,all,all, ,0.0,0.0,0.0,0.0,0.0
BitRate blocking probability per bitRate,1,500.0Gbps,all,all, ,0.0,0.0,0.0,0.0,0.0
BitRate blocking probability per bitRate,2,100.0Gbps,all,all, ,0.0,0.0,0.0,0.0,0.0
BitRate blocking probability per bitRate,2,200.0Gbps,all,all, ,0.0,7.972186783271567E-7,0.0,0.0,8.116105145348358E-5
BitRate blocking probability per bitRate,2,400.0Gbps,all,all, ,2.7363260800392657E-5,1.252324208732788E-4,6.821794507494795E-5,0.0,6.478160972420258E-5
BitRate blocking probability per bitRate,2,300.0Gbps,all,all, ,0.0,0.0,0.0,0.0,1.6640101168918483E-4
BitRate blocking probability per bitRate,2,500.0Gbps,all,all, ,1.0255614266854345E-4,0.0,0.0,0.0,3.721551486129865E-4
BitRate blocking probability per bitRate,3,100.0Gbps,all,all, ,0.0,0.0,0.0,0.0,0.0
BitRate blocking probability per bitRate,3,200.0Gbps,all,all, ,2.125785564795253E-4,1.3933111182323136E-6,3.9731918105227886E-5,0.0,1.427040809252955E-4
BitRate blocking probability per bitRate,3,400.0Gbps,all,all, ,9.97839714683736E-4,8.928088225392933E-4,9.770820620865013E-4,0.001814194365514655,9.558970223899377E-4
BitRate blocking probability per bitRate,3,300.0Gbps,all,all, ,4.5317010536874934E-4,3.5312965401945354E-4,4.620360314909622E-4,4.5660496997010217E-4,2.0075519662069967E-4
BitRate blocking probability per bitRate,3,500.0Gbps,all,all, ,0.0031812804734312264,0.0020591607304444423,0.0016571481349737477,0.0020628255257002155,0.0025412721863837294
BitRate blocking probability per bitRate,4,100.0Gbps,all,all, ,5.274025684728758E-6,7.323009401669379E-5,2.8136133596980724E-5,0.0,0.0
BitRate blocking probability per bitRate,4,200.0Gbps,all,all, ,4.2413537434278265E-4,0.0012814273638899936,9.150520476471678E-4,4.404135158413533E-4,9.623045431769172E-4
BitRate blocking probability per bitRate,4,400.0Gbps,all,all, ,0.010458166362784623,0.011553070727252882,0.010127884260435765,0.01112223631939453,0.010599028981991006
BitRate blocking probability per bitRate,4,300.0Gbps,all,all, ,0.0036151531818308263,0.004382743034457519,0.003468926870630643,0.004518700261930895,0.0031788657233409595
BitRate blocking probability per bitRate,4,500.0Gbps,all,all, ,0.016349274253715088,0.02164043612040822,0.020204306789803887,0.020551207944807977,0.0241628808469331


BitRate blocking probability per pair and bitRate,0,100.0Gbps,11,2, ,0.0,0.0,0.0,0.0,0.0
BitRate blocking probability per pair and bitRate,0,100.0Gbps,1,23, ,0.0,0.0,0.0,0.0,0.0
BitRate blocking probability per pair and bitRate,0,100.0Gbps,2,9, ,0.0,0.0,0.0,0.0,0.0
BitRate blocking probability per pair and bitRate,0,100.0Gbps,1,20, ,0.0,0.0,0.0,0.0,0.0
BitRate blocking probability per pair and bitRate,0,100.0Gbps,17,24, ,0.0,0.0,0.0,0.0,0.0
BitRate blocking probability per pair and bitRate,0,100.0Gbps,21,15, ,0.0,0.0,0.0,0.0,0.0
BitRate blocking probability per pair and bitRate,0,100.0Gbps,19,11, ,0.0,0.0,0.0,0.0,0.0
BitRate blocking probability per pair and bitRate,0,100.0Gbps,3,1, ,0.0,0.0,0.0,0.0,0.0
BitRate blocking probability per pair and bitRate,0,100.0Gbps,24,2, ,0.0,0.0,0.0,0.0,0.0
BitRate blocking probability per pair and bitRate,0,100.0Gbps,23,22, ,0.0,0.0,0.0,0.0,0.0
BitRate blocking probability per pair and bitRate,0,100.0Gbps,17,22, ,0.0,0.0,0.0,0.0,0.0
BitRate blocking probability per pair and bitRate,0,100.0Gbps,15,20, ,0.0,0.0,0.0,0.0,0.0
BitRate blocking probability per pair and bitRate,0,100.0Gbps,2,7, ,0.0,0.0,0.0,0.0,0.0
BitRate blocking probability per pair and bitRate,0,100.0Gbps,10,1, ,0.0,0.0,0.0,0.0,0.0
BitRate blocking probability per pair and bitRate,0,100.0Gbps,14,16, ,0.0,0.0,0.0,0.0,0.0
BitRate blocking probability per pair and bitRate,0,100.0Gbps,13,18, ,0.0,0.0,0.0,0.0,0.0
BitRate blocking probability per pair and bitRate,0,100.0Gbps,11,7, ,0.0,0.0,0.0,0.0,0.0
BitRate blocking probability per pair and bitRate,0,100.0Gbps,15,10, ,0.0,0.0,0.0,0.0,0.0
BitRate blocking probability per pair and bitRate,0,100.0Gbps,17,4, ,0.0,0.0,0.0,0.0,0.0
BitRate blocking probability per pair and bitRate,0,100.0Gbps,15,19, ,0.0,0.0,0.0,0.0,0.0
BitRate blocking probability per pair and bitRate,0,100.0Gbps,9,22, ,0.0,0.0,0.0,0.0,0.0
BitRate blocking probability per pair and bitRate,0,100.0Gbps,9,19, ,0.0,0.0,0.0,0.0,0.0
BitRate blocking probability per pair and bitRate,0,100.0Gbps,24,7, ,0.0,0.0,0.0,0.0,0.0
BitRate blocking probability per pair and bitRate,0,100.0Gbps,1,18, ,0.0,0.0,0.0,0.0,0.0
BitRate blocking probability per pair and bitRate,0,100.0Gbps,19,4, ,0.0,0.0,0.0,0.0,0.0
BitRate blocking probability per pair and bitRate,0,100.0Gbps,5,1, ,0.0,0.0,0.0,0.0,0.0
BitRate blocking probability per pair and bitRate,0,100.0Gbps,5,20, ,0.0,0.0,0.0,0.0,0.0
BitRate blocking probability per pair and bitRate,0,100.0Gbps,21,24, ,0.0,0.0,0.0,0.0,0.0
BitRate blocking probability per pair and bitRate,0,100.0Gbps,9,1, ,0.0,0.0,0.0,0.0,0.0
BitRate blocking probability per pair and bitRate,0,100.0Gbps,9,21, ,0.0,0.0,0.0,0.0,0.0
BitRate blocking probability per pair and bitRate,0,100.0Gbps,14,15, ,0.0,0.0,0.0,0.0,0.0
BitRate blocking probability per pair and bitRate,0,100.0Gbps,8,4, ,0.0,0.0,0.0,0.0,0.0
BitRate blocking probability per pair and bitRate,0,100.0Gbps,8,21, ,0.0,0.0,0.0,0.0,0.0
BitRate blocking probability per pair and bitRate,0,100.0Gbps,6,3, ,0.0,0.0,0.0,0.0,0.0
BitRate blocking probability per pair and bitRate,0,100.0Gbps,9,2, ,0.0,0.0,0.0,0.0,0.0
BitRate blocking probability per pair and bitRate,0,100.0Gbps,16,2, ,0.0,0.0,0.0,0.0,0.0
BitRate blocking probability per pair and bitRate,0,100.0Gbps,9,4, ,0.0,0.0,0.0,0.0,0.0
BitRate blocking probability per pair and bitRate,0,100.0Gbps,23,21, ,0.0,0.0,0.0,0.0,0.0
BitRate blocking probability per pair and bitRate,0,100.0Gbps,19,24, ,0.0,0.0,0.0,0.0,0.0
BitRate blocking probability per pair and bitRate,0,100.0Gbps,22,15, ,0.0,0.0,0.0,0.0,0.0
BitRate blocking probability per pair and bitRate,0,100.0Gbps,23,17, ,0.0,0.0,0.0,0.0,0.0
BitRate blocking probability per pair and bitRate,0,100.0Gbps,8,11, ,0.0,0.0,0.0,0.0,0.0
BitRate blocking probability per pair and bitRate,0,100.0Gbps,24,17, ,0.0,0.0,0.0,0.0,0.0
BitRate blocking probability per pair and bitRate,0,100.0Gbps,22,18, ,0.0,0.0,0.0,0.0,0.0
BitRate blocking probability per pair and bitRate,0,100.0Gbps,5,11, ,0.0,0.0,0.0,0.0,0.0
BitRate blocking probability per pair and bitRate,0,100.0Gbps,4,8, ,0.0,0.0,0.0,0.0,0.0
BitRate blocking probability per pair and bitRate,0,100.0Gbps,23,9, ,0.0,0.0,0.0,0.0,0.0
BitRate blocking probability per pair and bitRate,0,100.0Gbps,6,12, ,0.0,0.0,0.0,0.0,0.0
BitRate blocking probability per pair and bitRate,0,100.0Gbps,4,5, ,0.0,0.0,0.0,0.0,0.0
BitRate blocking probability per pair and bitRate,0,100.0Gbps,16,9, ,0.0,0.0,0.0,0.0,0.0
BitRate blocking probability per pair and bitRate,0,100.0Gbps,16,11, ,0.0,0.0,0.0,0.0,0.0
BitRate blocking probability per pair and bitRate,0,100.0Gbps,24,20, ,0.0,0.0,0.0,0.0,0.0
BitRate blocking probability per pair and bitRate,0,100.0Gbps,12,14, ,0.0,0.0,0.0,0.0,0.0
BitRate blocking probability per pair and bitRate,0,100.0Gbps,20,5, ,0.0,0.0,0.0,0.0,0.0
BitRate blocking probability per pair and bitRate,0,100.0Gbps,11,12, ,0.0,0.0,0.0,0.0,0.0
BitRate blocking probability per pair and bitRate,0,100.0Gbps,7,14, ,0.0,0.0,0.0,0.0,0.0
BitRate blocking probability per pair and bitRate,0,100.0Gbps,10,23, ,0.0,0.0,0.0,0.0,0.0
BitRate blocking probability per pair and bitRate,0,100.0Gbps,22,20, ,0.0,0.0,0.0,0.0,0.0
BitRate blocking probability per pair and bitRate,0,100.0Gbps,17,11, ,0.0,0.0,0.0,0.0,0.0
BitRate blocking probability per pair and bitRate,0,100.0Gbps,3,10, ,0.0,0.0,0.0,0.0,0.0
BitRate blocking probability per pair and bitRate,0,100.0Gbps,17,14, ,0.0,0.0,0.0,0.0,0.0
BitRate blocking probability per pair and bitRate,0,100.0Gbps,10,7, ,0.0,0.0,0.0,0.0,0.0
BitRate blocking probability per pair and bitRate,0,100.0Gbps,3,2, ,0.0,0.0,0.0,0.0,0.0
BitRate blocking probability per pair and bitRate,0,100.0Gbps,3,5, ,0.0,0.0,0.0,0.0,0.0
BitRate blocking probability per pair and bitRate,0,100.0Gbps,22,1, ,0.0,0.0,0.0,0.0,0.0
BitRate blocking probability per pair and bitRate,0,100.0Gbps,1,14, ,0.0,0.0,0.0,0.0,0.0
BitRate blocking probability per pair and bitRate,0,100.0Gbps,24,8, ,0.0,0.0,0.0,0.0,0.0
BitRate blocking probability per pair and bitRate,0,100.0Gbps,11,21, ,0.0,0.0,0.0,0.0,0.0
BitRate blocking probability per pair and bitRate,0,100.0Gbps,20,14, ,0.0,0.0,0.0,0.0,0.0
BitRate blocking probability per pair and bitRate,0,100.0Gbps,8,6, ,0.0,0.0,0.0,0.0,0.0
BitRate blocking probability per pair and bitRate,0,100.0Gbps,21,11, ,0.0,0.0,0.0,0.0,0.0
BitRate blocking probability per pair and bitRate,0,100.0Gbps,11,8, ,0.0,0.0,0.0,0.0,0.0
BitRate blocking probability per pair and bitRate,0,100.0Gbps,21,19, ,0.0,0.0,0.0,0.0,0.0
BitRate blocking probability per pair and bitRate,0,100.0Gbps,17,1, ,0.0,0.0,0.0,0.0,0.0
BitRate blocking probability per pair and bitRate,0,100.0Gbps,11,22, ,0.0,0.0,0.0,0.0,0.0
BitRate blocking probability per pair and bitRate,0,100.0Gbps,24,21, ,0.0,0.0,0.0,0.0,0.0
BitRate blocking probability per pair and bitRate,0,100.0Gbps,19,22, ,0.0,0.0,0.0,0.0,0.0
BitRate blocking probability per pair and bitRate,0,100.0Gbps,7,12, ,0.0,0.0,0.0,0.0,0.0
BitRate blocking probability per pair and bitRate,0,100.0Gbps,7,22, ,0.0,0.0,0.0,0.0,0.0
BitRate blocking probability per pair and bitRate,0,100.0Gbps,23,5, ,0.0,0.0,0.0,0.0,0.0
BitRate blocking probability per pair and bitRate,0,100.0Gbps,21,17, ,0.0,0.0,0.0,0.0,0.0
BitRate blocking probability per pair and bitRate,0,100.0Gbps,1,11, ,0.0,0.0,0.0,0.0,0.0
BitRate blocking probability per pair and bitRate,0,100.0Gbps,18,12, ,0.0,0.0,0.0,0.0,0.0
BitRate blocking probability per pair and bitRate,0,100.0Gbps,23,10, ,0.0,0.0,0.0,0.0,0.0
BitRate blocking probability per pair and bitRate,0,100.0Gbps,18,7, ,0.0,0.0,0.0,0.0,0.0
BitRate blocking probability per pair and bitRate,0,100.0Gbps,24,22, ,0.0,0.0,0.0,0.0,0.0
BitRate blocking probability per pair and bitRate,0,100.0Gbps,21,2, ,0.0,0.0,0.0,0.0,0.0
BitRate blocking probability per pair and bitRate,0,100.0Gbps,16,4, ,0.0,0.0,0.0,0.0,0.0
BitRate blocking probability per pair and bitRate,0,100.0Gbps,10,9, ,0.0,0.0,0.0,0.0,0.0
BitRate blocking probability per pair and bitRate,0,100.0Gbps,22,5, ,0.0,0.0,0.0,0.0,0.0
BitRate blocking probability per pair and bitRate,0,100.0Gbps,9,17, ,0.0,0.0,0.0,0.0,0.0
BitRate blocking probability per pair and bitRate,0,100.0Gbps,8,20, ,0.0,0.0,0.0,0.0,0.0
BitRate blocking probability per pair and bitRate,0,100.0Gbps,1,24, ,0.0,0.0,0.0,0.0,0.0
BitRate blocking probability per pair and bitRate,0,100.0Gbps,2,14, ,0.0,0.0,0.0,0.0,0.0
BitRate blocking probability per pair and bitRate,0,100.0Gbps,5,18, ,0.0,0.0,0.0,0.0,0.0
BitRate blocking probability per pair and bitRate,0,100.0Gbps,8,9, ,0.0,0.0,0.0,0.0,0.0
BitRate blocking probability per pair and bitRate,0,100.0Gbps,9,13, ,0.0,0.0,0.0,0.0,0.0
BitRate blocking probability per pair and bitRate,0,100.0Gbps,24,13, ,0.0,0.0,0.0,0.0,0.0
BitRate blocking probability per pair and bitRate,0,100.0Gbps,2,17, ,0.0,0.0,0.0,0.0,0.0
BitRate blocking probability per pair and bitRate,0,100.0Gbps,20,1, ,0.0,0.0,0.0,0.0,0.0
BitRate blocking probability per pair and bitRate,0,100.0Gbps,19,2, ,0.0,0.0,0.0,0.0,0.0
BitRate blocking probability per pair and bitRate,0,100.0Gbps,4,3, ,0.0,0.0,0.0,0.0,0.0
BitRate blocking probability per pair and bitRate,0,100.0Gbps,22,4, ,0.0,0.0,0.0,0.0,0.0
BitRate blocking probability per pair and bitRate,0,100.0Gbps,5,4, ,0.0,0.0,0.0,0.0,0.0
BitRate blocking probability per pair and bitRate,0,100.0Gbps,16,19, ,0.0,0.0,0.0,0.0,0.0
BitRate blocking probability per pair and bitRate,0,100.0Gbps,12,6, ,0.0,0.0,0.0,0.0,0.0
BitRate blocking probability per pair and bitRate,0,100.0Gbps,17,8, ,0.0,0.0,0.0,0.0,0.0
BitRate blocking probability per pair and bitRate,0,100.0Gbps,12,9, ,0.0,0.0,0.0,0.0,0.0
BitRate blocking probability per pair and bitRate,0,100.0Gbps,11,20, ,0.0,0.0,0.0,0.0,0.0
BitRate blocking probability per pair and bitRate,0,100.0Gbps,15,12, ,0.0,0.0,0.0,0.0,0.0
BitRate blocking probability per pair and bitRate,0,100.0Gbps,9,16, ,0.0,0.0,0.0,0.0,0.0
BitRate blocking probability per pair and bitRate,0,100.0Gbps,7,15, ,0.0,0.0,0.0,0.0,0.0
BitRate blocking probability per pair and bitRate,0,100.0Gbps,6,13, ,0.0,0.0,0.0,0.0,0.0
BitRate blocking probability per pair and bitRate,0,100.0Gbps,19,18, ,0.0,0.0,0.0,0.0,0.0
BitRate blocking probability per pair and bitRate,0,100.0Gbps,3,9, ,0.0,0.0,0.0,0.0,0.0
BitRate blocking probability per pair and bitRate,0,100.0Gbps,21,18, ,0.0,0.0,0.0,0.0,0.0
BitRate blocking probability per pair and bitRate,0,100.0Gbps,1,17, ,0.0,0.0,0.0,0.0,0.0
BitRate blocking probability per pair and bitRate,0,100.0Gbps,8,24, ,0.0,0.0,0.0,0.0,0.0
BitRate blocking probability per pair and bitRate,0,100.0Gbps,7,16, ,0.0,0.0,0.0,0.0,0.0
BitRate blocking probability per pair and bitRate,0,100.0Gbps,15,21, ,0.0,0.0,0.0,0.0,0.0
BitRate blocking probability per pair and bitRate,0,100.0Gbps,18,22, ,0.0,0.0,0.0,0.0,0.0
BitRate blocking probability per pair and bitRate,0,100.0Gbps,14,2, ,0.0,0.0,0.0,0.0,0.0
BitRate blocking probability per pair and bitRate,0,100.0Gbps,2,12, ,0.0,0.0,0.0,0.0,0.0
BitRate blocking probability per pair and bitRate,0,100.0Gbps,12,8, ,0.0,0.0,0.0,0.0,0.0
BitRate blocking probability per pair and bitRate,0,100.0Gbps,1,13, ,0.0,0.0,0.0,0.0,0.0
BitRate blocking probability per pair and bitRate,0,100.0Gbps,8,18, ,0.0,0.0,0.0,0.0,0.0
BitRate blocking probability per pair and bitRate,0,100.0Gbps,15,6, ,0.0,0.0,0.0,0.0,0.0
BitRate blocking probability per pair and bitRate,0,100.0Gbps,6,20, ,0.0,0.0,0.0,0.0,0.0
BitRate blocking probability per pair and bitRate,0,100.0Gbps,7,21, ,0.0,0.0,0.0,0.0,0.0
BitRate blocking probability per pair and bitRate,0,100.0Gbps,9,3, ,0.0,0.0,0.0,0.0,0.0
BitRate blocking probability per pair and bitRate,0,100.0Gbps,12,13, ,0.0,0.0,0.0,0.0,0.0
BitRate blocking probability per pair and bitRate,0,100.0Gbps,8,22, ,0.0,0.0,0.0,0.0,0.0
BitRate blocking probability per pair and bitRate,0,100.0Gbps,2,3, ,0.0,0.0,0.0,0.0,0.0
BitRate blocking probability per pair and bitRate,0,100.0Gbps,14,18, ,0.0,0.0,0.0,0.0,0.0
BitRate blocking probability per pair and bitRate,0,100.0Gbps,23,20, ,0.0,0.0,0.0,0.0,0.0
BitRate blocking probability per pair and bitRate,0,100.0Gbps,4,20, ,0.0,0.0,0.0,0.0,0.0
BitRate blocking probability per pair and bitRate,0,100.0Gbps,4,24, ,0.0,0.0,0.0,0.0,0.0
BitRate blocking probability per pair and bitRate,0,100.0Gbps,16,15, ,0.0,0.0,0.0,0.0,0.0
BitRate blocking probability per pair and bitRate,0,100.0Gbps,24,16, ,0.0,0.0,0.0,0.0,0.0
BitRate blocking probability per pair and bitRate,0,100.0Gbps,19,12, ,0.0,0.0,0.0,0.0,0.0
BitRate blocking probability per pair and bitRate,0,100.0Gbps,6,15, ,0.0,0.0,0.0,0.0,0.0
BitRate blocking probability per pair and bitRate,0,100.0Gbps,8,7, ,0.0,0.0,0.0,0.0,0.0
BitRate blocking probability per pair and bitRate,0,100.0Gbps,2,20, ,0.0,0.0,0.0,0.0,0.0
BitRate blocking probability per pair and bitRate,0,100.0Gbps,11,9, ,0.0,0.0,0.0,0.0,0.0
BitRate blocking probability per pair and bitRate,0,100.0Gbps,4,12, ,0.0,0.0,0.0,0.0,0.0
BitRate blocking probability per pair and bitRate,0,100.0Gbps,13,23, ,0.0,0.0,0.0,0.0,0.0
BitRate blocking probability per pair and bitRate,0,100.0Gbps,11,16, ,0.0,0.0,0.0,0.0,0.0
BitRate blocking probability per pair and bitRate,0,100.0Gbps,3,11, ,0.0,0.0,0.0,0.0,0.0
BitRate blocking probability per pair and bitRate,0,100.0Gbps,2,5, ,0.0,0.0,0.0,0.0,0.0
BitRate blocking probability per pair and bitRate,0,100.0Gbps,3,24, ,0.0,0.0,0.0,0.0,0.0
BitRate blocking probability per pair and bitRate,0,100.0Gbps,18,1, ,0.0,0.0,0.0,0.0,0.0
BitRate blocking probability per pair and bitRate,0,100.0Gbps,10,2, ,0.0,0.0,0.0,0.0,0.0
BitRate blocking probability per pair and bitRate,0,100.0Gbps,15,16, ,0.0,0.0,0.0,0.0,0.0
BitRate blocking probability per pair and bitRate,0,100.0Gbps,20,17, ,0.0,0.0,0.0,0.0,0.0
BitRate blocking probability per pair and bitRate,0,100.0Gbps,5,13, ,0.0,0.0,0.0,0.0,0.0
BitRate blocking probability per pair and bitRate,0,100.0Gbps,24,15, ,0.0,0.0,0.0,0.0,0.0
BitRate blocking probability per pair and bitRate,0,100.0Gbps,12,17, ,0.0,0.0,0.0,0.0,0.0
BitRate blocking probability per pair and bitRate,0,100.0Gbps,20,2, ,0.0,0.0,0.0,0.0,0.0
BitRate blocking probability per pair and bitRate,0,100.0Gbps,5,19, ,0.0,0.0,0.0,0.0,0.0
BitRate blocking probability per pair and bitRate,0,100.0Gbps,6,8, ,0.0,0.0,0.0,0.0,0.0
BitRate blocking probability per pair and bitRate,0,100.0Gbps,4,10, ,0.0,0.0,0.0,0.0,0.0
BitRate blocking probability per pair and bitRate,0,100.0Gbps,1,4, ,0.0,0.0,0.0,0.0,0.0
BitRate blocking probability per pair and bitRate,0,100.0Gbps,12,23, ,0.0,0.0,0.0,0.0,0.0
BitRate blocking probability per pair and bitRate,0,100.0Gbps,23,4, ,0.0,0.0,0.0,0.0,0.0
BitRate blocking probability per pair and bitRate,0,100.0Gbps,12,20, ,0.0,0.0,0.0,0.0,0.0
BitRate blocking probability per pair and bitRate,0,100.0Gbps,11,19, ,0.0,0.0,0.0,0.0,0.0
BitRate blocking probability per pair and bitRate,0,100.0Gbps,2,11, ,0.0,0.0,0.0,0.0,0.0
BitRate blocking probability per pair and bitRate,0,100.0Gbps,8,23, ,0.0,0.0,0.0,0.0,0.0
BitRate blocking probability per pair and bitRate,0,100.0Gbps,10,14, ,0.0,0.0,0.0,0.0,0.0
BitRate blocking probability per pair and bitRate,0,100.0Gbps,21,22, ,0.0,0.0,0.0,0.0,0.0
BitRate blocking probability per pair and bitRate,0,100.0Gbps,9,11, ,0.0,0.0,0.0,0.0,0.0
BitRate blocking probability per pair and bitRate,0,100.0Gbps,23,7, ,0.0,0.0,0.0,0.0,0.0
BitRate blocking probability per pair and bitRate,0,100.0Gbps,24,18, ,0.0,0.0,0.0,0.0,0.0
BitRate blocking probability per pair and bitRate,0,100.0Gbps,14,24, ,0.0,0.0,0.0,0.0,0.0
BitRate blocking probability per pair and bitRate,0,100.0Gbps,6,4, ,0.0,0.0,0.0,0.0,0.0
BitRate blocking probability per pair and bitRate,0,100.0Gbps,21,9, ,0.0,0.0,0.0,0.0,0.0
BitRate blocking probability per pair and bitRate,0,100.0Gbps,15,1, ,0.0,0.0,0.0,0.0,0.0
BitRate blocking probability per pair and bitRate,0,100.0Gbps,13,8, ,0.0,0.0,0.0,0.0,0.0
BitRate blocking probability per pair and bitRate,0,100.0Gbps,13,12, ,0.0,0.0,0.0,0.0,0.0
BitRate blocking probability per pair and bitRate,0,100.0Gbps,12,11, ,0.0,0.0,0.0,0.0,0.0
BitRate blocking probability per pair and bitRate,0,100.0Gbps,23,16, ,0.0,0.0,0.0,0.0,0.0
BitRate blocking probability per pair and bitRate,0,100.0Gbps,16,10, ,0.0,0.0,0.0,0.0,0.0
BitRate blocking probability per pair and bitRate,0,100.0Gbps,14,4, ,0.0,0.0,0.0,0.0,0.0
BitRate blocking probability per pair and bitRate,0,100.0Gbps,10,21, ,0.0,0.0,0.0,0.0,0.0
BitRate blocking probability per pair and bitRate,0,100.0Gbps,1,16, ,0.0,0.0,0.0,0.0,0.0
BitRate blocking probability per pair and bitRate,0,100.0Gbps,5,14, ,0.0,0.0,0.0,0.0,0.0
BitRate blocking probability per pair and bitRate,0,100.0Gbps,14,3, ,0.0,0.0,0.0,0.0,0.0
BitRate blocking probability per pair and bitRate,0,100.0Gbps,9,5, ,0.0,0.0,0.0,0.0,0.0
BitRate blocking probability per pair and bitRate,0,100.0Gbps,11,23, ,0.0,0.0,0.0,0.0,0.0
BitRate blocking probability per pair and bitRate,0,100.0Gbps,23,12, ,0.0,0.0,0.0,0.0,0.0
BitRate blocking probability per pair and bitRate,0,100.0Gbps,18,4, ,0.0,0.0,0.0,0.0,0.0
BitRate blocking probability per pair and bitRate,0,100.0Gbps,19,10, ,0.0,0.0,0.0,0.0,0.0
BitRate blocking probability per pair and bitRate,0,100.0Gbps,14,19, ,0.0,0.0,0.0,0.0,0.0
BitRate blocking probability per pair and bitRate,0,100.0Gbps,3,18, ,0.0,0.0,0.0,0.0,0.0
BitRate blocking probability per pair and bitRate,0,100.0Gbps,1,21, ,0.0,0.0,0.0,0.0,0.0
BitRate blocking probability per pair and bitRate,0,100.0Gbps,10,16, ,0.0,0.0,0.0,0.0,0.0
BitRate blocking probability per pair and bitRate,0,100.0Gbps,24,9, ,0.0,0.0,0.0,0.0,0.0
BitRate blocking probability per pair and bitRate,0,100.0Gbps,3,21, ,0.0,0.0,0.0,0.0,0.0
BitRate blocking probability per pair and bitRate,0,100.0Gbps,12,24, ,0.0,0.0,0.0,0.0,0.0
BitRate blocking probability per pair and bitRate,0,100.0Gbps,15,9, ,0.0,0.0,0.0,0.0,0.0
BitRate blocking probability per pair and bitRate,0,100.0Gbps,18,14, ,0.0,0.0,0.0,0.0,0.0
BitRate blocking probability per pair and bitRate,0,100.0Gbps,16,3, ,0.0,0.0,0.0,0.0,0.0
BitRate blocking probability per pair and bitRate,0,100.0Gbps,15,5, ,0.0,0.0,0.0,0.0,0.0
BitRate blocking probability per pair and bitRate,0,100.0Gbps,16,21, ,0.0,0.0,0.0,0.0,0.0
BitRate blocking probability per pair and bitRate,0,100.0Gbps,8,17, ,0.0,0.0,0.0,0.0,0.0
BitRate blocking probability per pair and bitRate,0,100.0Gbps,5,16, ,0.0,0.0,0.0,0.0,0.0
BitRate blocking probability per pair and bitRate,0,100.0Gbps,21,4, ,0.0,0.0,0.0,0.0,0.0
BitRate blocking probability per pair and bitRate,0,100.0Gbps,17,19, ,0.0,0.0,0.0,0.0,0.0
BitRate blocking probability per pair and bitRate,0,100.0Gbps,16,12, ,0.0,0.0,0.0,0.0,0.0
BitRate blocking probability per pair and bitRate,0,100.0Gbps,7,19, ,0.0,0.0,0.0,0.0,0.0
BitRate blocking probability per pair and bitRate,0,100.0Gbps,8,19, ,0.0,0.0,0.0,0.0,0.0
BitRate blocking probability per pair and bitRate,0,100.0Gbps,9,20, ,0.0,0.0,0.0,0.0,0.0
BitRate blocking probability per pair and bitRate,0,100.0Gbps,13,10, ,0.0,0.0,0.0,0.0,0.0
BitRate blocking probability per pair and bitRate,0,100.0Gbps,17,16, ,0.0,0.0,0.0,0.0,0.0
BitRate blocking probability per pair and bitRate,0,100.0Gbps,5,7, ,0.0,0.0,0.0,0.0,0.0
BitRate blocking probability per pair and bitRate,0,100.0Gbps,5,10, ,0.0,0.0,0.0,0.0,0.0
BitRate blocking probability per pair and bitRate,0,100.0Gbps,22,14, ,0.0,0.0,0.0,0.0,0.0
BitRate blocking probability per pair and bitRate,0,100.0Gbps,2,24, ,0.0,0.0,0.0,0.0,0.0
BitRate blocking probability per pair and bitRate,0,100.0Gbps,11,15, ,0.0,0.0,0.0,0.0,0.0
BitRate blocking probability per pair and bitRate,0,100.0Gbps,19,13, ,0.0,0.0,0.0,0.0,0.0
BitRate blocking probability per pair and bitRate,0,100.0Gbps,9,14, ,0.0,0.0,0.0,0.0,0.0
BitRate blocking probability per pair and bitRate,0,100.0Gbps,13,20, ,0.0,0.0,0.0,0.0,0.0
BitRate blocking probability per pair and bitRate,0,100.0Gbps,20,15, ,0.0,0.0,0.0,0.0,0.0
BitRate blocking probability per pair and bitRate,0,100.0Gbps,1,9, ,0.0,0.0,0.0,0.0,0.0
BitRate blocking probability per pair and bitRate,0,100.0Gbps,4,16, ,0.0,0.0,0.0,0.0,0.0
BitRate blocking probability per pair and bitRate,0,100.0Gbps,21,20, ,0.0,0.0,0.0,0.0,0.0
BitRate blocking probability per pair and bitRate,0,100.0Gbps,6,18, ,0.0,0.0,0.0,0.0,0.0
BitRate blocking probability per pair and bitRate,0,100.0Gbps,3,20, ,0.0,0.0,0.0,0.0,0.0
BitRate blocking probability per pair and bitRate,0,100.0Gbps,21,10, ,0.0,0.0,0.0,0.0,0.0
BitRate blocking probability per pair and bitRate,0,100.0Gbps,2,19, ,0.0,0.0,0.0,0.0,0.0
BitRate blocking probability per pair and bitRate,0,100.0Gbps,7,17, ,0.0,0.0,0.0,0.0,0.0
BitRate blocking probability per pair and bitRate,0,100.0Gbps,14,5, ,0.0,0.0,0.0,0.0,0.0
BitRate blocking probability per pair and bitRate,0,100.0Gbps,7,13, ,0.0,0.0,0.0,0.0,0.0
BitRate blocking probability per pair and bitRate,0,100.0Gbps,5,15, ,0.0,0.0,0.0,0.0,0.0
BitRate blocking probability per pair and bitRate,0,100.0Gbps,18,8, ,0.0,0.0,0.0,0.0,0.0
BitRate blocking probability per pair and bitRate,0,100.0Gbps,19,17, ,0.0,0.0,0.0,0.0,0.0
BitRate blocking probability per pair and bitRate,0,100.0Gbps,19,21, ,0.0,0.0,0.0,0.0,0.0
BitRate blocking probability per pair and bitRate,0,100.0Gbps,19,3, ,0.0,0.0,0.0,0.0,0.0
BitRate blocking probability per pair and bitRate,0,100.0Gbps,13,19, ,0.0,0.0,0.0,0.0,0.0
BitRate blocking probability per pair and bitRate,0,100.0Gbps,12,18, ,0.0,0.0,0.0,0.0,0.0
BitRate blocking probability per pair and bitRate,0,100.0Gbps,13,3, ,0.0,0.0,0.0,0.0,0.0
BitRate blocking probability per pair and bitRate,0,100.0Gbps,7,18, ,0.0,0.0,0.0,0.0,0.0
BitRate blocking probability per pair and bitRate,0,100.0Gbps,17,12, ,0.0,0.0,0.0,0.0,0.0
BitRate blocking probability per pair and bitRate,0,100.0Gbps,13,9, ,0.0,0.0,0.0,0.0,0.0
BitRate blocking probability per pair and bitRate,0,100.0Gbps,6,22, ,0.0,0.0,0.0,0.0,0.0
BitRate blocking probability per pair and bitRate,0,100.0Gbps,1,15, ,0.0,0.0,0.0,0.0,0.0
BitRate blocking probability per pair and bitRate,0,100.0Gbps,3,19, ,0.0,0.0,0.0,0.0,0.0
BitRate blocking probability per pair and bitRate,0,100.0Gbps,12,4, ,0.0,0.0,0.0,0.0,0.0
BitRate blocking probability per pair and bitRate,0,100.0Gbps,16,24, ,0.0,0.0,0.0,0.0,0.0
BitRate blocking probability per pair and bitRate,0,100.0Gbps,6,10, ,0.0,0.0,0.0,0.0,0.0
BitRate blocking probability per pair and bitRate,0,100.0Gbps,2,18, ,0.0,0.0,0.0,0.0,0.0
BitRate blocking probability per pair and bitRate,0,100.0Gbps,18,21, ,0.0,0.0,0.0,0.0,0.0
BitRate blocking probability per pair and bitRate,0,100.0Gbps,18,3, ,0.0,0.0,0.0,0.0,0.0
BitRate blocking probability per pair and bitRate,0,100.0Gbps,15,18, ,0.0,0.0,0.0,0.0,0.0
BitRate blocking probability per pair and bitRate,0,100.0Gbps,4,14, ,0.0,0.0,0.0,0.0,0.0
BitRate blocking probability per pair and bitRate,0,100.0Gbps,7,20, ,0.0,0.0,0.0,0.0,0.0
BitRate blocking probability per pair and bitRate,0,100.0Gbps,13,15, ,0.0,0.0,0.0,0.0,0.0
BitRate blocking probability per pair and bitRate,0,100.0Gbps,13,21, ,0.0,0.0,0.0,0.0,0.0
BitRate blocking probability per pair and bitRate,0,100.0Gbps,15,14, ,0.0,0.0,0.0,0.0,0.0
BitRate blocking probability per pair and bitRate,0,100.0Gbps,3,15, ,0.0,0.0,0.0,0.0,0.0
BitRate blocking probability per pair and bitRate,0,100.0Gbps,18,5, ,0.0,0.0,0.0,0.0,0.0
BitRate blocking probability per pair and bitRate,0,100.0Gbps,12,1, ,0.0,0.0,0.0,0.0,0.0
BitRate blocking probability per pair and bitRate,0,100.0Gbps,6,7, ,0.0,0.0,0.0,0.0,0.0
BitRate blocking probability per pair and bitRate,0,100.0Gbps,24,3, ,0.0,0.0,0.0,0.0,0.0
BitRate blocking probability per pair and bitRate,0,100.0Gbps,19,5, ,0.0,0.0,0.0,0.0,0.0
BitRate blocking probability per pair and bitRate,0,100.0Gbps,20,19, ,0.0,0.0,0.0,0.0,0.0
BitRate blocking probability per pair and bitRate,0,100.0Gbps,5,17, ,0.0,0.0,0.0,0.0,0.0
BitRate blocking probability per pair and bitRate,0,100.0Gbps,20,12, ,0.0,0.0,0.0,0.0,0.0
BitRate blocking probability per pair and bitRate,0,100.0Gbps,4,22, ,0.0,0.0,0.0,0.0,0.0
BitRate blocking probability per pair and bitRate,0,100.0Gbps,7,8, ,0.0,0.0,0.0,0.0,0.0
BitRate blocking probability per pair and bitRate,0,100.0Gbps,14,1, ,0.0,0.0,0.0,0.0,0.0
BitRate blocking probability per pair and bitRate,0,100.0Gbps,20,21, ,0.0,0.0,0.0,0.0,0.0
BitRate blocking probability per pair and bitRate,0,100.0Gbps,1,6, ,0.0,0.0,0.0,0.0,0.0
BitRate blocking probability per pair and bitRate,0,100.0Gbps,13,2, ,0.0,0.0,0.0,0.0,0.0
BitRate blocking probability per pair and bitRate,0,100.0Gbps,14,20, ,0.0,0.0,0.0,0.0,0.0
BitRate blocking probability per pair and bitRate,0,100.0Gbps,16,20, ,0.0,0.0,0.0,0.0,0.0
BitRate blocking probability per pair and bitRate,0,100.0Gbps,18,15, ,0.0,0.0,0.0,0.0,0.0
BitRate blocking probability per pair and bitRate,0,100.0Gbps,6,2, ,0.0,0.0,0.0,0.0,0.0
BitRate blocking probability per pair and bitRate,0,100.0Gbps,9,15, ,0.0,0.0,0.0,0.0,0.0
BitRate blocking probability per pair and bitRate,0,100.0Gbps,15,17, ,0.0,0.0,0.0,0.0,0.0
BitRate blocking probability per pair and bitRate,0,100.0Gbps,18,2, ,0.0,0.0,0.0,0.0,0.0
BitRate blocking probability per pair and bitRate,0,100.0Gbps,15,24, ,0.0,0.0,0.0,0.0,0.0
BitRate blocking probability per pair and bitRate,0,100.0Gbps,7,10, ,0.0,0.0,0.0,0.0,0.0
BitRate blocking probability per pair and bitRate,0,100.0Gbps,14,21, ,0.0,0.0,0.0,0.0,0.0
BitRate blocking probability per pair and bitRate,0,100.0Gbps,23,15, ,0.0,0.0,0.0,0.0,0.0
BitRate blocking probability per pair and bitRate,0,100.0Gbps,11,1, ,0.0,0.0,0.0,0.0,0.0
BitRate blocking probability per pair and bitRate,0,100.0Gbps,19,20, ,0.0,0.0,0.0,0.0,0.0
BitRate blocking probability per pair and bitRate,0,100.0Gbps,1,8, ,0.0,0.0,0.0,0.0,0.0
BitRate blocking probability per pair and bitRate,0,100.0Gbps,16,1, ,0.0,0.0,0.0,0.0,0.0
BitRate blocking probability per pair and bitRate,0,100.0Gbps,24,5, ,0.0,0.0,0.0,0.0,0.0
BitRate blocking probability per pair and bitRate,0,100.0Gbps,2,4, ,0.0,0.0,0.0,0.0,0.0
BitRate blocking probability per pair and bitRate,0,100.0Gbps,10,5, ,0.0,0.0,0.0,0.0,0.0
BitRate blocking probability per pair and bitRate,0,100.0Gbps,21,7, ,0.0,0.0,0.0,0.0,0.0
BitRate blocking probability per pair and bitRate,0,100.0Gbps,23,11, ,0.0,0.0,0.0,0.0,0.0
BitRate blocking probability per pair and bitRate,0,100.0Gbps,19,6, ,0.0,0.0,0.0,0.0,0.0
BitRate blocking probability per pair and bitRate,0,100.0Gbps,10,17, ,0.0,0.0,0.0,0.0,0.0
BitRate blocking probability per pair and bitRate,0,100.0Gbps,3,8, ,0.0,0.0,0.0,0.0,0.0
BitRate blocking probability per pair and bitRate,0,100.0Gbps,3,23, ,0.0,0.0,0.0,0.0,0.0
BitRate blocking probability per pair and bitRate,0,100.0Gbps,17,9, ,0.0,0.0,0.0,0.0,0.0
BitRate blocking probability per pair and bitRate,0,100.0Gbps,9,18, ,0.0,0.0,0.0,0.0,0.0
BitRate blocking probability per pair and bitRate,0,100.0Gbps,1,3, ,0.0,0.0,0.0,0.0,0.0
BitRate blocking probability per pair and bitRate,0,100.0Gbps,10,20, ,0.0,0.0,0.0,0.0,0.0
BitRate blocking probability per pair and bitRate,0,100.0Gbps,21,6, ,0.0,0.0,0.0,0.0,0.0
BitRate blocking probability per pair and bitRate,0,100.0Gbps,8,5, ,0.0,0.0,0.0,0.0,0.0
BitRate blocking probability per pair and bitRate,0,100.0Gbps,9,8, ,0.0,0.0,0.0,0.0,0.0
BitRate blocking probability per pair and bitRate,0,100.0Gbps,24,4, ,0.0,0.0,0.0,0.0,0.0
BitRate blocking probability per pair and bitRate,0,100.0Gbps,1,12, ,0.0,0.0,0.0,0.0,0.0
BitRate blocking probability per pair and bitRate,0,100.0Gbps,11,5, ,0.0,0.0,0.0,0.0,0.0
BitRate blocking probability per pair and bitRate,0,100.0Gbps,22,7, ,0.0,0.0,0.0,0.0,0.0
BitRate blocking probability per pair and bitRate,0,100.0Gbps,22,8, ,0.0,0.0,0.0,0.0,0.0
BitRate blocking probability per pair and bitRate,0,100.0Gbps,20,22, ,0.0,0.0,0.0,0.0,0.0
BitRate blocking probability per pair and bitRate,0,100.0Gbps,13,24, ,0.0,0.0,0.0,0.0,0.0
BitRate blocking probability per pair and bitRate,0,100.0Gbps,1,7, ,0.0,0.0,0.0,0.0,0.0
BitRate blocking probability per pair and bitRate,0,100.0Gbps,17,20, ,0.0,0.0,0.0,0.0,0.0
BitRate blocking probability per pair and bitRate,0,100.0Gbps,16,18, ,0.0,0.0,0.0,0.0,0.0
BitRate blocking probability per pair and bitRate,0,100.0Gbps,16,8, ,0.0,0.0,0.0,0.0,0.0
BitRate blocking probability per pair and bitRate,0,100.0Gbps,12,15, ,0.0,0.0,0.0,0.0,0.0
BitRate blocking probability per pair and bitRate,0,100.0Gbps,17,5, ,0.0,0.0,0.0,0.0,0.0
BitRate blocking probability per pair and bitRate,0,100.0Gbps,23,14, ,0.0,0.0,0.0,0.0,0.0
BitRate blocking probability per pair and bitRate,0,100.0Gbps,1,19, ,0.0,0.0,0.0,0.0,0.0
BitRate blocking probability per pair and bitRate,0,100.0Gbps,17,7, ,0.0,0.0,0.0,0.0,0.0
BitRate blocking probability per pair and bitRate,0,100.0Gbps,18,9, ,0.0,0.0,0.0,0.0,0.0
BitRate blocking probability per pair and bitRate,0,100.0Gbps,18,23, ,0.0,0.0,0.0,0.0,0.0
BitRate blocking probability per pair and bitRate,0,100.0Gbps,13,22, ,0.0,0.0,0.0,0.0,0.0
BitRate blocking probability per pair and bitRate,0,100.0Gbps,7,6, ,0.0,0.0,0.0,0.0,0.0
BitRate blocking probability per pair and bitRate,0,100.0Gbps,9,23, ,0.0,0.0,0.0,0.0,0.0
BitRate blocking probability per pair and bitRate,0,100.0Gbps,13,6, ,0.0,0.0,0.0,0.0,0.0
BitRate blocking probability per pair and bitRate,0,100.0Gbps,15,8, ,0.0,0.0,0.0,0.0,0.0
BitRate blocking probability per pair and bitRate,0,100.0Gbps,13,14, ,0.0,0.0,0.0,0.0,0.0
BitRate blocking probability per pair and bitRate,0,100.0Gbps,20,3, ,0.0,0.0,0.0,0.0,0.0
BitRate blocking probability per pair and bitRate,0,100.0Gbps,21,16, ,0.0,0.0,0.0,0.0,0.0
BitRate blocking probability per pair and bitRate,0,100.0Gbps,3,16, ,0.0,0.0,0.0,0.0,0.0
BitRate blocking probability per pair and bitRate,0,100.0Gbps,22,13, ,0.0,0.0,0.0,0.0,0.0
BitRate blocking probability per pair and bitRate,0,100.0Gbps,3,14, ,0.0,0.0,0.0,0.0,0.0
BitRate blocking probability per pair and bitRate,0,100.0Gbps,3,7, ,0.0,0.0,0.0,0.0,0.0
BitRate blocking probability per pair and bitRate,0,100.0Gbps,10,22, ,0.0,0.0,0.0,0.0,0.0
BitRate blocking probability per pair and bitRate,0,100.0Gbps,8,10, ,0.0,0.0,0.0,0.0,0.0
BitRate blocking probability per pair and bitRate,0,100.0Gbps,22,6, ,0.0,0.0,0.0,0.0,0.0
BitRate blocking probability per pair and bitRate,0,100.0Gbps,5,2, ,0.0,0.0,0.0,0.0,0.0
BitRate blocking probability per pair and bitRate,0,100.0Gbps,13,5, ,0.0,0.0,0.0,0.0,0.0
BitRate blocking probability per pair and bitRate,0,100.0Gbps,23,8, ,0.0,0.0,0.0,0.0,0.0
BitRate blocking probability per pair and bitRate,0,100.0Gbps,13,11, ,0.0,0.0,0.0,0.0,0.0
BitRate blocking probability per pair and bitRate,0,100.0Gbps,13,7, ,0.0,0.0,0.0,0.0,0.0
BitRate blocking probability per pair and bitRate,0,100.0Gbps,3,13, ,0.0,0.0,0.0,0.0,0.0
BitRate blocking probability per pair and bitRate,0,100.0Gbps,10,12, ,0.0,0.0,0.0,0.0,0.0
BitRate blocking probability per pair and bitRate,0,100.0Gbps,24,11, ,0.0,0.0,0.0,0.0,0.0
BitRate blocking probability per pair and bitRate,0,100.0Gbps,9,7, ,0.0,0.0,0.0,0.0,0.0
BitRate blocking probability per pair and bitRate,0,100.0Gbps,24,12, ,0.0,0.0,0.0,0.0,0.0
BitRate blocking probability per pair and bitRate,0,100.0Gbps,15,3, ,0.0,0.0,0.0,0.0,0.0
BitRate blocking probability per pair and bitRate,0,100.0Gbps,22,11, ,0.0,0.0,0.0,0.0,0.0
BitRate blocking probability per pair and bitRate,0,100.0Gbps,18,19, ,0.0,0.0,0.0,0.0,0.0
BitRate blocking probability per pair and bitRate,0,100.0Gbps,16,7, ,0.0,0.0,0.0,0.0,0.0
BitRate blocking probability per pair and bitRate,0,100.0Gbps,5,24, ,0.0,0.0,0.0,0.0,0.0
BitRate blocking probability per pair and bitRate,0,100.0Gbps,10,19, ,0.0,0.0,0.0,0.0,0.0
BitRate blocking probability per pair and bitRate,0,100.0Gbps,23,13, ,0.0,0.0,0.0,0.0,0.0
BitRate blocking probability per pair and bitRate,0,100.0Gbps,12,3, ,0.0,0.0,0.0,0.0,0.0
BitRate blocking probability per pair and bitRate,0,100.0Gbps,9,10, ,0.0,0.0,0.0,0.0,0.0
BitRate blocking probability per pair and bitRate,0,100.0Gbps,4,18, ,0.0,0.0,0.0,0.0,0.0
BitRate blocking probability per pair and bitRate,0,100.0Gbps,4,19, ,0.0,0.0,0.0,0.0,0.0
BitRate blocking probability per pair and bitRate,0,100.0Gbps,17,15, ,0.0,0.0,0.0,0.0,0.0
BitRate blocking probability per pair and bitRate,0,100.0Gbps,2,22, ,0.0,0.0,0.0,0.0,0.0
BitRate blocking probability per pair and bitRate,0,100.0Gbps,11,17, ,0.0,0.0,0.0,0.0,0.0
BitRate blocking probability per pair and bitRate,0,100.0Gbps,18,13, ,0.0,0.0,0.0,0.0,0.0
BitRate blocking probability per pair and bitRate,0,100.0Gbps,24,10, ,0.0,0.0,0.0,0.0,0.0
BitRate blocking probability per pair and bitRate,0,100.0Gbps,11,13, ,0.0,0.0,0.0,0.0,0.0
BitRate blocking probability per pair and bitRate,0,100.0Gbps,12,22, ,0.0,0.0,0.0,0.0,0.0
BitRate blocking probability per pair and bitRate,0,100.0Gbps,20,23, ,0.0,0.0,0.0,0.0,0.0
BitRate blocking probability per pair and bitRate,0,100.0Gbps,4,7, ,0.0,0.0,0.0,0.0,0.0
BitRate blocking probability per pair and bitRate,0,100.0Gbps,9,12, ,0.0,0.0,0.0,0.0,0.0
BitRate blocking probability per pair and bitRate,0,100.0Gbps,4,13, ,0.0,0.0,0.0,0.0,0.0
BitRate blocking probability per pair and bitRate,0,100.0Gbps,20,13, ,0.0,0.0,0.0,0.0,0.0
BitRate blocking probability per pair and bitRate,0,100.0Gbps,10,3, ,0.0,0.0,0.0,0.0,0.0
BitRate blocking probability per pair and bitRate,0,100.0Gbps,21,3, ,0.0,0.0,0.0,0.0,0.0
BitRate blocking probability per pair and bitRate,0,100.0Gbps,7,9, ,0.0,0.0,0.0,0.0,0.0
BitRate blocking probability per pair and bitRate,0,100.0Gbps,12,19, ,0.0,0.0,0.0,0.0,0.0
BitRate blocking probability per pair and bitRate,0,100.0Gbps,19,16, ,0.0,0.0,0.0,0.0,0.0
BitRate blocking probability per pair and bitRate,0,100.0Gbps,20,11, ,0.0,0.0,0.0,0.0,0.0
BitRate blocking probability per pair and bitRate,0,100.0Gbps,22,9, ,0.0,0.0,0.0,0.0,0.0
BitRate blocking probability per pair and bitRate,0,100.0Gbps,7,11, ,0.0,0.0,0.0,0.0,0.0
BitRate blocking probability per pair and bitRate,0,100.0Gbps,6,1, ,0.0,0.0,0.0,0.0,0.0
BitRate blocking probability per pair and bitRate,0,100.0Gbps,6,14, ,0.0,0.0,0.0,0.0,0.0
BitRate blocking probability per pair and bitRate,0,100.0Gbps,21,1, ,0.0,0.0,0.0,0.0,0.0
BitRate blocking probability per pair and bitRate,0,100.0Gbps,4,23, ,0.0,0.0,0.0,0.0,0.0
BitRate blocking probability per pair and bitRate,0,100.0Gbps,1,5, ,0.0,0.0,0.0,0.0,0.0
BitRate blocking probability per pair and bitRate,0,100.0Gbps,3,22, ,0.0,0.0,0.0,0.0,0.0
BitRate blocking probability per pair and bitRate,0,100.0Gbps,5,23, ,0.0,0.0,0.0,0.0,0.0
BitRate blocking probability per pair and bitRate,0,100.0Gbps,14,9, ,0.0,0.0,0.0,0.0,0.0
BitRate blocking probability per pair and bitRate,0,100.0Gbps,23,6, ,0.0,0.0,0.0,0.0,0.0
BitRate blocking probability per pair and bitRate,0,100.0Gbps,6,19, ,0.0,0.0,0.0,0.0,0.0
BitRate blocking probability per pair and bitRate,0,100.0Gbps,14,13, ,0.0,0.0,0.0,0.0,0.0
BitRate blocking probability per pair and bitRate,0,100.0Gbps,14,11, ,0.0,0.0,0.0,0.0,0.0
BitRate blocking probability per pair and bitRate,0,100.0Gbps,12,21, ,0.0,0.0,0.0,0.0,0.0
BitRate blocking probability per pair and bitRate,0,100.0Gbps,2,8, ,0.0,0.0,0.0,0.0,0.0
BitRate blocking probability per pair and bitRate,0,100.0Gbps,16,13, ,0.0,0.0,0.0,0.0,0.0
BitRate blocking probability per pair and bitRate,0,100.0Gbps,20,18, ,0.0,0.0,0.0,0.0,0.0
BitRate blocking probability per pair and bitRate,0,100.0Gbps,6,9, ,0.0,0.0,0.0,0.0,0.0
BitRate blocking probability per pair and bitRate,0,100.0Gbps,6,23, ,0.0,0.0,0.0,0.0,0.0
BitRate blocking probability per pair and bitRate,0,100.0Gbps,10,4, ,0.0,0.0,0.0,0.0,0.0
BitRate blocking probability per pair and bitRate,0,100.0Gbps,17,23, ,0.0,0.0,0.0,0.0,0.0
BitRate blocking probability per pair and bitRate,0,100.0Gbps,17,18, ,0.0,0.0,0.0,0.0,0.0
BitRate blocking probability per pair and bitRate,0,100.0Gbps,14,12, ,0.0,0.0,0.0,0.0,0.0
BitRate blocking probability per pair and bitRate,0,100.0Gbps,14,17, ,0.0,0.0,0.0,0.0,0.0
BitRate blocking probability per pair and bitRate,0,100.0Gbps,19,7, ,0.0,0.0,0.0,0.0,0.0
BitRate blocking probability per pair and bitRate,0,100.0Gbps,7,24, ,0.0,0.0,0.0,0.0,0.0
BitRate blocking probability per pair and bitRate,0,100.0Gbps,11,18, ,0.0,0.0,0.0,0.0,0.0
BitRate blocking probability per pair and bitRate,0,100.0Gbps,11,10, ,0.0,0.0,0.0,0.0,0.0
BitRate blocking probability per pair and bitRate,0,100.0Gbps,14,22, ,0.0,0.0,0.0,0.0,0.0
BitRate blocking probability per pair and bitRate,0,100.0Gbps,4,9, ,0.0,0.0,0.0,0.0,0.0
BitRate blocking probability per pair and bitRate,0,100.0Gbps,22,21, ,0.0,0.0,0.0,0.0,0.0
BitRate blocking probability per pair and bitRate,0,100.0Gbps,22,24, ,0.0,0.0,0.0,0.0,0.0
BitRate blocking probability per pair and bitRate,0,100.0Gbps,8,15, ,0.0,0.0,0.0,0.0,0.0
BitRate blocking probability per pair and bitRate,0,100.0Gbps,12,5, ,0.0,0.0,0.0,0.0,0.0
BitRate blocking probability per pair and bitRate,0,100.0Gbps,7,23, ,0.0,0.0,0.0,0.0,0.0
BitRate blocking probability per pair and bitRate,0,100.0Gbps,24,14, ,0.0,0.0,0.0,0.0,0.0
BitRate blocking probability per pair and bitRate,0,100.0Gbps,1,2, ,0.0,0.0,0.0,0.0,0.0
BitRate blocking probability per pair and bitRate,0,100.0Gbps,15,22, ,0.0,0.0,0.0,0.0,0.0
BitRate blocking probability per pair and bitRate,0,100.0Gbps,19,14, ,0.0,0.0,0.0,0.0,0.0
BitRate blocking probability per pair and bitRate,0,100.0Gbps,21,23, ,0.0,0.0,0.0,0.0,0.0
BitRate blocking probability per pair and bitRate,0,100.0Gbps,8,1, ,0.0,0.0,0.0,0.0,0.0
BitRate blocking probability per pair and bitRate,0,100.0Gbps,18,10, ,0.0,0.0,0.0,0.0,0.0
BitRate blocking probability per pair and bitRate,0,100.0Gbps,17,3, ,0.0,0.0,0.0,0.0,0.0
BitRate blocking probability per pair and bitRate,0,100.0Gbps,5,9, ,0.0,0.0,0.0,0.0,0.0
BitRate blocking probability per pair and bitRate,0,100.0Gbps,19,8, ,0.0,0.0,0.0,0.0,0.0
BitRate blocking probability per pair and bitRate,0,100.0Gbps,4,21, ,0.0,0.0,0.0,0.0,0.0
BitRate blocking probability per pair and bitRate,0,100.0Gbps,8,16, ,0.0,0.0,0.0,0.0,0.0
BitRate blocking probability per pair and bitRate,0,100.0Gbps,5,12, ,0.0,0.0,0.0,0.0,0.0
BitRate blocking probability per pair and bitRate,0,100.0Gbps,6,16, ,0.0,0.0,0.0,0.0,0.0
BitRate blocking probability per pair and bitRate,0,100.0Gbps,20,10, ,0.0,0.0,0.0,0.0,0.0
BitRate blocking probability per pair and bitRate,0,100.0Gbps,2,15, ,0.0,0.0,0.0,0.0,0.0
BitRate blocking probability per pair and bitRate,0,100.0Gbps,20,6, ,0.0,0.0,0.0,0.0,0.0
BitRate blocking probability per pair and bitRate,0,100.0Gbps,21,13, ,0.0,0.0,0.0,0.0,0.0
BitRate blocking probability per pair and bitRate,0,100.0Gbps,6,21, ,0.0,0.0,0.0,0.0,0.0
BitRate blocking probability per pair and bitRate,0,100.0Gbps,18,16, ,0.0,0.0,0.0,0.0,0.0
BitRate blocking probability per pair and bitRate,0,100.0Gbps,5,21, ,0.0,0.0,0.0,0.0,0.0
BitRate blocking probability per pair and bitRate,0,100.0Gbps,15,11, ,0.0,0.0,0.0,0.0,0.0
BitRate blocking probability per pair and bitRate,0,100.0Gbps,8,12, ,0.0,0.0,0.0,0.0,0.0
BitRate blocking probability per pair and bitRate,0,100.0Gbps,19,1, ,0.0,0.0,0.0,0.0,0.0
BitRate blocking probability per pair and bitRate,0,100.0Gbps,21,14, ,0.0,0.0,0.0,0.0,0.0
BitRate blocking probability per pair and bitRate,0,100.0Gbps,2,13, ,0.0,0.0,0.0,0.0,0.0
BitRate blocking probability per pair and bitRate,0,100.0Gbps,17,6, ,0.0,0.0,0.0,0.0,0.0
BitRate blocking probability per pair and bitRate,0,100.0Gbps,24,1, ,0.0,0.0,0.0,0.0,0.0
BitRate blocking probability per pair and bitRate,0,100.0Gbps,8,3, ,0.0,0.0,0.0,0.0,0.0
BitRate blocking probability per pair and bitRate,0,100.0Gbps,1,22, ,0.0,0.0,0.0,0.0,0.0
BitRate blocking probability per pair and bitRate,0,100.0Gbps,23,3, ,0.0,0.0,0.0,0.0,0.0
BitRate blocking probability per pair and bitRate,0,100.0Gbps,2,1, ,0.0,0.0,0.0,0.0,0.0
BitRate blocking probability per pair and bitRate,0,100.0Gbps,15,23, ,0.0,0.0,0.0,0.0,0.0
BitRate blocking probability per pair and bitRate,0,100.0Gbps,19,15, ,0.0,0.0,0.0,0.0,0.0
BitRate blocking probability per pair and bitRate,0,100.0Gbps,2,23, ,0.0,0.0,0.0,0.0,0.0
BitRate blocking probability per pair and bitRate,0,100.0Gbps,13,17, ,0.0,0.0,0.0,0.0,0.0
BitRate blocking probability per pair and bitRate,0,100.0Gbps,1,10, ,0.0,0.0,0.0,0.0,0.0
BitRate blocking probability per pair and bitRate,0,100.0Gbps,5,22, ,0.0,0.0,0.0,0.0,0.0
BitRate blocking probability per pair and bitRate,0,100.0Gbps,18,24, ,0.0,0.0,0.0,0.0,0.0
BitRate blocking probability per pair and bitRate,0,100.0Gbps,19,23, ,0.0,0.0,0.0,0.0,0.0
BitRate blocking probability per pair and bitRate,0,100.0Gbps,20,8, ,0.0,0.0,0.0,0.0,0.0
BitRate blocking probability per pair and bitRate,0,100.0Gbps,10,6, ,0.0,0.0,0.0,0.0,0.0
BitRate blocking probability per pair and bitRate,0,100.0Gbps,2,6, ,0.0,0.0,0.0,0.0,0.0
BitRate blocking probability per pair and bitRate,0,100.0Gbps,16,14, ,0.0,0.0,0.0,0.0,0.0
BitRate blocking probability per pair and bitRate,0,100.0Gbps,24,19, ,0.0,0.0,0.0,0.0,0.0
BitRate blocking probability per pair and bitRate,0,100.0Gbps,23,19, ,0.0,0.0,0.0,0.0,0.0
BitRate blocking probability per pair and bitRate,0,100.0Gbps,12,2, ,0.0,0.0,0.0,0.0,0.0
BitRate blocking probability per pair and bitRate,0,100.0Gbps,23,1, ,0.0,0.0,0.0,0.0,0.0
BitRate blocking probability per pair and bitRate,0,100.0Gbps,15,7, ,0.0,0.0,0.0,0.0,0.0
BitRate blocking probability per pair and bitRate,0,100.0Gbps,22,12, ,0.0,0.0,0.0,0.0,0.0
BitRate blocking probability per pair and bitRate,0,100.0Gbps,3,6, ,0.0,0.0,0.0,0.0,0.0
BitRate blocking probability per pair and bitRate,0,100.0Gbps,4,2, ,0.0,0.0,0.0,0.0,0.0
BitRate blocking probability per pair and bitRate,0,100.0Gbps,13,1, ,0.0,0.0,0.0,0.0,0.0
BitRate blocking probability per pair and bitRate,0,100.0Gbps,6,5, ,0.0,0.0,0.0,0.0,0.0
BitRate blocking probability per pair and bitRate,0,100.0Gbps,16,22, ,0.0,0.0,0.0,0.0,0.0
BitRate blocking probability per pair and bitRate,0,100.0Gbps,7,5, ,0.0,0.0,0.0,0.0,0.0
BitRate blocking probability per pair and bitRate,0,100.0Gbps,6,24, ,0.0,0.0,0.0,0.0,0.0
BitRate blocking probability per pair and bitRate,0,100.0Gbps,18,17, ,0.0,0.0,0.0,0.0,0.0
BitRate blocking probability per pair and bitRate,0,100.0Gbps,22,3, ,0.0,0.0,0.0,0.0,0.0
BitRate blocking probability per pair and bitRate,0,100.0Gbps,13,4, ,0.0,0.0,0.0,0.0,0.0
BitRate blocking probability per pair and bitRate,0,100.0Gbps,16,5, ,0.0,0.0,0.0,0.0,0.0
BitRate blocking probability per pair and bitRate,0,100.0Gbps,18,11, ,0.0,0.0,0.0,0.0,0.0
BitRate blocking probability per pair and bitRate,0,100.0Gbps,6,11, ,0.0,0.0,0.0,0.0,0.0
BitRate blocking probability per pair and bitRate,0,100.0Gbps,17,13, ,0.0,0.0,0.0,0.0,0.0
BitRate blocking probability per pair and bitRate,0,100.0Gbps,7,3, ,0.0,0.0,0.0,0.0,0.0
BitRate blocking probability per pair and bitRate,0,100.0Gbps,22,23, ,0.0,0.0,0.0,0.0,0.0
BitRate blocking probability per pair and bitRate,0,100.0Gbps,10,13, ,0.0,0.0,0.0,0.0,0.0
BitRate blocking probability per pair and bitRate,0,100.0Gbps,14,7, ,0.0,0.0,0.0,0.0,0.0
BitRate blocking probability per pair and bitRate,0,100.0Gbps,20,16, ,0.0,0.0,0.0,0.0,0.0
BitRate blocking probability per pair and bitRate,0,100.0Gbps,14,8, ,0.0,0.0,0.0,0.0,0.0
BitRate blocking probability per pair and bitRate,0,100.0Gbps,7,4, ,0.0,0.0,0.0,0.0,0.0
BitRate blocking probability per pair and bitRate,0,100.0Gbps,8,14, ,0.0,0.0,0.0,0.0,0.0
BitRate blocking probability per pair and bitRate,0,100.0Gbps,3,12, ,0.0,0.0,0.0,0.0,0.0
BitRate blocking probability per pair and bitRate,0,100.0Gbps,7,2, ,0.0,0.0,0.0,0.0,0.0
BitRate blocking probability per pair and bitRate,0,100.0Gbps,10,11, ,0.0,0.0,0.0,0.0,0.0
BitRate blocking probability per pair and bitRate,0,100.0Gbps,11,14, ,0.0,0.0,0.0,0.0,0.0
BitRate blocking probability per pair and bitRate,0,100.0Gbps,20,24, ,0.0,0.0,0.0,0.0,0.0
BitRate blocking probability per pair and bitRate,0,100.0Gbps,20,4, ,0.0,0.0,0.0,0.0,0.0
BitRate blocking probability per pair and bitRate,0,100.0Gbps,23,2, ,0.0,0.0,0.0,0.0,0.0
BitRate blocking probability per pair and bitRate,0,100.0Gbps,22,2, ,0.0,0.0,0.0,0.0,0.0
BitRate blocking probability per pair and bitRate,0,100.0Gbps,22,19, ,0.0,0.0,0.0,0.0,0.0
BitRate blocking probability per pair and bitRate,0,100.0Gbps,24,23, ,0.0,0.0,0.0,0.0,0.0
BitRate blocking probability per pair and bitRate,0,100.0Gbps,6,17, ,0.0,0.0,0.0,0.0,0.0
BitRate blocking probability per pair and bitRate,0,100.0Gbps,4,15, ,0.0,0.0,0.0,0.0,0.0
BitRate blocking probability per pair and bitRate,0,100.0Gbps,20,7, ,0.0,0.0,0.0,0.0,0.0
BitRate blocking probability per pair and bitRate,0,100.0Gbps,10,8, ,0.0,0.0,0.0,0.0,0.0
BitRate blocking probability per pair and bitRate,0,100.0Gbps,10,24, ,0.0,0.0,0.0,0.0,0.0
BitRate blocking probability per pair and bitRate,0,100.0Gbps,12,16, ,0.0,0.0,0.0,0.0,0.0
BitRate blocking probability per pair and bitRate,0,100.0Gbps,8,13, ,0.0,0.0,0.0,0.0,0.0
BitRate blocking probability per pair and bitRate,0,100.0Gbps,11,4, ,0.0,0.0,0.0,0.0,0.0
BitRate blocking probability per pair and bitRate,0,100.0Gbps,22,17, ,0.0,0.0,0.0,0.0,0.0
BitRate blocking probability per pair and bitRate,0,100.0Gbps,4,1, ,0.0,0.0,0.0,0.0,0.0
BitRate blocking probability per pair and bitRate,0,100.0Gbps,14,6, ,0.0,0.0,0.0,0.0,0.0
BitRate blocking probability per pair and bitRate,0,100.0Gbps,14,10, ,0.0,0.0,0.0,0.0,0.0
BitRate blocking probability per pair and bitRate,0,100.0Gbps,24,6, ,0.0,0.0,0.0,0.0,0.0
BitRate blocking probability per pair and bitRate,0,100.0Gbps,15,2, ,0.0,0.0,0.0,0.0,0.0
BitRate blocking probability per pair and bitRate,0,100.0Gbps,22,10, ,0.0,0.0,0.0,0.0,0.0
BitRate blocking probability per pair and bitRate,0,100.0Gbps,4,17, ,0.0,0.0,0.0,0.0,0.0
BitRate blocking probability per pair and bitRate,0,100.0Gbps,17,2, ,0.0,0.0,0.0,0.0,0.0
BitRate blocking probability per pair and bitRate,0,100.0Gbps,18,20, ,0.0,0.0,0.0,0.0,0.0
BitRate blocking probability per pair and bitRate,0,100.0Gbps,17,21, ,0.0,0.0,0.0,0.0,0.0
BitRate blocking probability per pair and bitRate,0,100.0Gbps,18,6, ,0.0,0.0,0.0,0.0,0.0
BitRate blocking probability per pair and bitRate,0,100.0Gbps,10,15, ,0.0,0.0,0.0,0.0,0.0
BitRate blocking probability per pair and bitRate,0,100.0Gbps,4,11, ,0.0,0.0,0.0,0.0,0.0
BitRate blocking probability per pair and bitRate,0,100.0Gbps,2,21, ,0.0,0.0,0.0,0.0,0.0
BitRate blocking probability per pair and bitRate,0,100.0Gbps,19,9, ,0.0,0.0,0.0,0.0,0.0
BitRate blocking probability per pair and bitRate,0,100.0Gbps,5,8, ,0.0,0.0,0.0,0.0,0.0
BitRate blocking probability per pair and bitRate,0,100.0Gbps,5,3, ,0.0,0.0,0.0,0.0,0.0
BitRate blocking probability per pair and bitRate,0,100.0Gbps,11,6, ,0.0,0.0,0.0,0.0,0.0
BitRate blocking probability per pair and bitRate,0,100.0Gbps,8,2, ,0.0,0.0,0.0,0.0,0.0
BitRate blocking probability per pair and bitRate,0,100.0Gbps,9,24, ,0.0,0.0,0.0,0.0,0.0
BitRate blocking probability per pair and bitRate,0,100.0Gbps,16,23, ,0.0,0.0,0.0,0.0,0.0
BitRate blocking probability per pair and bitRate,0,100.0Gbps,2,16, ,0.0,0.0,0.0,0.0,0.0
BitRate blocking probability per pair and bitRate,0,100.0Gbps,16,17, ,0.0,0.0,0.0,0.0,0.0
BitRate blocking probability per pair and bitRate,0,100.0Gbps,23,18, ,0.0,0.0,0.0,0.0,0.0
BitRate blocking probability per pair and bitRate,0,100.0Gbps,7,1, ,0.0,0.0,0.0,0.0,0.0
BitRate blocking probability per pair and bitRate,0,100.0Gbps,11,24, ,0.0,0.0,0.0,0.0,0.0
BitRate blocking probability per pair and bitRate,0,100.0Gbps,2,10, ,0.0,0.0,0.0,0.0,0.0
BitRate blocking probability per pair and bitRate,0,100.0Gbps,4,6, ,0.0,0.0,0.0,0.0,0.0
BitRate blocking probability per pair and bitRate,0,100.0Gbps,15,13, ,0.0,0.0,0.0,0.0,0.0
BitRate blocking probability per pair and bitRate,0,100.0Gbps,21,12, ,0.0,0.0,0.0,0.0,0.0
BitRate blocking probability per pair and bitRate,0,100.0Gbps,5,6, ,0.0,0.0,0.0,0.0,0.0
BitRate blocking probability per pair and bitRate,0,100.0Gbps,10,18, ,0.0,0.0,0.0,0.0,0.0
BitRate blocking probability per pair and bitRate,0,100.0Gbps,14,23, ,0.0,0.0,0.0,0.0,0.0
BitRate blocking probability per pair and bitRate,0,100.0Gbps,21,8, ,0.0,0.0,0.0,0.0,0.0
BitRate blocking probability per pair and bitRate,0,100.0Gbps,11,3, ,0.0,0.0,0.0,0.0,0.0
BitRate blocking probability per pair and bitRate,0,100.0Gbps,13,16, ,0.0,0.0,0.0,0.0,0.0
BitRate blocking probability per pair and bitRate,0,100.0Gbps,22,16, ,0.0,0.0,0.0,0.0,0.0
BitRate blocking probability per pair and bitRate,0,100.0Gbps,21,5, ,0.0,0.0,0.0,0.0,0.0
BitRate blocking probability per pair and bitRate,0,100.0Gbps,23,24, ,0.0,0.0,0.0,0.0,0.0
BitRate blocking probability per pair and bitRate,0,100.0Gbps,9,6, ,0.0,0.0,0.0,0.0,0.0
BitRate blocking probability per pair and bitRate,0,100.0Gbps,20,9, ,0.0,0.0,0.0,0.0,0.0
BitRate blocking probability per pair and bitRate,0,100.0Gbps,16,6, ,0.0,0.0,0.0,0.0,0.0
BitRate blocking probability per pair and bitRate,0,100.0Gbps,15,4, ,0.0,0.0,0.0,0.0,0.0
BitRate blocking probability per pair and bitRate,0,100.0Gbps,3,4, ,0.0,0.0,0.0,0.0,0.0
BitRate blocking probability per pair and bitRate,0,100.0Gbps,17,10, ,0.0,0.0,0.0,0.0,0.0
BitRate blocking probability per pair and bitRate,0,100.0Gbps,12,10, ,0.0,0.0,0.0,0.0,0.0
BitRate blocking probability per pair and bitRate,0,100.0Gbps,12,7, ,0.0,0.0,0.0,0.0,0.0
BitRate blocking probability per pair and bitRate,0,100.0Gbps,3,17, ,0.0,0.0,0.0,0.0,0.0
BitRate blocking probability per pair and bitRate,0,200.0Gbps,11,2, ,0.0,0.0,0.0,0.0,0.0
BitRate blocking probability per pair and bitRate,0,200.0Gbps,1,23, ,0.0,0.0,0.0,0.0,0.0
BitRate blocking probability per pair and bitRate,0,200.0Gbps,2,9, ,0.0,0.0,0.0,0.0,0.0
BitRate blocking probability per pair and bitRate,0,200.0Gbps,1,20, ,0.0,0.0,0.0,0.0,0.0
BitRate blocking probability per pair and bitRate,0,200.0Gbps,17,24, ,0.0,0.0,0.0,0.0,0.0
BitRate blocking probability per pair and bitRate,0,200.0Gbps,21,15, ,0.0,0.0,0.0,0.0,0.0
BitRate blocking probability per pair and bitRate,0,200.0Gbps,19,11, ,0.0,0.0,0.0,0.0,0.0
BitRate blocking probability per pair and bitRate,0,200.0Gbps,3,1, ,0.0,0.0,0.0,0.0,0.0
BitRate blocking probability per pair and bitRate,0,200.0Gbps,24,2, ,0.0,0.0,0.0,0.0,0.0
BitRate blocking probability per pair and bitRate,0,200.0Gbps,23,22, ,0.0,0.0,0.0,0.0,0.0
BitRate blocking probability per pair and bitRate,0,200.0Gbps,17,22, ,0.0,0.0,0.0,0.0,0.0
BitRate blocking probability per pair and bitRate,0,200.0Gbps,15,20, ,0.0,0.0,0.0,0.0,0.0
BitRate blocking probability per pair and bitRate,0,200.0Gbps,2,7, ,0.0,0.0,0.0,0.0,0.0
BitRate blocking probability per pair and bitRate,0,200.0Gbps,10,1, ,0.0,0.0,0.0,0.0,0.0
BitRate blocking probability per pair and bitRate,0,200.0Gbps,14,16, ,0.0,0.0,0.0,0.0,0.0
BitRate blocking probability per pair and bitRate,0,200.0Gbps,13,18, ,0.0,0.0,0.0,0.0,0.0
BitRate blocking probability per pair and bitRate,0,200.0Gbps,11,7, ,0.0,0.0,0.0,0.0,0.0
BitRate blocking probability per pair and bitRate,0,200.0Gbps,15,10, ,0.0,0.0,0.0,0.0,0.0
BitRate blocking probability per pair and bitRate,0,200.0Gbps,17,4, ,0.0,0.0,0.0,0.0,0.0
BitRate blocking probability per pair and bitRate,0,200.0Gbps,15,19, ,0.0,0.0,0.0,0.0,0.0
BitRate blocking probability per pair and bitRate,0,200.0Gbps,9,22, ,0.0,0.0,0.0,0.0,0.0
BitRate blocking probability per pair and bitRate,0,200.0Gbps,9,19, ,0.0,0.0,0.0,0.0,0.0
BitRate blocking probability per pair and bitRate,0,200.0Gbps,24,7, ,0.0,0.0,0.0,0.0,0.0
BitRate blocking probability per pair and bitRate,0,200.0Gbps,1,18, ,0.0,0.0,0.0,0.0,0.0
BitRate blocking probability per pair and bitRate,0,200.0Gbps,19,4, ,0.0,0.0,0.0,0.0,0.0
BitRate blocking probability per pair and bitRate,0,200.0Gbps,5,1, ,0.0,0.0,0.0,0.0,0.0
BitRate blocking probability per pair and bitRate,0,200.0Gbps,5,20, ,0.0,0.0,0.0,0.0,0.0
BitRate blocking probability per pair and bitRate,0,200.0Gbps,21,24, ,0.0,0.0,0.0,0.0,0.0
BitRate blocking probability per pair and bitRate,0,200.0Gbps,9,1, ,0.0,0.0,0.0,0.0,0.0
BitRate blocking probability per pair and bitRate,0,200.0Gbps,9,21, ,0.0,0.0,0.0,0.0,0.0
BitRate blocking probability per pair and bitRate,0,200.0Gbps,14,15, ,0.0,0.0,0.0,0.0,0.0
BitRate blocking probability per pair and bitRate,0,200.0Gbps,8,4, ,0.0,0.0,0.0,0.0,0.0
BitRate blocking probability per pair and bitRate,0,200.0Gbps,8,21, ,0.0,0.0,0.0,0.0,0.0
BitRate blocking probability per pair and bitRate,0,200.0Gbps,6,3, ,0.0,0.0,0.0,0.0,0.0
BitRate blocking probability per pair and bitRate,0,200.0Gbps,9,2, ,0.0,0.0,0.0,0.0,0.0
BitRate blocking probability per pair and bitRate,0,200.0Gbps,16,2, ,0.0,0.0,0.0,0.0,0.0
BitRate blocking probability per pair and bitRate,0,200.0Gbps,9,4, ,0.0,0.0,0.0,0.0,0.0
BitRate blocking probability per pair and bitRate,0,200.0Gbps,23,21, ,0.0,0.0,0.0,0.0,0.0
BitRate blocking probability per pair and bitRate,0,200.0Gbps,19,24, ,0.0,0.0,0.0,0.0,0.0
BitRate blocking probability per pair and bitRate,0,200.0Gbps,22,15, ,0.0,0.0,0.0,0.0,0.0
BitRate blocking probability per pair and bitRate,0,200.0Gbps,23,17, ,0.0,0.0,0.0,0.0,0.0
BitRate blocking probability per pair and bitRate,0,200.0Gbps,8,11, ,0.0,0.0,0.0,0.0,0.0
BitRate blocking probability per pair and bitRate,0,200.0Gbps,24,17, ,0.0,0.0,0.0,0.0,0.0
BitRate blocking probability per pair and bitRate,0,200.0Gbps,22,18, ,0.0,0.0,0.0,0.0,0.0
BitRate blocking probability per pair and bitRate,0,200.0Gbps,5,11, ,0.0,0.0,0.0,0.0,0.0
BitRate blocking probability per pair and bitRate,0,200.0Gbps,4,8, ,0.0,0.0,0.0,0.0,0.0
BitRate blocking probability per pair and bitRate,0,200.0Gbps,23,9, ,0.0,0.0,0.0,0.0,0.0
BitRate blocking probability per pair and bitRate,0,200.0Gbps,6,12, ,0.0,0.0,0.0,0.0,0.0
BitRate blocking probability per pair and bitRate,0,200.0Gbps,4,5, ,0.0,0.0,0.0,0.0,0.0
BitRate blocking probability per pair and bitRate,0,200.0Gbps,16,9, ,0.0,0.0,0.0,0.0,0.0
BitRate blocking probability per pair and bitRate,0,200.0Gbps,16,11, ,0.0,0.0,0.0,0.0,0.0
BitRate blocking probability per pair and bitRate,0,200.0Gbps,24,20, ,0.0,0.0,0.0,0.0,0.0
BitRate blocking probability per pair and bitRate,0,200.0Gbps,12,14, ,0.0,0.0,0.0,0.0,0.0
BitRate blocking probability per pair and bitRate,0,200.0Gbps,20,5, ,0.0,0.0,0.0,0.0,0.0
BitRate blocking probability per pair and bitRate,0,200.0Gbps,11,12, ,0.0,0.0,0.0,0.0,0.0
BitRate blocking probability per pair and bitRate,0,200.0Gbps,7,14, ,0.0,0.0,0.0,0.0,0.0
BitRate blocking probability per pair and bitRate,0,200.0Gbps,10,23, ,0.0,0.0,0.0,0.0,0.0
BitRate blocking probability per pair and bitRate,0,200.0Gbps,22,20, ,0.0,0.0,0.0,0.0,0.0
BitRate blocking probability per pair and bitRate,0,200.0Gbps,17,11, ,0.0,0.0,0.0,0.0,0.0
BitRate blocking probability per pair and bitRate,0,200.0Gbps,3,10, ,0.0,0.0,0.0,0.0,0.0
BitRate blocking probability per pair and bitRate,0,200.0Gbps,17,14, ,0.0,0.0,0.0,0.0,0.0
BitRate blocking probability per pair and bitRate,0,200.0Gbps,10,7, ,0.0,0.0,0.0,0.0,0.0
BitRate blocking probability per pair and bitRate,0,200.0Gbps,3,2, ,0.0,0.0,0.0,0.0,0.0
BitRate blocking probability per pair and bitRate,0,200.0Gbps,3,5, ,0.0,0.0,0.0,0.0,0.0
BitRate blocking probability per pair and bitRate,0,200.0Gbps,22,1, ,0.0,0.0,0.0,0.0,0.0
BitRate blocking probability per pair and bitRate,0,200.0Gbps,1,14, ,0.0,0.0,0.0,0.0,0.0
BitRate blocking probability per pair and bitRate,0,200.0Gbps,24,8, ,0.0,0.0,0.0,0.0,0.0
BitRate blocking probability per pair and bitRate,0,200.0Gbps,11,21, ,0.0,0.0,0.0,0.0,0.0
BitRate blocking probability per pair and bitRate,0,200.0Gbps,20,14, ,0.0,0.0,0.0,0.0,0.0
BitRate blocking probability per pair and bitRate,0,200.0Gbps,8,6, ,0.0,0.0,0.0,0.0,0.0
BitRate blocking probability per pair and bitRate,0,200.0Gbps,21,11, ,0.0,0.0,0.0,0.0,0.0
BitRate blocking probability per pair and bitRate,0,200.0Gbps,11,8, ,0.0,0.0,0.0,0.0,0.0
BitRate blocking probability per pair and bitRate,0,200.0Gbps,21,19, ,0.0,0.0,0.0,0.0,0.0
BitRate blocking probability per pair and bitRate,0,200.0Gbps,17,1, ,0.0,0.0,0.0,0.0,0.0
BitRate blocking probability per pair and bitRate,0,200.0Gbps,11,22, ,0.0,0.0,0.0,0.0,0.0
BitRate blocking probability per pair and bitRate,0,200.0Gbps,24,21, ,0.0,0.0,0.0,0.0,0.0
BitRate blocking probability per pair and bitRate,0,200.0Gbps,19,22, ,0.0,0.0,0.0,0.0,0.0
BitRate blocking probability per pair and bitRate,0,200.0Gbps,7,12, ,0.0,0.0,0.0,0.0,0.0
BitRate blocking probability per pair and bitRate,0,200.0Gbps,7,22, ,0.0,0.0,0.0,0.0,0.0
BitRate blocking probability per pair and bitRate,0,200.0Gbps,23,5, ,0.0,0.0,0.0,0.0,0.0
BitRate blocking probability per pair and bitRate,0,200.0Gbps,21,17, ,0.0,0.0,0.0,0.0,0.0
BitRate blocking probability per pair and bitRate,0,200.0Gbps,1,11, ,0.0,0.0,0.0,0.0,0.0
BitRate blocking probability per pair and bitRate,0,200.0Gbps,18,12, ,0.0,0.0,0.0,0.0,0.0
BitRate blocking probability per pair and bitRate,0,200.0Gbps,23,10, ,0.0,0.0,0.0,0.0,0.0
BitRate blocking probability per pair and bitRate,0,200.0Gbps,18,7, ,0.0,0.0,0.0,0.0,0.0
BitRate blocking probability per pair and bitRate,0,200.0Gbps,24,22, ,0.0,0.0,0.0,0.0,0.0
BitRate blocking probability per pair and bitRate,0,200.0Gbps,21,2, ,0.0,0.0,0.0,0.0,0.0
BitRate blocking probability per pair and bitRate,0,200.0Gbps,16,4, ,0.0,0.0,0.0,0.0,0.0
BitRate blocking probability per pair and bitRate,0,200.0Gbps,10,9, ,0.0,0.0,0.0,0.0,0.0
BitRate blocking probability per pair and bitRate,0,200.0Gbps,22,5, ,0.0,0.0,0.0,0.0,0.0
BitRate blocking probability per pair and bitRate,0,200.0Gbps,9,17, ,0.0,0.0,0.0,0.0,0.0
BitRate blocking probability per pair and bitRate,0,200.0Gbps,8,20, ,0.0,0.0,0.0,0.0,0.0
BitRate blocking probability per pair and bitRate,0,200.0Gbps,1,24, ,0.0,0.0,0.0,0.0,0.0
BitRate blocking probability per pair and bitRate,0,200.0Gbps,2,14, ,0.0,0.0,0.0,0.0,0.0
BitRate blocking probability per pair and bitRate,0,200.0Gbps,5,18, ,0.0,0.0,0.0,0.0,0.0
BitRate blocking probability per pair and bitRate,0,200.0Gbps,8,9, ,0.0,0.0,0.0,0.0,0.0
BitRate blocking probability per pair and bitRate,0,200.0Gbps,9,13, ,0.0,0.0,0.0,0.0,0.0
BitRate blocking probability per pair and bitRate,0,200.0Gbps,24,13, ,0.0,0.0,0.0,0.0,0.0
BitRate blocking probability per pair and bitRate,0,200.0Gbps,2,17, ,0.0,0.0,0.0,0.0,0.0
BitRate blocking probability per pair and bitRate,0,200.0Gbps,20,1, ,0.0,0.0,0.0,0.0,0.0
BitRate blocking probability per pair and bitRate,0,200.0Gbps,19,2, ,0.0,0.0,0.0,0.0,0.0
BitRate blocking probability per pair and bitRate,0,200.0Gbps,4,3, ,0.0,0.0,0.0,0.0,0.0
BitRate blocking probability per pair and bitRate,0,200.0Gbps,22,4, ,0.0,0.0,0.0,0.0,0.0
BitRate blocking probability per pair and bitRate,0,200.0Gbps,5,4, ,0.0,0.0,0.0,0.0,0.0
BitRate blocking probability per pair and bitRate,0,200.0Gbps,16,19, ,0.0,0.0,0.0,0.0,0.0
BitRate blocking probability per pair and bitRate,0,200.0Gbps,12,6, ,0.0,0.0,0.0,0.0,0.0
BitRate blocking probability per pair and bitRate,0,200.0Gbps,17,8, ,0.0,0.0,0.0,0.0,0.0
BitRate blocking probability per pair and bitRate,0,200.0Gbps,12,9, ,0.0,0.0,0.0,0.0,0.0
BitRate blocking probability per pair and bitRate,0,200.0Gbps,11,20, ,0.0,0.0,0.0,0.0,0.0
BitRate blocking probability per pair and bitRate,0,200.0Gbps,15,12, ,0.0,0.0,0.0,0.0,0.0
BitRate blocking probability per pair and bitRate,0,200.0Gbps,9,16, ,0.0,0.0,0.0,0.0,0.0
BitRate blocking probability per pair and bitRate,0,200.0Gbps,7,15, ,0.0,0.0,0.0,0.0,0.0
BitRate blocking probability per pair and bitRate,0,200.0Gbps,6,13, ,0.0,0.0,0.0,0.0,0.0
BitRate blocking probability per pair and bitRate,0,200.0Gbps,19,18, ,0.0,0.0,0.0,0.0,0.0
BitRate blocking probability per pair and bitRate,0,200.0Gbps,3,9, ,0.0,0.0,0.0,0.0,0.0
BitRate blocking probability per pair and bitRate,0,200.0Gbps,21,18, ,0.0,0.0,0.0,0.0,0.0
BitRate blocking probability per pair and bitRate,0,200.0Gbps,1,17, ,0.0,0.0,0.0,0.0,0.0
BitRate blocking probability per pair and bitRate,0,200.0Gbps,8,24, ,0.0,0.0,0.0,0.0,0.0
BitRate blocking probability per pair and bitRate,0,200.0Gbps,7,16, ,0.0,0.0,0.0,0.0,0.0
BitRate blocking probability per pair and bitRate,0,200.0Gbps,15,21, ,0.0,0.0,0.0,0.0,0.0
BitRate blocking probability per pair and bitRate,0,200.0Gbps,18,22, ,0.0,0.0,0.0,0.0,0.0
BitRate blocking probability per pair and bitRate,0,200.0Gbps,14,2, ,0.0,0.0,0.0,0.0,0.0
BitRate blocking probability per pair and bitRate,0,200.0Gbps,2,12, ,0.0,0.0,0.0,0.0,0.0
BitRate blocking probability per pair and bitRate,0,200.0Gbps,12,8, ,0.0,0.0,0.0,0.0,0.0
BitRate blocking probability per pair and bitRate,0,200.0Gbps,1,13, ,0.0,0.0,0.0,0.0,0.0
BitRate blocking probability per pair and bitRate,0,200.0Gbps,8,18, ,0.0,0.0,0.0,0.0,0.0
BitRate blocking probability per pair and bitRate,0,200.0Gbps,15,6, ,0.0,0.0,0.0,0.0,0.0
BitRate blocking probability per pair and bitRate,0,200.0Gbps,6,20, ,0.0,0.0,0.0,0.0,0.0
BitRate blocking probability per pair and bitRate,0,200.0Gbps,7,21, ,0.0,0.0,0.0,0.0,0.0
BitRate blocking probability per pair and bitRate,0,200.0Gbps,9,3, ,0.0,0.0,0.0,0.0,0.0
BitRate blocking probability per pair and bitRate,0,200.0Gbps,12,13, ,0.0,0.0,0.0,0.0,0.0
BitRate blocking probability per pair and bitRate,0,200.0Gbps,8,22, ,0.0,0.0,0.0,0.0,0.0
BitRate blocking probability per pair and bitRate,0,200.0Gbps,2,3, ,0.0,0.0,0.0,0.0,0.0
BitRate blocking probability per pair and bitRate,0,200.0Gbps,14,18, ,0.0,0.0,0.0,0.0,0.0
BitRate blocking probability per pair and bitRate,0,200.0Gbps,23,20, ,0.0,0.0,0.0,0.0,0.0
BitRate blocking probability per pair and bitRate,0,200.0Gbps,4,20, ,0.0,0.0,0.0,0.0,0.0
BitRate blocking probability per pair and bitRate,0,200.0Gbps,4,24, ,0.0,0.0,0.0,0.0,0.0
BitRate blocking probability per pair and bitRate,0,200.0Gbps,16,15, ,0.0,0.0,0.0,0.0,0.0
BitRate blocking probability per pair and bitRate,0,200.0Gbps,24,16, ,0.0,0.0,0.0,0.0,0.0
BitRate blocking probability per pair and bitRate,0,200.0Gbps,19,12, ,0.0,0.0,0.0,0.0,0.0
BitRate blocking probability per pair and bitRate,0,200.0Gbps,6,15, ,0.0,0.0,0.0,0.0,0.0
BitRate blocking probability per pair and bitRate,0,200.0Gbps,8,7, ,0.0,0.0,0.0,0.0,0.0
BitRate blocking probability per pair and bitRate,0,200.0Gbps,2,20, ,0.0,0.0,0.0,0.0,0.0
BitRate blocking probability per pair and bitRate,0,200.0Gbps,11,9, ,0.0,0.0,0.0,0.0,0.0
BitRate blocking probability per pair and bitRate,0,200.0Gbps,4,12, ,0.0,0.0,0.0,0.0,0.0
BitRate blocking probability per pair and bitRate,0,200.0Gbps,13,23, ,0.0,0.0,0.0,0.0,0.0
BitRate blocking probability per pair and bitRate,0,200.0Gbps,11,16, ,0.0,0.0,0.0,0.0,0.0
BitRate blocking probability per pair and bitRate,0,200.0Gbps,3,11, ,0.0,0.0,0.0,0.0,0.0
BitRate blocking probability per pair and bitRate,0,200.0Gbps,2,5, ,0.0,0.0,0.0,0.0,0.0
BitRate blocking probability per pair and bitRate,0,200.0Gbps,3,24, ,0.0,0.0,0.0,0.0,0.0
BitRate blocking probability per pair and bitRate,0,200.0Gbps,18,1, ,0.0,0.0,0.0,0.0,0.0
BitRate blocking probability per pair and bitRate,0,200.0Gbps,10,2, ,0.0,0.0,0.0,0.0,0.0
BitRate blocking probability per pair and bitRate,0,200.0Gbps,15,16, ,0.0,0.0,0.0,0.0,0.0
BitRate blocking probability per pair and bitRate,0,200.0Gbps,20,17, ,0.0,0.0,0.0,0.0,0.0
BitRate blocking probability per pair and bitRate,0,200.0Gbps,5,13, ,0.0,0.0,0.0,0.0,0.0
BitRate blocking probability per pair and bitRate,0,200.0Gbps,24,15, ,0.0,0.0,0.0,0.0,0.0
BitRate blocking probability per pair and bitRate,0,200.0Gbps,12,17, ,0.0,0.0,0.0,0.0,0.0
BitRate blocking probability per pair and bitRate,0,200.0Gbps,20,2, ,0.0,0.0,0.0,0.0,0.0
BitRate blocking probability per pair and bitRate,0,200.0Gbps,5,19, ,0.0,0.0,0.0,0.0,0.0
BitRate blocking probability per pair and bitRate,0,200.0Gbps,6,8, ,0.0,0.0,0.0,0.0,0.0
BitRate blocking probability per pair and bitRate,0,200.0Gbps,4,10, ,0.0,0.0,0.0,0.0,0.0
BitRate blocking probability per pair and bitRate,0,200.0Gbps,1,4, ,0.0,0.0,0.0,0.0,0.0
BitRate blocking probability per pair and bitRate,0,200.0Gbps,12,23, ,0.0,0.0,0.0,0.0,0.0
BitRate blocking probability per pair and bitRate,0,200.0Gbps,23,4, ,0.0,0.0,0.0,0.0,0.0
BitRate blocking probability per pair and bitRate,0,200.0Gbps,12,20, ,0.0,0.0,0.0,0.0,0.0
BitRate blocking probability per pair and bitRate,0,200.0Gbps,11,19, ,0.0,0.0,0.0,0.0,0.0
BitRate blocking probability per pair and bitRate,0,200.0Gbps,2,11, ,0.0,0.0,0.0,0.0,0.0
BitRate blocking probability per pair and bitRate,0,200.0Gbps,8,23, ,0.0,0.0,0.0,0.0,0.0
BitRate blocking probability per pair and bitRate,0,200.0Gbps,10,14, ,0.0,0.0,0.0,0.0,0.0
BitRate blocking probability per pair and bitRate,0,200.0Gbps,21,22, ,0.0,0.0,0.0,0.0,0.0
BitRate blocking probability per pair and bitRate,0,200.0Gbps,9,11, ,0.0,0.0,0.0,0.0,0.0
BitRate blocking probability per pair and bitRate,0,200.0Gbps,23,7, ,0.0,0.0,0.0,0.0,0.0
BitRate blocking probability per pair and bitRate,0,200.0Gbps,24,18, ,0.0,0.0,0.0,0.0,0.0
BitRate blocking probability per pair and bitRate,0,200.0Gbps,14,24, ,0.0,0.0,0.0,0.0,0.0
BitRate blocking probability per pair and bitRate,0,200.0Gbps,6,4, ,0.0,0.0,0.0,0.0,0.0
BitRate blocking probability per pair and bitRate,0,200.0Gbps,21,9, ,0.0,0.0,0.0,0.0,0.0
BitRate blocking probability per pair and bitRate,0,200.0Gbps,15,1, ,0.0,0.0,0.0,0.0,0.0
BitRate blocking probability per pair and bitRate,0,200.0Gbps,13,8, ,0.0,0.0,0.0,0.0,0.0
BitRate blocking probability per pair and bitRate,0,200.0Gbps,13,12, ,0.0,0.0,0.0,0.0,0.0
BitRate blocking probability per pair and bitRate,0,200.0Gbps,12,11, ,0.0,0.0,0.0,0.0,0.0
BitRate blocking probability per pair and bitRate,0,200.0Gbps,23,16, ,0.0,0.0,0.0,0.0,0.0
BitRate blocking probability per pair and bitRate,0,200.0Gbps,16,10, ,0.0,0.0,0.0,0.0,0.0
BitRate blocking probability per pair and bitRate,0,200.0Gbps,14,4, ,0.0,0.0,0.0,0.0,0.0
BitRate blocking probability per pair and bitRate,0,200.0Gbps,10,21, ,0.0,0.0,0.0,0.0,0.0
BitRate blocking probability per pair and bitRate,0,200.0Gbps,1,16, ,0.0,0.0,0.0,0.0,0.0
BitRate blocking probability per pair and bitRate,0,200.0Gbps,5,14, ,0.0,0.0,0.0,0.0,0.0
BitRate blocking probability per pair and bitRate,0,200.0Gbps,14,3, ,0.0,0.0,0.0,0.0,0.0
BitRate blocking probability per pair and bitRate,0,200.0Gbps,9,5, ,0.0,0.0,0.0,0.0,0.0
BitRate blocking probability per pair and bitRate,0,200.0Gbps,11,23, ,0.0,0.0,0.0,0.0,0.0
BitRate blocking probability per pair and bitRate,0,200.0Gbps,23,12, ,0.0,0.0,0.0,0.0,0.0
BitRate blocking probability per pair and bitRate,0,200.0Gbps,18,4, ,0.0,0.0,0.0,0.0,0.0
BitRate blocking probability per pair and bitRate,0,200.0Gbps,19,10, ,0.0,0.0,0.0,0.0,0.0
BitRate blocking probability per pair and bitRate,0,200.0Gbps,14,19, ,0.0,0.0,0.0,0.0,0.0
BitRate blocking probability per pair and bitRate,0,200.0Gbps,3,18, ,0.0,0.0,0.0,0.0,0.0
BitRate blocking probability per pair and bitRate,0,200.0Gbps,1,21, ,0.0,0.0,0.0,0.0,0.0
BitRate blocking probability per pair and bitRate,0,200.0Gbps,10,16, ,0.0,0.0,0.0,0.0,0.0
BitRate blocking probability per pair and bitRate,0,200.0Gbps,24,9, ,0.0,0.0,0.0,0.0,0.0
BitRate blocking probability per pair and bitRate,0,200.0Gbps,3,21, ,0.0,0.0,0.0,0.0,0.0
BitRate blocking probability per pair and bitRate,0,200.0Gbps,12,24, ,0.0,0.0,0.0,0.0,0.0
BitRate blocking probability per pair and bitRate,0,200.0Gbps,15,9, ,0.0,0.0,0.0,0.0,0.0
BitRate blocking probability per pair and bitRate,0,200.0Gbps,18,14, ,0.0,0.0,0.0,0.0,0.0
BitRate blocking probability per pair and bitRate,0,200.0Gbps,16,3, ,0.0,0.0,0.0,0.0,0.0
BitRate blocking probability per pair and bitRate,0,200.0Gbps,15,5, ,0.0,0.0,0.0,0.0,0.0
BitRate blocking probability per pair and bitRate,0,200.0Gbps,16,21, ,0.0,0.0,0.0,0.0,0.0
BitRate blocking probability per pair and bitRate,0,200.0Gbps,8,17, ,0.0,0.0,0.0,0.0,0.0
BitRate blocking probability per pair and bitRate,0,200.0Gbps,5,16, ,0.0,0.0,0.0,0.0,0.0
BitRate blocking probability per pair and bitRate,0,200.0Gbps,21,4, ,0.0,0.0,0.0,0.0,0.0
BitRate blocking probability per pair and bitRate,0,200.0Gbps,17,19, ,0.0,0.0,0.0,0.0,0.0
BitRate blocking probability per pair and bitRate,0,200.0Gbps,16,12, ,0.0,0.0,0.0,0.0,0.0
BitRate blocking probability per pair and bitRate,0,200.0Gbps,7,19, ,0.0,0.0,0.0,0.0,0.0
BitRate blocking probability per pair and bitRate,0,200.0Gbps,8,19, ,0.0,0.0,0.0,0.0,0.0
BitRate blocking probability per pair and bitRate,0,200.0Gbps,9,20, ,0.0,0.0,0.0,0.0,0.0
BitRate blocking probability per pair and bitRate,0,200.0Gbps,13,10, ,0.0,0.0,0.0,0.0,0.0
BitRate blocking probability per pair and bitRate,0,200.0Gbps,17,16, ,0.0,0.0,0.0,0.0,0.0
BitRate blocking probability per pair and bitRate,0,200.0Gbps,5,7, ,0.0,0.0,0.0,0.0,0.0
BitRate blocking probability per pair and bitRate,0,200.0Gbps,5,10, ,0.0,0.0,0.0,0.0,0.0
BitRate blocking probability per pair and bitRate,0,200.0Gbps,22,14, ,0.0,0.0,0.0,0.0,0.0
BitRate blocking probability per pair and bitRate,0,200.0Gbps,2,24, ,0.0,0.0,0.0,0.0,0.0
BitRate blocking probability per pair and bitRate,0,200.0Gbps,11,15, ,0.0,0.0,0.0,0.0,0.0
BitRate blocking probability per pair and bitRate,0,200.0Gbps,19,13, ,0.0,0.0,0.0,0.0,0.0
BitRate blocking probability per pair and bitRate,0,200.0Gbps,9,14, ,0.0,0.0,0.0,0.0,0.0
BitRate blocking probability per pair and bitRate,0,200.0Gbps,13,20, ,0.0,0.0,0.0,0.0,0.0
BitRate blocking probability per pair and bitRate,0,200.0Gbps,20,15, ,0.0,0.0,0.0,0.0,0.0
BitRate blocking probability per pair and bitRate,0,200.0Gbps,1,9, ,0.0,0.0,0.0,0.0,0.0
BitRate blocking probability per pair and bitRate,0,200.0Gbps,4,16, ,0.0,0.0,0.0,0.0,0.0
BitRate blocking probability per pair and bitRate,0,200.0Gbps,21,20, ,0.0,0.0,0.0,0.0,0.0
BitRate blocking probability per pair and bitRate,0,200.0Gbps,6,18, ,0.0,0.0,0.0,0.0,0.0
BitRate blocking probability per pair and bitRate,0,200.0Gbps,3,20, ,0.0,0.0,0.0,0.0,0.0
BitRate blocking probability per pair and bitRate,0,200.0Gbps,21,10, ,0.0,0.0,0.0,0.0,0.0
BitRate blocking probability per pair and bitRate,0,200.0Gbps,2,19, ,0.0,0.0,0.0,0.0,0.0
BitRate blocking probability per pair and bitRate,0,200.0Gbps,7,17, ,0.0,0.0,0.0,0.0,0.0
BitRate blocking probability per pair and bitRate,0,200.0Gbps,14,5, ,0.0,0.0,0.0,0.0,0.0
BitRate blocking probability per pair and bitRate,0,200.0Gbps,7,13, ,0.0,0.0,0.0,0.0,0.0
BitRate blocking probability per pair and bitRate,0,200.0Gbps,5,15, ,0.0,0.0,0.0,0.0,0.0
BitRate blocking probability per pair and bitRate,0,200.0Gbps,18,8, ,0.0,0.0,0.0,0.0,0.0
BitRate blocking probability per pair and bitRate,0,200.0Gbps,19,17, ,0.0,0.0,0.0,0.0,0.0
BitRate blocking probability per pair and bitRate,0,200.0Gbps,19,21, ,0.0,0.0,0.0,0.0,0.0
BitRate blocking probability per pair and bitRate,0,200.0Gbps,19,3, ,0.0,0.0,0.0,0.0,0.0
BitRate blocking probability per pair and bitRate,0,200.0Gbps,13,19, ,0.0,0.0,0.0,0.0,0.0
BitRate blocking probability per pair and bitRate,0,200.0Gbps,12,18, ,0.0,0.0,0.0,0.0,0.0
BitRate blocking probability per pair and bitRate,0,200.0Gbps,13,3, ,0.0,0.0,0.0,0.0,0.0
BitRate blocking probability per pair and bitRate,0,200.0Gbps,7,18, ,0.0,0.0,0.0,0.0,0.0
BitRate blocking probability per pair and bitRate,0,200.0Gbps,17,12, ,0.0,0.0,0.0,0.0,0.0
BitRate blocking probability per pair and bitRate,0,200.0Gbps,13,9, ,0.0,0.0,0.0,0.0,0.0
BitRate blocking probability per pair and bitRate,0,200.0Gbps,6,22, ,0.0,0.0,0.0,0.0,0.0
BitRate blocking probability per pair and bitRate,0,200.0Gbps,1,15, ,0.0,0.0,0.0,0.0,0.0
BitRate blocking probability per pair and bitRate,0,200.0Gbps,3,19, ,0.0,0.0,0.0,0.0,0.0
BitRate blocking probability per pair and bitRate,0,200.0Gbps,12,4, ,0.0,0.0,0.0,0.0,0.0
BitRate blocking probability per pair and bitRate,0,200.0Gbps,16,24, ,0.0,0.0,0.0,0.0,0.0
BitRate blocking probability per pair and bitRate,0,200.0Gbps,6,10, ,0.0,0.0,0.0,0.0,0.0
BitRate blocking probability per pair and bitRate,0,200.0Gbps,2,18, ,0.0,0.0,0.0,0.0,0.0
BitRate blocking probability per pair and bitRate,0,200.0Gbps,18,21, ,0.0,0.0,0.0,0.0,0.0
BitRate blocking probability per pair and bitRate,0,200.0Gbps,18,3, ,0.0,0.0,0.0,0.0,0.0
BitRate blocking probability per pair and bitRate,0,200.0Gbps,15,18, ,0.0,0.0,0.0,0.0,0.0
BitRate blocking probability per pair and bitRate,0,200.0Gbps,4,14, ,0.0,0.0,0.0,0.0,0.0
BitRate blocking probability per pair and bitRate,0,200.0Gbps,7,20, ,0.0,0.0,0.0,0.0,0.0
BitRate blocking probability per pair and bitRate,0,200.0Gbps,13,15, ,0.0,0.0,0.0,0.0,0.0
BitRate blocking probability per pair and bitRate,0,200.0Gbps,13,21, ,0.0,0.0,0.0,0.0,0.0
BitRate blocking probability per pair and bitRate,0,200.0Gbps,15,14, ,0.0,0.0,0.0,0.0,0.0
BitRate blocking probability per pair and bitRate,0,200.0Gbps,3,15, ,0.0,0.0,0.0,0.0,0.0
BitRate blocking probability per pair and bitRate,0,200.0Gbps,18,5, ,0.0,0.0,0.0,0.0,0.0
BitRate blocking probability per pair and bitRate,0,200.0Gbps,12,1, ,0.0,0.0,0.0,0.0,0.0
BitRate blocking probability per pair and bitRate,0,200.0Gbps,6,7, ,0.0,0.0,0.0,0.0,0.0
BitRate blocking probability per pair and bitRate,0,200.0Gbps,24,3, ,0.0,0.0,0.0,0.0,0.0
BitRate blocking probability per pair and bitRate,0,200.0Gbps,19,5, ,0.0,0.0,0.0,0.0,0.0
BitRate blocking probability per pair and bitRate,0,200.0Gbps,20,19, ,0.0,0.0,0.0,0.0,0.0
BitRate blocking probability per pair and bitRate,0,200.0Gbps,5,17, ,0.0,0.0,0.0,0.0,0.0
BitRate blocking probability per pair and bitRate,0,200.0Gbps,20,12, ,0.0,0.0,0.0,0.0,0.0
BitRate blocking probability per pair and bitRate,0,200.0Gbps,4,22, ,0.0,0.0,0.0,0.0,0.0
BitRate blocking probability per pair and bitRate,0,200.0Gbps,7,8, ,0.0,0.0,0.0,0.0,0.0
BitRate blocking probability per pair and bitRate,0,200.0Gbps,14,1, ,0.0,0.0,0.0,0.0,0.0
BitRate blocking probability per pair and bitRate,0,200.0Gbps,20,21, ,0.0,0.0,0.0,0.0,0.0
BitRate blocking probability per pair and bitRate,0,200.0Gbps,1,6, ,0.0,0.0,0.0,0.0,0.0
BitRate blocking probability per pair and bitRate,0,200.0Gbps,13,2, ,0.0,0.0,0.0,0.0,0.0
BitRate blocking probability per pair and bitRate,0,200.0Gbps,14,20, ,0.0,0.0,0.0,0.0,0.0
BitRate blocking probability per pair and bitRate,0,200.0Gbps,16,20, ,0.0,0.0,0.0,0.0,0.0
BitRate blocking probability per pair and bitRate,0,200.0Gbps,18,15, ,0.0,0.0,0.0,0.0,0.0
BitRate blocking probability per pair and bitRate,0,200.0Gbps,6,2, ,0.0,0.0,0.0,0.0,0.0
BitRate blocking probability per pair and bitRate,0,200.0Gbps,9,15, ,0.0,0.0,0.0,0.0,0.0
BitRate blocking probability per pair and bitRate,0,200.0Gbps,15,17, ,0.0,0.0,0.0,0.0,0.0
BitRate blocking probability per pair and bitRate,0,200.0Gbps,18,2, ,0.0,0.0,0.0,0.0,0.0
BitRate blocking probability per pair and bitRate,0,200.0Gbps,15,24, ,0.0,0.0,0.0,0.0,0.0
BitRate blocking probability per pair and bitRate,0,200.0Gbps,7,10, ,0.0,0.0,0.0,0.0,0.0
BitRate blocking probability per pair and bitRate,0,200.0Gbps,14,21, ,0.0,0.0,0.0,0.0,0.0
BitRate blocking probability per pair and bitRate,0,200.0Gbps,23,15, ,0.0,0.0,0.0,0.0,0.0
BitRate blocking probability per pair and bitRate,0,200.0Gbps,11,1, ,0.0,0.0,0.0,0.0,0.0
BitRate blocking probability per pair and bitRate,0,200.0Gbps,19,20, ,0.0,0.0,0.0,0.0,0.0
BitRate blocking probability per pair and bitRate,0,200.0Gbps,1,8, ,0.0,0.0,0.0,0.0,0.0
BitRate blocking probability per pair and bitRate,0,200.0Gbps,16,1, ,0.0,0.0,0.0,0.0,0.0
BitRate blocking probability per pair and bitRate,0,200.0Gbps,24,5, ,0.0,0.0,0.0,0.0,0.0
BitRate blocking probability per pair and bitRate,0,200.0Gbps,2,4, ,0.0,0.0,0.0,0.0,0.0
BitRate blocking probability per pair and bitRate,0,200.0Gbps,10,5, ,0.0,0.0,0.0,0.0,0.0
BitRate blocking probability per pair and bitRate,0,200.0Gbps,21,7, ,0.0,0.0,0.0,0.0,0.0
BitRate blocking probability per pair and bitRate,0,200.0Gbps,23,11, ,0.0,0.0,0.0,0.0,0.0
BitRate blocking probability per pair and bitRate,0,200.0Gbps,19,6, ,0.0,0.0,0.0,0.0,0.0
BitRate blocking probability per pair and bitRate,0,200.0Gbps,10,17, ,0.0,0.0,0.0,0.0,0.0
BitRate blocking probability per pair and bitRate,0,200.0Gbps,3,8, ,0.0,0.0,0.0,0.0,0.0
BitRate blocking probability per pair and bitRate,0,200.0Gbps,3,23, ,0.0,0.0,0.0,0.0,0.0
BitRate blocking probability per pair and bitRate,0,200.0Gbps,17,9, ,0.0,0.0,0.0,0.0,0.0
BitRate blocking probability per pair and bitRate,0,200.0Gbps,9,18, ,0.0,0.0,0.0,0.0,0.0
BitRate blocking probability per pair and bitRate,0,200.0Gbps,1,3, ,0.0,0.0,0.0,0.0,0.0
BitRate blocking probability per pair and bitRate,0,200.0Gbps,10,20, ,0.0,0.0,0.0,0.0,0.0
BitRate blocking probability per pair and bitRate,0,200.0Gbps,21,6, ,0.0,0.0,0.0,0.0,0.0
BitRate blocking probability per pair and bitRate,0,200.0Gbps,8,5, ,0.0,0.0,0.0,0.0,0.0
BitRate blocking probability per pair and bitRate,0,200.0Gbps,9,8, ,0.0,0.0,0.0,0.0,0.0
BitRate blocking probability per pair and bitRate,0,200.0Gbps,24,4, ,0.0,0.0,0.0,0.0,0.0
BitRate blocking probability per pair and bitRate,0,200.0Gbps,1,12, ,0.0,0.0,0.0,0.0,0.0
BitRate blocking probability per pair and bitRate,0,200.0Gbps,11,5, ,0.0,0.0,0.0,0.0,0.0
BitRate blocking probability per pair and bitRate,0,200.0Gbps,22,7, ,0.0,0.0,0.0,0.0,0.0
BitRate blocking probability per pair and bitRate,0,200.0Gbps,22,8, ,0.0,0.0,0.0,0.0,0.0
BitRate blocking probability per pair and bitRate,0,200.0Gbps,20,22, ,0.0,0.0,0.0,0.0,0.0
BitRate blocking probability per pair and bitRate,0,200.0Gbps,13,24, ,0.0,0.0,0.0,0.0,0.0
BitRate blocking probability per pair and bitRate,0,200.0Gbps,1,7, ,0.0,0.0,0.0,0.0,0.0
BitRate blocking probability per pair and bitRate,0,200.0Gbps,17,20, ,0.0,0.0,0.0,0.0,0.0
BitRate blocking probability per pair and bitRate,0,200.0Gbps,16,18, ,0.0,0.0,0.0,0.0,0.0
BitRate blocking probability per pair and bitRate,0,200.0Gbps,16,8, ,0.0,0.0,0.0,0.0,0.0
BitRate blocking probability per pair and bitRate,0,200.0Gbps,12,15, ,0.0,0.0,0.0,0.0,0.0
BitRate blocking probability per pair and bitRate,0,200.0Gbps,17,5, ,0.0,0.0,0.0,0.0,0.0
BitRate blocking probability per pair and bitRate,0,200.0Gbps,23,14, ,0.0,0.0,0.0,0.0,0.0
BitRate blocking probability per pair and bitRate,0,200.0Gbps,1,19, ,0.0,0.0,0.0,0.0,0.0
BitRate blocking probability per pair and bitRate,0,200.0Gbps,17,7, ,0.0,0.0,0.0,0.0,0.0
BitRate blocking probability per pair and bitRate,0,200.0Gbps,18,9, ,0.0,0.0,0.0,0.0,0.0
BitRate blocking probability per pair and bitRate,0,200.0Gbps,18,23, ,0.0,0.0,0.0,0.0,0.0
BitRate blocking probability per pair and bitRate,0,200.0Gbps,13,22, ,0.0,0.0,0.0,0.0,0.0
BitRate blocking probability per pair and bitRate,0,200.0Gbps,7,6, ,0.0,0.0,0.0,0.0,0.0
BitRate blocking probability per pair and bitRate,0,200.0Gbps,9,23, ,0.0,0.0,0.0,0.0,0.0
BitRate blocking probability per pair and bitRate,0,200.0Gbps,13,6, ,0.0,0.0,0.0,0.0,0.0
BitRate blocking probability per pair and bitRate,0,200.0Gbps,15,8, ,0.0,0.0,0.0,0.0,0.0
BitRate blocking probability per pair and bitRate,0,200.0Gbps,13,14, ,0.0,0.0,0.0,0.0,0.0
BitRate blocking probability per pair and bitRate,0,200.0Gbps,20,3, ,0.0,0.0,0.0,0.0,0.0
BitRate blocking probability per pair and bitRate,0,200.0Gbps,21,16, ,0.0,0.0,0.0,0.0,0.0
BitRate blocking probability per pair and bitRate,0,200.0Gbps,3,16, ,0.0,0.0,0.0,0.0,0.0
BitRate blocking probability per pair and bitRate,0,200.0Gbps,22,13, ,0.0,0.0,0.0,0.0,0.0
BitRate blocking probability per pair and bitRate,0,200.0Gbps,3,14, ,0.0,0.0,0.0,0.0,0.0
BitRate blocking probability per pair and bitRate,0,200.0Gbps,3,7, ,0.0,0.0,0.0,0.0,0.0
BitRate blocking probability per pair and bitRate,0,200.0Gbps,10,22, ,0.0,0.0,0.0,0.0,0.0
BitRate blocking probability per pair and bitRate,0,200.0Gbps,8,10, ,0.0,0.0,0.0,0.0,0.0
BitRate blocking probability per pair and bitRate,0,200.0Gbps,22,6, ,0.0,0.0,0.0,0.0,0.0
BitRate blocking probability per pair and bitRate,0,200.0Gbps,5,2, ,0.0,0.0,0.0,0.0,0.0
BitRate blocking probability per pair and bitRate,0,200.0Gbps,13,5, ,0.0,0.0,0.0,0.0,0.0
BitRate blocking probability per pair and bitRate,0,200.0Gbps,23,8, ,0.0,0.0,0.0,0.0,0.0
BitRate blocking probability per pair and bitRate,0,200.0Gbps,13,11, ,0.0,0.0,0.0,0.0,0.0
BitRate blocking probability per pair and bitRate,0,200.0Gbps,13,7, ,0.0,0.0,0.0,0.0,0.0
BitRate blocking probability per pair and bitRate,0,200.0Gbps,3,13, ,0.0,0.0,0.0,0.0,0.0
BitRate blocking probability per pair and bitRate,0,200.0Gbps,10,12, ,0.0,0.0,0.0,0.0,0.0
BitRate blocking probability per pair and bitRate,0,200.0Gbps,24,11, ,0.0,0.0,0.0,0.0,0.0
BitRate blocking probability per pair and bitRate,0,200.0Gbps,9,7, ,0.0,0.0,0.0,0.0,0.0
BitRate blocking probability per pair and bitRate,0,200.0Gbps,24,12, ,0.0,0.0,0.0,0.0,0.0
BitRate blocking probability per pair and bitRate,0,200.0Gbps,15,3, ,0.0,0.0,0.0,0.0,0.0
BitRate blocking probability per pair and bitRate,0,200.0Gbps,22,11, ,0.0,0.0,0.0,0.0,0.0
BitRate blocking probability per pair and bitRate,0,200.0Gbps,18,19, ,0.0,0.0,0.0,0.0,0.0
BitRate blocking probability per pair and bitRate,0,200.0Gbps,16,7, ,0.0,0.0,0.0,0.0,0.0
BitRate blocking probability per pair and bitRate,0,200.0Gbps,5,24, ,0.0,0.0,0.0,0.0,0.0
BitRate blocking probability per pair and bitRate,0,200.0Gbps,10,19, ,0.0,0.0,0.0,0.0,0.0
BitRate blocking probability per pair and bitRate,0,200.0Gbps,23,13, ,0.0,0.0,0.0,0.0,0.0
BitRate blocking probability per pair and bitRate,0,200.0Gbps,12,3, ,0.0,0.0,0.0,0.0,0.0
BitRate blocking probability per pair and bitRate,0,200.0Gbps,9,10, ,0.0,0.0,0.0,0.0,0.0
BitRate blocking probability per pair and bitRate,0,200.0Gbps,4,18, ,0.0,0.0,0.0,0.0,0.0
BitRate blocking probability per pair and bitRate,0,200.0Gbps,4,19, ,0.0,0.0,0.0,0.0,0.0
BitRate blocking probability per pair and bitRate,0,200.0Gbps,17,15, ,0.0,0.0,0.0,0.0,0.0
BitRate blocking probability per pair and bitRate,0,200.0Gbps,2,22, ,0.0,0.0,0.0,0.0,0.0
BitRate blocking probability per pair and bitRate,0,200.0Gbps,11,17, ,0.0,0.0,0.0,0.0,0.0
BitRate blocking probability per pair and bitRate,0,200.0Gbps,18,13, ,0.0,0.0,0.0,0.0,0.0
BitRate blocking probability per pair and bitRate,0,200.0Gbps,24,10, ,0.0,0.0,0.0,0.0,0.0
BitRate blocking probability per pair and bitRate,0,200.0Gbps,11,13, ,0.0,0.0,0.0,0.0,0.0
BitRate blocking probability per pair and bitRate,0,200.0Gbps,12,22, ,0.0,0.0,0.0,0.0,0.0
BitRate blocking probability per pair and bitRate,0,200.0Gbps,20,23, ,0.0,0.0,0.0,0.0,0.0
BitRate blocking probability per pair and bitRate,0,200.0Gbps,4,7, ,0.0,0.0,0.0,0.0,0.0
BitRate blocking probability per pair and bitRate,0,200.0Gbps,9,12, ,0.0,0.0,0.0,0.0,0.0
BitRate blocking probability per pair and bitRate,0,200.0Gbps,4,13, ,0.0,0.0,0.0,0.0,0.0
BitRate blocking probability per pair and bitRate,0,200.0Gbps,20,13, ,0.0,0.0,0.0,0.0,0.0
BitRate blocking probability per pair and bitRate,0,200.0Gbps,10,3, ,0.0,0.0,0.0,0.0,0.0
BitRate blocking probability per pair and bitRate,0,200.0Gbps,21,3, ,0.0,0.0,0.0,0.0,0.0
BitRate blocking probability per pair and bitRate,0,200.0Gbps,7,9, ,0.0,0.0,0.0,0.0,0.0
BitRate blocking probability per pair and bitRate,0,200.0Gbps,12,19, ,0.0,0.0,0.0,0.0,0.0
BitRate blocking probability per pair and bitRate,0,200.0Gbps,19,16, ,0.0,0.0,0.0,0.0,0.0
BitRate blocking probability per pair and bitRate,0,200.0Gbps,20,11, ,0.0,0.0,0.0,0.0,0.0
BitRate blocking probability per pair and bitRate,0,200.0Gbps,22,9, ,0.0,0.0,0.0,0.0,0.0
BitRate blocking probability per pair and bitRate,0,200.0Gbps,7,11, ,0.0,0.0,0.0,0.0,0.0
BitRate blocking probability per pair and bitRate,0,200.0Gbps,6,1, ,0.0,0.0,0.0,0.0,0.0
BitRate blocking probability per pair and bitRate,0,200.0Gbps,6,14, ,0.0,0.0,0.0,0.0,0.0
BitRate blocking probability per pair and bitRate,0,200.0Gbps,21,1, ,0.0,0.0,0.0,0.0,0.0
BitRate blocking probability per pair and bitRate,0,200.0Gbps,4,23, ,0.0,0.0,0.0,0.0,0.0
BitRate blocking probability per pair and bitRate,0,200.0Gbps,1,5, ,0.0,0.0,0.0,0.0,0.0
BitRate blocking probability per pair and bitRate,0,200.0Gbps,3,22, ,0.0,0.0,0.0,0.0,0.0
BitRate blocking probability per pair and bitRate,0,200.0Gbps,5,23, ,0.0,0.0,0.0,0.0,0.0
BitRate blocking probability per pair and bitRate,0,200.0Gbps,14,9, ,0.0,0.0,0.0,0.0,0.0
BitRate blocking probability per pair and bitRate,0,200.0Gbps,23,6, ,0.0,0.0,0.0,0.0,0.0
BitRate blocking probability per pair and bitRate,0,200.0Gbps,6,19, ,0.0,0.0,0.0,0.0,0.0
BitRate blocking probability per pair and bitRate,0,200.0Gbps,14,13, ,0.0,0.0,0.0,0.0,0.0
BitRate blocking probability per pair and bitRate,0,200.0Gbps,14,11, ,0.0,0.0,0.0,0.0,0.0
BitRate blocking probability per pair and bitRate,0,200.0Gbps,12,21, ,0.0,0.0,0.0,0.0,0.0
BitRate blocking probability per pair and bitRate,0,200.0Gbps,2,8, ,0.0,0.0,0.0,0.0,0.0
BitRate blocking probability per pair and bitRate,0,200.0Gbps,16,13, ,0.0,0.0,0.0,0.0,0.0
BitRate blocking probability per pair and bitRate,0,200.0Gbps,20,18, ,0.0,0.0,0.0,0.0,0.0
BitRate blocking probability per pair and bitRate,0,200.0Gbps,6,9, ,0.0,0.0,0.0,0.0,0.0
BitRate blocking probability per pair and bitRate,0,200.0Gbps,6,23, ,0.0,0.0,0.0,0.0,0.0
BitRate blocking probability per pair and bitRate,0,200.0Gbps,10,4, ,0.0,0.0,0.0,0.0,0.0
BitRate blocking probability per pair and bitRate,0,200.0Gbps,17,23, ,0.0,0.0,0.0,0.0,0.0
BitRate blocking probability per pair and bitRate,0,200.0Gbps,17,18, ,0.0,0.0,0.0,0.0,0.0
BitRate blocking probability per pair and bitRate,0,200.0Gbps,14,12, ,0.0,0.0,0.0,0.0,0.0
BitRate blocking probability per pair and bitRate,0,200.0Gbps,14,17, ,0.0,0.0,0.0,0.0,0.0
BitRate blocking probability per pair and bitRate,0,200.0Gbps,19,7, ,0.0,0.0,0.0,0.0,0.0
BitRate blocking probability per pair and bitRate,0,200.0Gbps,7,24, ,0.0,0.0,0.0,0.0,0.0
BitRate blocking probability per pair and bitRate,0,200.0Gbps,11,18, ,0.0,0.0,0.0,0.0,0.0
BitRate blocking probability per pair and bitRate,0,200.0Gbps,11,10, ,0.0,0.0,0.0,0.0,0.0
BitRate blocking probability per pair and bitRate,0,200.0Gbps,14,22, ,0.0,0.0,0.0,0.0,0.0
BitRate blocking probability per pair and bitRate,0,200.0Gbps,4,9, ,0.0,0.0,0.0,0.0,0.0
BitRate blocking probability per pair and bitRate,0,200.0Gbps,22,21, ,0.0,0.0,0.0,0.0,0.0
BitRate blocking probability per pair and bitRate,0,200.0Gbps,22,24, ,0.0,0.0,0.0,0.0,0.0
BitRate blocking probability per pair and bitRate,0,200.0Gbps,8,15, ,0.0,0.0,0.0,0.0,0.0
BitRate blocking probability per pair and bitRate,0,200.0Gbps,12,5, ,0.0,0.0,0.0,0.0,0.0
BitRate blocking probability per pair and bitRate,0,200.0Gbps,7,23, ,0.0,0.0,0.0,0.0,0.0
BitRate blocking probability per pair and bitRate,0,200.0Gbps,24,14, ,0.0,0.0,0.0,0.0,0.0
BitRate blocking probability per pair and bitRate,0,200.0Gbps,1,2, ,0.0,0.0,0.0,0.0,0.0
BitRate blocking probability per pair and bitRate,0,200.0Gbps,15,22, ,0.0,0.0,0.0,0.0,0.0
BitRate blocking probability per pair and bitRate,0,200.0Gbps,19,14, ,0.0,0.0,0.0,0.0,0.0
BitRate blocking probability per pair and bitRate,0,200.0Gbps,21,23, ,0.0,0.0,0.0,0.0,0.0
BitRate blocking probability per pair and bitRate,0,200.0Gbps,8,1, ,0.0,0.0,0.0,0.0,0.0
BitRate blocking probability per pair and bitRate,0,200.0Gbps,18,10, ,0.0,0.0,0.0,0.0,0.0
BitRate blocking probability per pair and bitRate,0,200.0Gbps,17,3, ,0.0,0.0,0.0,0.0,0.0
BitRate blocking probability per pair and bitRate,0,200.0Gbps,5,9, ,0.0,0.0,0.0,0.0,0.0
BitRate blocking probability per pair and bitRate,0,200.0Gbps,19,8, ,0.0,0.0,0.0,0.0,0.0
BitRate blocking probability per pair and bitRate,0,200.0Gbps,4,21, ,0.0,0.0,0.0,0.0,0.0
BitRate blocking probability per pair and bitRate,0,200.0Gbps,8,16, ,0.0,0.0,0.0,0.0,0.0
BitRate blocking probability per pair and bitRate,0,200.0Gbps,5,12, ,0.0,0.0,0.0,0.0,0.0
BitRate blocking probability per pair and bitRate,0,200.0Gbps,6,16, ,0.0,0.0,0.0,0.0,0.0
BitRate blocking probability per pair and bitRate,0,200.0Gbps,20,10, ,0.0,0.0,0.0,0.0,0.0
BitRate blocking probability per pair and bitRate,0,200.0Gbps,2,15, ,0.0,0.0,0.0,0.0,0.0
BitRate blocking probability per pair and bitRate,0,200.0Gbps,20,6, ,0.0,0.0,0.0,0.0,0.0
BitRate blocking probability per pair and bitRate,0,200.0Gbps,21,13, ,0.0,0.0,0.0,0.0,0.0
BitRate blocking probability per pair and bitRate,0,200.0Gbps,6,21, ,0.0,0.0,0.0,0.0,0.0
BitRate blocking probability per pair and bitRate,0,200.0Gbps,18,16, ,0.0,0.0,0.0,0.0,0.0
BitRate blocking probability per pair and bitRate,0,200.0Gbps,5,21, ,0.0,0.0,0.0,0.0,0.0
BitRate blocking probability per pair and bitRate,0,200.0Gbps,15,11, ,0.0,0.0,0.0,0.0,0.0
BitRate blocking probability per pair and bitRate,0,200.0Gbps,8,12, ,0.0,0.0,0.0,0.0,0.0
BitRate blocking probability per pair and bitRate,0,200.0Gbps,19,1, ,0.0,0.0,0.0,0.0,0.0
BitRate blocking probability per pair and bitRate,0,200.0Gbps,21,14, ,0.0,0.0,0.0,0.0,0.0
BitRate blocking probability per pair and bitRate,0,200.0Gbps,2,13, ,0.0,0.0,0.0,0.0,0.0
BitRate blocking probability per pair and bitRate,0,200.0Gbps,17,6, ,0.0,0.0,0.0,0.0,0.0
BitRate blocking probability per pair and bitRate,0,200.0Gbps,24,1, ,0.0,0.0,0.0,0.0,0.0
BitRate blocking probability per pair and bitRate,0,200.0Gbps,8,3, ,0.0,0.0,0.0,0.0,0.0
BitRate blocking probability per pair and bitRate,0,200.0Gbps,1,22, ,0.0,0.0,0.0,0.0,0.0
BitRate blocking probability per pair and bitRate,0,200.0Gbps,23,3, ,0.0,0.0,0.0,0.0,0.0
BitRate blocking probability per pair and bitRate,0,200.0Gbps,2,1, ,0.0,0.0,0.0,0.0,0.0
BitRate blocking probability per pair and bitRate,0,200.0Gbps,15,23, ,0.0,0.0,0.0,0.0,0.0
BitRate blocking probability per pair and bitRate,0,200.0Gbps,19,15, ,0.0,0.0,0.0,0.0,0.0
BitRate blocking probability per pair and bitRate,0,200.0Gbps,2,23, ,0.0,0.0,0.0,0.0,0.0
BitRate blocking probability per pair and bitRate,0,200.0Gbps,13,17, ,0.0,0.0,0.0,0.0,0.0
BitRate blocking probability per pair and bitRate,0,200.0Gbps,1,10, ,0.0,0.0,0.0,0.0,0.0
BitRate blocking probability per pair and bitRate,0,200.0Gbps,5,22, ,0.0,0.0,0.0,0.0,0.0
BitRate blocking probability per pair and bitRate,0,200.0Gbps,18,24, ,0.0,0.0,0.0,0.0,0.0
BitRate blocking probability per pair and bitRate,0,200.0Gbps,19,23, ,0.0,0.0,0.0,0.0,0.0
BitRate blocking probability per pair and bitRate,0,200.0Gbps,20,8, ,0.0,0.0,0.0,0.0,0.0
BitRate blocking probability per pair and bitRate,0,200.0Gbps,10,6, ,0.0,0.0,0.0,0.0,0.0
BitRate blocking probability per pair and bitRate,0,200.0Gbps,2,6, ,0.0,0.0,0.0,0.0,0.0
BitRate blocking probability per pair and bitRate,0,200.0Gbps,16,14, ,0.0,0.0,0.0,0.0,0.0
BitRate blocking probability per pair and bitRate,0,200.0Gbps,24,19, ,0.0,0.0,0.0,0.0,0.0
BitRate blocking probability per pair and bitRate,0,200.0Gbps,23,19, ,0.0,0.0,0.0,0.0,0.0
BitRate blocking probability per pair and bitRate,0,200.0Gbps,12,2, ,0.0,0.0,0.0,0.0,0.0
BitRate blocking probability per pair and bitRate,0,200.0Gbps,23,1, ,0.0,0.0,0.0,0.0,0.0
BitRate blocking probability per pair and bitRate,0,200.0Gbps,15,7, ,0.0,0.0,0.0,0.0,0.0
BitRate blocking probability per pair and bitRate,0,200.0Gbps,22,12, ,0.0,0.0,0.0,0.0,0.0
BitRate blocking probability per pair and bitRate,0,200.0Gbps,3,6, ,0.0,0.0,0.0,0.0,0.0
BitRate blocking probability per pair and bitRate,0,200.0Gbps,4,2, ,0.0,0.0,0.0,0.0,0.0
BitRate blocking probability per pair and bitRate,0,200.0Gbps,13,1, ,0.0,0.0,0.0,0.0,0.0
BitRate blocking probability per pair and bitRate,0,200.0Gbps,6,5, ,0.0,0.0,0.0,0.0,0.0
BitRate blocking probability per pair and bitRate,0,200.0Gbps,16,22, ,0.0,0.0,0.0,0.0,0.0
BitRate blocking probability per pair and bitRate,0,200.0Gbps,7,5, ,0.0,0.0,0.0,0.0,0.0
BitRate blocking probability per pair and bitRate,0,200.0Gbps,6,24, ,0.0,0.0,0.0,0.0,0.0
BitRate blocking probability per pair and bitRate,0,200.0Gbps,18,17, ,0.0,0.0,0.0,0.0,0.0
BitRate blocking probability per pair and bitRate,0,200.0Gbps,22,3, ,0.0,0.0,0.0,0.0,0.0
BitRate blocking probability per pair and bitRate,0,200.0Gbps,13,4, ,0.0,0.0,0.0,0.0,0.0
BitRate blocking probability per pair and bitRate,0,200.0Gbps,16,5, ,0.0,0.0,0.0,0.0,0.0
BitRate blocking probability per pair and bitRate,0,200.0Gbps,18,11, ,0.0,0.0,0.0,0.0,0.0
BitRate blocking probability per pair and bitRate,0,200.0Gbps,6,11, ,0.0,0.0,0.0,0.0,0.0
BitRate blocking probability per pair and bitRate,0,200.0Gbps,17,13, ,0.0,0.0,0.0,0.0,0.0
BitRate blocking probability per pair and bitRate,0,200.0Gbps,7,3, ,0.0,0.0,0.0,0.0,0.0
BitRate blocking probability per pair and bitRate,0,200.0Gbps,22,23, ,0.0,0.0,0.0,0.0,0.0
BitRate blocking probability per pair and bitRate,0,200.0Gbps,10,13, ,0.0,0.0,0.0,0.0,0.0
BitRate blocking probability per pair and bitRate,0,200.0Gbps,14,7, ,0.0,0.0,0.0,0.0,0.0
BitRate blocking probability per pair and bitRate,0,200.0Gbps,20,16, ,0.0,0.0,0.0,0.0,0.0
BitRate blocking probability per pair and bitRate,0,200.0Gbps,14,8, ,0.0,0.0,0.0,0.0,0.0
BitRate blocking probability per pair and bitRate,0,200.0Gbps,7,4, ,0.0,0.0,0.0,0.0,0.0
BitRate blocking probability per pair and bitRate,0,200.0Gbps,8,14, ,0.0,0.0,0.0,0.0,0.0
BitRate blocking probability per pair and bitRate,0,200.0Gbps,3,12, ,0.0,0.0,0.0,0.0,0.0
BitRate blocking probability per pair and bitRate,0,200.0Gbps,7,2, ,0.0,0.0,0.0,0.0,0.0
BitRate blocking probability per pair and bitRate,0,200.0Gbps,10,11, ,0.0,0.0,0.0,0.0,0.0
BitRate blocking probability per pair and bitRate,0,200.0Gbps,11,14, ,0.0,0.0,0.0,0.0,0.0
BitRate blocking probability per pair and bitRate,0,200.0Gbps,20,24, ,0.0,0.0,0.0,0.0,0.0
BitRate blocking probability per pair and bitRate,0,200.0Gbps,20,4, ,0.0,0.0,0.0,0.0,0.0
BitRate blocking probability per pair and bitRate,0,200.0Gbps,23,2, ,0.0,0.0,0.0,0.0,0.0
BitRate blocking probability per pair and bitRate,0,200.0Gbps,22,2, ,0.0,0.0,0.0,0.0,0.0
BitRate blocking probability per pair and bitRate,0,200.0Gbps,22,19, ,0.0,0.0,0.0,0.0,0.0
BitRate blocking probability per pair and bitRate,0,200.0Gbps,24,23, ,0.0,0.0,0.0,0.0,0.0
BitRate blocking probability per pair and bitRate,0,200.0Gbps,6,17, ,0.0,0.0,0.0,0.0,0.0
BitRate blocking probability per pair and bitRate,0,200.0Gbps,4,15, ,0.0,0.0,0.0,0.0,0.0
BitRate blocking probability per pair and bitRate,0,200.0Gbps,20,7, ,0.0,0.0,0.0,0.0,0.0
BitRate blocking probability per pair and bitRate,0,200.0Gbps,10,8, ,0.0,0.0,0.0,0.0,0.0
BitRate blocking probability per pair and bitRate,0,200.0Gbps,10,24, ,0.0,0.0,0.0,0.0,0.0
BitRate blocking probability per pair and bitRate,0,200.0Gbps,12,16, ,0.0,0.0,0.0,0.0,0.0
BitRate blocking probability per pair and bitRate,0,200.0Gbps,8,13, ,0.0,0.0,0.0,0.0,0.0
BitRate blocking probability per pair and bitRate,0,200.0Gbps,11,4, ,0.0,0.0,0.0,0.0,0.0
BitRate blocking probability per pair and bitRate,0,200.0Gbps,22,17, ,0.0,0.0,0.0,0.0,0.0
BitRate blocking probability per pair and bitRate,0,200.0Gbps,4,1, ,0.0,0.0,0.0,0.0,0.0
BitRate blocking probability per pair and bitRate,0,200.0Gbps,14,6, ,0.0,0.0,0.0,0.0,0.0
BitRate blocking probability per pair and bitRate,0,200.0Gbps,14,10, ,0.0,0.0,0.0,0.0,0.0
BitRate blocking probability per pair and bitRate,0,200.0Gbps,24,6, ,0.0,0.0,0.0,0.0,0.0
BitRate blocking probability per pair and bitRate,0,200.0Gbps,15,2, ,0.0,0.0,0.0,0.0,0.0
BitRate blocking probability per pair and bitRate,0,200.0Gbps,22,10, ,0.0,0.0,0.0,0.0,0.0
BitRate blocking probability per pair and bitRate,0,200.0Gbps,4,17, ,0.0,0.0,0.0,0.0,0.0
BitRate blocking probability per pair and bitRate,0,200.0Gbps,17,2, ,0.0,0.0,0.0,0.0,0.0
BitRate blocking probability per pair and bitRate,0,200.0Gbps,18,20, ,0.0,0.0,0.0,0.0,0.0
BitRate blocking probability per pair and bitRate,0,200.0Gbps,17,21, ,0.0,0.0,0.0,0.0,0.0
BitRate blocking probability per pair and bitRate,0,200.0Gbps,18,6, ,0.0,0.0,0.0,0.0,0.0
BitRate blocking probability per pair and bitRate,0,200.0Gbps,10,15, ,0.0,0.0,0.0,0.0,0.0
BitRate blocking probability per pair and bitRate,0,200.0Gbps,4,11, ,0.0,0.0,0.0,0.0,0.0
BitRate blocking probability per pair and bitRate,0,200.0Gbps,2,21, ,0.0,0.0,0.0,0.0,0.0
BitRate blocking probability per pair and bitRate,0,200.0Gbps,19,9, ,0.0,0.0,0.0,0.0,0.0
BitRate blocking probability per pair and bitRate,0,200.0Gbps,5,8, ,0.0,0.0,0.0,0.0,0.0
BitRate blocking probability per pair and bitRate,0,200.0Gbps,5,3, ,0.0,0.0,0.0,0.0,0.0
BitRate blocking probability per pair and bitRate,0,200.0Gbps,11,6, ,0.0,0.0,0.0,0.0,0.0
BitRate blocking probability per pair and bitRate,0,200.0Gbps,8,2, ,0.0,0.0,0.0,0.0,0.0
BitRate blocking probability per pair and bitRate,0,200.0Gbps,9,24, ,0.0,0.0,0.0,0.0,0.0
BitRate blocking probability per pair and bitRate,0,200.0Gbps,16,23, ,0.0,0.0,0.0,0.0,0.0
BitRate blocking probability per pair and bitRate,0,200.0Gbps,2,16, ,0.0,0.0,0.0,0.0,0.0
BitRate blocking probability per pair and bitRate,0,200.0Gbps,16,17, ,0.0,0.0,0.0,0.0,0.0
BitRate blocking probability per pair and bitRate,0,200.0Gbps,23,18, ,0.0,0.0,0.0,0.0,0.0
BitRate blocking probability per pair and bitRate,0,200.0Gbps,7,1, ,0.0,0.0,0.0,0.0,0.0
BitRate blocking probability per pair and bitRate,0,200.0Gbps,11,24, ,0.0,0.0,0.0,0.0,0.0
BitRate blocking probability per pair and bitRate,0,200.0Gbps,2,10, ,0.0,0.0,0.0,0.0,0.0
BitRate blocking probability per pair and bitRate,0,200.0Gbps,4,6, ,0.0,0.0,0.0,0.0,0.0
BitRate blocking probability per pair and bitRate,0,200.0Gbps,15,13, ,0.0,0.0,0.0,0.0,0.0
BitRate blocking probability per pair and bitRate,0,200.0Gbps,21,12, ,0.0,0.0,0.0,0.0,0.0
BitRate blocking probability per pair and bitRate,0,200.0Gbps,5,6, ,0.0,0.0,0.0,0.0,0.0
BitRate blocking probability per pair and bitRate,0,200.0Gbps,10,18, ,0.0,0.0,0.0,0.0,0.0
BitRate blocking probability per pair and bitRate,0,200.0Gbps,14,23, ,0.0,0.0,0.0,0.0,0.0
BitRate blocking probability per pair and bitRate,0,200.0Gbps,21,8, ,0.0,0.0,0.0,0.0,0.0
BitRate blocking probability per pair and bitRate,0,200.0Gbps,11,3, ,0.0,0.0,0.0,0.0,0.0
BitRate blocking probability per pair and bitRate,0,200.0Gbps,13,16, ,0.0,0.0,0.0,0.0,0.0
BitRate blocking probability per pair and bitRate,0,200.0Gbps,22,16, ,0.0,0.0,0.0,0.0,0.0
BitRate blocking probability per pair and bitRate,0,200.0Gbps,21,5, ,0.0,0.0,0.0,0.0,0.0
BitRate blocking probability per pair and bitRate,0,200.0Gbps,23,24, ,0.0,0.0,0.0,0.0,0.0
BitRate blocking probability per pair and bitRate,0,200.0Gbps,9,6, ,0.0,0.0,0.0,0.0,0.0
BitRate blocking probability per pair and bitRate,0,200.0Gbps,20,9, ,0.0,0.0,0.0,0.0,0.0
BitRate blocking probability per pair and bitRate,0,200.0Gbps,16,6, ,0.0,0.0,0.0,0.0,0.0
BitRate blocking probability per pair and bitRate,0,200.0Gbps,15,4, ,0.0,0.0,0.0,0.0,0.0
BitRate blocking probability per pair and bitRate,0,200.0Gbps,3,4, ,0.0,0.0,0.0,0.0,0.0
BitRate blocking probability per pair and bitRate,0,200.0Gbps,17,10, ,0.0,0.0,0.0,0.0,0.0
BitRate blocking probability per pair and bitRate,0,200.0Gbps,12,10, ,0.0,0.0,0.0,0.0,0.0
BitRate blocking probability per pair and bitRate,0,200.0Gbps,12,7, ,0.0,0.0,0.0,0.0,0.0
BitRate blocking probability per pair and bitRate,0,200.0Gbps,3,17, ,0.0,0.0,0.0,0.0,0.0
BitRate blocking probability per pair and bitRate,0,400.0Gbps,11,2, ,0.0,0.0,0.0,0.0,0.0
BitRate blocking probability per pair and bitRate,0,400.0Gbps,1,23, ,0.0,0.0,0.0,0.0,0.0
BitRate blocking probability per pair and bitRate,0,400.0Gbps,2,9, ,0.0,0.0,0.0,0.0,0.0
BitRate blocking probability per pair and bitRate,0,400.0Gbps,1,20, ,0.0,0.0,0.0,0.0,0.0
BitRate blocking probability per pair and bitRate,0,400.0Gbps,17,24, ,0.0,0.0,0.0,0.0,0.0
BitRate blocking probability per pair and bitRate,0,400.0Gbps,21,15, ,0.0,0.0,0.0,0.0,0.0
BitRate blocking probability per pair and bitRate,0,400.0Gbps,19,11, ,0.0,0.0,0.0,0.0,0.0
BitRate blocking probability per pair and bitRate,0,400.0Gbps,3,1, ,0.0,0.0,0.0,0.0,0.0
BitRate blocking probability per pair and bitRate,0,400.0Gbps,24,2, ,0.0,0.0,0.0,0.0,0.0
BitRate blocking probability per pair and bitRate,0,400.0Gbps,23,22, ,0.0,0.0,0.0,0.0,0.0
BitRate blocking probability per pair and bitRate,0,400.0Gbps,17,22, ,0.0,0.0,0.0,0.0,0.0
BitRate blocking probability per pair and bitRate,0,400.0Gbps,15,20, ,0.0,0.0,0.0,0.0,0.0
BitRate blocking probability per pair and bitRate,0,400.0Gbps,2,7, ,0.0,0.0,0.0,0.0,0.0
BitRate blocking probability per pair and bitRate,0,400.0Gbps,10,1, ,0.0,0.0,0.0,0.0,0.0
BitRate blocking probability per pair and bitRate,0,400.0Gbps,14,16, ,0.0,0.0,0.0,0.0,0.0
BitRate blocking probability per pair and bitRate,0,400.0Gbps,13,18, ,0.0,0.0,0.0,0.0,0.0
BitRate blocking probability per pair and bitRate,0,400.0Gbps,11,7, ,0.0,0.0,0.0,0.0,0.0
BitRate blocking probability per pair and bitRate,0,400.0Gbps,15,10, ,0.0,0.0,0.0,0.0,0.0
BitRate blocking probability per pair and bitRate,0,400.0Gbps,17,4, ,0.0,0.0,0.0,0.0,0.0
BitRate blocking probability per pair and bitRate,0,400.0Gbps,15,19, ,0.0,0.0,0.0,0.0,0.0
BitRate blocking probability per pair and bitRate,0,400.0Gbps,9,22, ,0.0,0.0,0.0,0.0,0.0
BitRate blocking probability per pair and bitRate,0,400.0Gbps,9,19, ,0.0,0.0,0.0,0.0,0.0
BitRate blocking probability per pair and bitRate,0,400.0Gbps,24,7, ,0.0,0.0,0.0,0.0,0.0
BitRate blocking probability per pair and bitRate,0,400.0Gbps,1,18, ,0.0,0.0,0.0,0.0,0.0
BitRate blocking probability per pair and bitRate,0,400.0Gbps,19,4, ,0.0,0.0,0.0,0.0,0.0
BitRate blocking probability per pair and bitRate,0,400.0Gbps,5,1, ,0.0,0.0,0.0,0.0,0.0
BitRate blocking probability per pair and bitRate,0,400.0Gbps,5,20, ,0.0,0.0,0.0,0.0,0.0
BitRate blocking probability per pair and bitRate,0,400.0Gbps,21,24, ,0.0,0.0,0.0,0.0,0.0
BitRate blocking probability per pair and bitRate,0,400.0Gbps,9,1, ,0.0,0.0,0.0,0.0,0.0
BitRate blocking probability per pair and bitRate,0,400.0Gbps,9,21, ,0.0,0.0,0.0,0.0,0.0
BitRate blocking probability per pair and bitRate,0,400.0Gbps,14,15, ,0.0,0.0,0.0,0.0,0.0
BitRate blocking probability per pair and bitRate,0,400.0Gbps,8,4, ,0.0,0.0,0.0,0.0,0.0
BitRate blocking probability per pair and bitRate,0,400.0Gbps,8,21, ,0.0,0.0,0.0,0.0,0.0
BitRate blocking probability per pair and bitRate,0,400.0Gbps,6,3, ,0.0,0.0,0.0,0.0,0.0
BitRate blocking probability per pair and bitRate,0,400.0Gbps,9,2, ,0.0,0.0,0.0,0.0,0.0
BitRate blocking probability per pair and bitRate,0,400.0Gbps,16,2, ,0.0,0.0,0.0,0.0,0.0
BitRate blocking probability per pair and bitRate,0,400.0Gbps,9,4, ,0.0,0.0,0.0,0.0,0.0
BitRate blocking probability per pair and bitRate,0,400.0Gbps,23,21, ,0.0,0.0,0.0,0.0,0.0
BitRate blocking probability per pair and bitRate,0,400.0Gbps,19,24, ,0.0,0.0,0.0,0.0,0.0
BitRate blocking probability per pair and bitRate,0,400.0Gbps,22,15, ,0.0,0.0,0.0,0.0,0.0
BitRate blocking probability per pair and bitRate,0,400.0Gbps,23,17, ,0.0,0.0,0.0,0.0,0.0
BitRate blocking probability per pair and bitRate,0,400.0Gbps,8,11, ,0.0,0.0,0.0,0.0,0.0
BitRate blocking probability per pair and bitRate,0,400.0Gbps,24,17, ,0.0,0.0,0.0,0.0,0.0
BitRate blocking probability per pair and bitRate,0,400.0Gbps,22,18, ,0.0,0.0,0.0,0.0,0.0
BitRate blocking probability per pair and bitRate,0,400.0Gbps,5,11, ,0.0,0.0,0.0,0.0,0.0
BitRate blocking probability per pair and bitRate,0,400.0Gbps,4,8, ,0.0,0.0,0.0,0.0,0.0
BitRate blocking probability per pair and bitRate,0,400.0Gbps,23,9, ,0.0,0.0,0.0,0.0,0.0
BitRate blocking probability per pair and bitRate,0,400.0Gbps,6,12, ,0.0,0.0,0.0,0.0,0.0
BitRate blocking probability per pair and bitRate,0,400.0Gbps,4,5, ,0.0,0.0,0.0,0.0,0.0
BitRate blocking probability per pair and bitRate,0,400.0Gbps,16,9, ,0.0,0.0,0.0,0.0,0.0
BitRate blocking probability per pair and bitRate,0,400.0Gbps,16,11, ,0.0,0.0,0.0,0.0,0.0
BitRate blocking probability per pair and bitRate,0,400.0Gbps,24,20, ,0.0,0.0,0.0,0.0,0.0
BitRate blocking probability per pair and bitRate,0,400.0Gbps,12,14, ,0.0,0.0,0.0,0.0,0.0
BitRate blocking probability per pair and bitRate,0,400.0Gbps,20,5, ,0.0,0.0,0.0,0.0,0.0
BitRate blocking probability per pair and bitRate,0,400.0Gbps,11,12, ,0.0,0.0,0.0,0.0,0.0
BitRate blocking probability per pair and bitRate,0,400.0Gbps,7,14, ,0.0,0.0,0.0,0.0,0.0
BitRate blocking probability per pair and bitRate,0,400.0Gbps,10,23, ,0.0,0.0,0.0,0.0,0.0
BitRate blocking probability per pair and bitRate,0,400.0Gbps,22,20, ,0.0,0.0,0.0,0.0,0.0
BitRate blocking probability per pair and bitRate,0,400.0Gbps,17,11, ,0.0,0.0,0.0,0.0,0.0
BitRate blocking probability per pair and bitRate,0,400.0Gbps,3,10, ,0.0,0.0,0.0,0.0,0.0
BitRate blocking probability per pair and bitRate,0,400.0Gbps,17,14, ,0.0,0.0,0.0,0.0,0.0
BitRate blocking probability per pair and bitRate,0,400.0Gbps,10,7, ,0.0,0.0,0.0,0.0,0.0
BitRate blocking probability per pair and bitRate,0,400.0Gbps,3,2, ,0.0,0.0,0.0,0.0,0.0
BitRate blocking probability per pair and bitRate,0,400.0Gbps,3,5, ,0.0,0.0,0.0,0.0,0.0
BitRate blocking probability per pair and bitRate,0,400.0Gbps,22,1, ,0.0,0.0,0.0,0.0,0.0
BitRate blocking probability per pair and bitRate,0,400.0Gbps,1,14, ,0.0,0.0,0.0,0.0,0.0
BitRate blocking probability per pair and bitRate,0,400.0Gbps,24,8, ,0.0,0.0,0.0,0.0,0.0
BitRate blocking probability per pair and bitRate,0,400.0Gbps,11,21, ,0.0,0.0,0.0,0.0,0.0
BitRate blocking probability per pair and bitRate,0,400.0Gbps,20,14, ,0.0,0.0,0.0,0.0,0.0
BitRate blocking probability per pair and bitRate,0,400.0Gbps,8,6, ,0.0,0.0,0.0,0.0,0.0
BitRate blocking probability per pair and bitRate,0,400.0Gbps,21,11, ,0.0,0.0,0.0,0.0,0.0
BitRate blocking probability per pair and bitRate,0,400.0Gbps,11,8, ,0.0,0.0,0.0,0.0,0.0
BitRate blocking probability per pair and bitRate,0,400.0Gbps,21,19, ,0.0,0.0,0.0,0.0,0.0
BitRate blocking probability per pair and bitRate,0,400.0Gbps,17,1, ,0.0,0.0,0.0,0.0,0.0
BitRate blocking probability per pair and bitRate,0,400.0Gbps,11,22, ,0.0,0.0,0.0,0.0,0.0
BitRate blocking probability per pair and bitRate,0,400.0Gbps,24,21, ,0.0,0.0,0.0,0.0,0.0
BitRate blocking probability per pair and bitRate,0,400.0Gbps,19,22, ,0.0,0.0,0.0,0.0,0.0
BitRate blocking probability per pair and bitRate,0,400.0Gbps,7,12, ,0.0,0.0,0.0,0.0,0.0
BitRate blocking probability per pair and bitRate,0,400.0Gbps,7,22, ,0.0,0.0,0.0,0.0,0.0
BitRate blocking probability per pair and bitRate,0,400.0Gbps,23,5, ,0.0,0.0,0.0,0.0,0.0
BitRate blocking probability per pair and bitRate,0,400.0Gbps,21,17, ,0.0,0.0,0.0,0.0,0.0
BitRate blocking probability per pair and bitRate,0,400.0Gbps,1,11, ,0.0,0.0,0.0,0.0,0.0
BitRate blocking probability per pair and bitRate,0,400.0Gbps,18,12, ,0.0,0.0,0.0,0.0,0.0
BitRate blocking probability per pair and bitRate,0,400.0Gbps,23,10, ,0.0,0.0,0.0,0.0,0.0
BitRate blocking probability per pair and bitRate,0,400.0Gbps,18,7, ,0.0,0.0,0.0,0.0,0.0
BitRate blocking probability per pair and bitRate,0,400.0Gbps,24,22, ,0.0,0.0,0.0,0.0,0.0
BitRate blocking probability per pair and bitRate,0,400.0Gbps,21,2, ,0.0,0.0,0.0,0.0,0.0
BitRate blocking probability per pair and bitRate,0,400.0Gbps,16,4, ,0.0,0.0,0.0,0.0,0.0
BitRate blocking probability per pair and bitRate,0,400.0Gbps,10,9, ,0.0,0.0,0.0,0.0,0.0
BitRate blocking probability per pair and bitRate,0,400.0Gbps,22,5, ,0.0,0.0,0.0,0.0,0.0
BitRate blocking probability per pair and bitRate,0,400.0Gbps,9,17, ,0.0,0.0,0.0,0.0,0.0
BitRate blocking probability per pair and bitRate,0,400.0Gbps,8,20, ,0.0,0.0,0.0,0.0,0.0
BitRate blocking probability per pair and bitRate,0,400.0Gbps,1,24, ,0.0,0.0,0.0,0.0,0.0
BitRate blocking probability per pair and bitRate,0,400.0Gbps,2,14, ,0.0,0.0,0.0,0.0,0.0
BitRate blocking probability per pair and bitRate,0,400.0Gbps,5,18, ,0.0,0.0,0.0,0.0,0.0
BitRate blocking probability per pair and bitRate,0,400.0Gbps,8,9, ,0.0,0.0,0.0,0.0,0.0
BitRate blocking probability per pair and bitRate,0,400.0Gbps,9,13, ,0.0,0.0,0.0,0.0,0.0
BitRate blocking probability per pair and bitRate,0,400.0Gbps,24,13, ,0.0,0.0,0.0,0.0,0.0
BitRate blocking probability per pair and bitRate,0,400.0Gbps,2,17, ,0.0,0.0,0.0,0.0,0.0
BitRate blocking probability per pair and bitRate,0,400.0Gbps,20,1, ,0.0,0.0,0.0,0.0,0.0
BitRate blocking probability per pair and bitRate,0,400.0Gbps,19,2, ,0.0,0.0,0.0,0.0,0.0
BitRate blocking probability per pair and bitRate,0,400.0Gbps,4,3, ,0.0,0.0,0.0,0.0,0.0
BitRate blocking probability per pair and bitRate,0,400.0Gbps,22,4, ,0.0,0.0,0.0,0.0,0.0
BitRate blocking probability per pair and bitRate,0,400.0Gbps,5,4, ,0.0,0.0,0.0,0.0,0.0
BitRate blocking probability per pair and bitRate,0,400.0Gbps,16,19, ,0.0,0.0,0.0,0.0,0.0
BitRate blocking probability per pair and bitRate,0,400.0Gbps,12,6, ,0.0,0.0,0.0,0.0,0.0
BitRate blocking probability per pair and bitRate,0,400.0Gbps,17,8, ,0.0,0.0,0.0,0.0,0.0
BitRate blocking probability per pair and bitRate,0,400.0Gbps,12,9, ,0.0,0.0,0.0,0.0,0.0
BitRate blocking probability per pair and bitRate,0,400.0Gbps,11,20, ,0.0,0.0,0.0,0.0,0.0
BitRate blocking probability per pair and bitRate,0,400.0Gbps,15,12, ,0.0,0.0,0.0,0.0,0.0
BitRate blocking probability per pair and bitRate,0,400.0Gbps,9,16, ,0.0,0.0,0.0,0.0,0.0
BitRate blocking probability per pair and bitRate,0,400.0Gbps,7,15, ,0.0,0.0,0.0,0.0,0.0
BitRate blocking probability per pair and bitRate,0,400.0Gbps,6,13, ,0.0,0.0,0.0,0.0,0.0
BitRate blocking probability per pair and bitRate,0,400.0Gbps,19,18, ,0.0,0.0,0.0,0.0,0.0
BitRate blocking probability per pair and bitRate,0,400.0Gbps,3,9, ,0.0,0.0,0.0,0.0,0.0
BitRate blocking probability per pair and bitRate,0,400.0Gbps,21,18, ,0.0,0.0,0.0,0.0,0.0
BitRate blocking probability per pair and bitRate,0,400.0Gbps,1,17, ,0.0,0.0,0.0,0.0,0.0
BitRate blocking probability per pair and bitRate,0,400.0Gbps,8,24, ,0.0,0.0,0.0,0.0,0.0
BitRate blocking probability per pair and bitRate,0,400.0Gbps,7,16, ,0.0,0.0,0.0,0.0,0.0
BitRate blocking probability per pair and bitRate,0,400.0Gbps,15,21, ,0.0,0.0,0.0,0.0,0.0
BitRate blocking probability per pair and bitRate,0,400.0Gbps,18,22, ,0.0,0.0,0.0,0.0,0.0
BitRate blocking probability per pair and bitRate,0,400.0Gbps,14,2, ,0.0,0.0,0.0,0.0,0.0
BitRate blocking probability per pair and bitRate,0,400.0Gbps,2,12, ,0.0,0.0,0.0,0.0,0.0
BitRate blocking probability per pair and bitRate,0,400.0Gbps,12,8, ,0.0,0.0,0.0,0.0,0.0
BitRate blocking probability per pair and bitRate,0,400.0Gbps,1,13, ,0.0,0.0,0.0,0.0,0.0
BitRate blocking probability per pair and bitRate,0,400.0Gbps,8,18, ,0.0,0.0,0.0,0.0,0.0
BitRate blocking probability per pair and bitRate,0,400.0Gbps,15,6, ,0.0,0.0,0.0,0.0,0.0
BitRate blocking probability per pair and bitRate,0,400.0Gbps,6,20, ,0.0,0.0,0.0,0.0,0.0
BitRate blocking probability per pair and bitRate,0,400.0Gbps,7,21, ,0.0,0.0,0.0,0.0,0.0
BitRate blocking probability per pair and bitRate,0,400.0Gbps,9,3, ,0.0,0.0,0.0,0.0,0.0
BitRate blocking probability per pair and bitRate,0,400.0Gbps,12,13, ,0.0,0.0,0.0,0.0,0.0
BitRate blocking probability per pair and bitRate,0,400.0Gbps,8,22, ,0.0,0.0,0.0,0.0,0.0
BitRate blocking probability per pair and bitRate,0,400.0Gbps,2,3, ,0.0,0.0,0.0,0.0,0.0
BitRate blocking probability per pair and bitRate,0,400.0Gbps,14,18, ,0.0,0.0,0.0,0.0,0.0
BitRate blocking probability per pair and bitRate,0,400.0Gbps,23,20, ,0.0,0.0,0.0,0.0,0.0
BitRate blocking probability per pair and bitRate,0,400.0Gbps,4,20, ,0.0,0.0,0.0,0.0,0.0
BitRate blocking probability per pair and bitRate,0,400.0Gbps,4,24, ,0.0,0.0,0.0,0.0,0.0
BitRate blocking probability per pair and bitRate,0,400.0Gbps,16,15, ,0.0,0.0,0.0,0.0,0.0
BitRate blocking probability per pair and bitRate,0,400.0Gbps,24,16, ,0.0,0.0,0.0,0.0,0.0
BitRate blocking probability per pair and bitRate,0,400.0Gbps,19,12, ,0.0,0.0,0.0,0.0,0.0
BitRate blocking probability per pair and bitRate,0,400.0Gbps,6,15, ,0.0,0.0,0.0,0.0,0.0
BitRate blocking probability per pair and bitRate,0,400.0Gbps,8,7, ,0.0,0.0,0.0,0.0,0.0
BitRate blocking probability per pair and bitRate,0,400.0Gbps,2,20, ,0.0,0.0,0.0,0.0,0.0
BitRate blocking probability per pair and bitRate,0,400.0Gbps,11,9, ,0.0,0.0,0.0,0.0,0.0
BitRate blocking probability per pair and bitRate,0,400.0Gbps,4,12, ,0.0,0.0,0.0,0.0,0.0
BitRate blocking probability per pair and bitRate,0,400.0Gbps,13,23, ,0.0,0.0,0.0,0.0,0.0
BitRate blocking probability per pair and bitRate,0,400.0Gbps,11,16, ,0.0,0.0,0.0,0.0,0.0
BitRate blocking probability per pair and bitRate,0,400.0Gbps,3,11, ,0.0,0.0,0.0,0.0,0.0
BitRate blocking probability per pair and bitRate,0,400.0Gbps,2,5, ,0.0,0.0,0.0,0.0,0.0
BitRate blocking probability per pair and bitRate,0,400.0Gbps,3,24, ,0.0,0.0,0.0,0.0,0.0
BitRate blocking probability per pair and bitRate,0,400.0Gbps,18,1, ,0.0,0.0,0.0,0.0,0.0
BitRate blocking probability per pair and bitRate,0,400.0Gbps,10,2, ,0.0,0.0,0.0,0.0,0.0
BitRate blocking probability per pair and bitRate,0,400.0Gbps,15,16, ,0.0,0.0,0.0,0.0,0.0
BitRate blocking probability per pair and bitRate,0,400.0Gbps,20,17, ,0.0,0.0,0.0,0.0,0.0
BitRate blocking probability per pair and bitRate,0,400.0Gbps,5,13, ,0.0,0.0,0.0,0.0,0.0
BitRate blocking probability per pair and bitRate,0,400.0Gbps,24,15, ,0.0,0.0,0.0,0.0,0.0
BitRate blocking probability per pair and bitRate,0,400.0Gbps,12,17, ,0.0,0.0,0.0,0.0,0.0
BitRate blocking probability per pair and bitRate,0,400.0Gbps,20,2, ,0.0,0.0,0.0,0.0,0.0
BitRate blocking probability per pair and bitRate,0,400.0Gbps,5,19, ,0.0,0.0,0.0,0.0,0.0
BitRate blocking probability per pair and bitRate,0,400.0Gbps,6,8, ,0.0,0.0,0.0,0.0,0.0
BitRate blocking probability per pair and bitRate,0,400.0Gbps,4,10, ,0.0,0.0,0.0,0.0,0.0
BitRate blocking probability per pair and bitRate,0,400.0Gbps,1,4, ,0.0,0.0,0.0,0.0,0.0
BitRate blocking probability per pair and bitRate,0,400.0Gbps,12,23, ,0.0,0.0,0.0,0.0,0.0
BitRate blocking probability per pair and bitRate,0,400.0Gbps,23,4, ,0.0,0.0,0.0,0.0,0.0
BitRate blocking probability per pair and bitRate,0,400.0Gbps,12,20, ,0.0,0.0,0.0,0.0,0.0
BitRate blocking probability per pair and bitRate,0,400.0Gbps,11,19, ,0.0,0.0,0.0,0.0,0.0
BitRate blocking probability per pair and bitRate,0,400.0Gbps,2,11, ,0.0,0.0,0.0,0.0,0.0
BitRate blocking probability per pair and bitRate,0,400.0Gbps,8,23, ,0.0,0.0,0.0,0.0,0.0
BitRate blocking probability per pair and bitRate,0,400.0Gbps,10,14, ,0.0,0.0,0.0,0.0,0.0
BitRate blocking probability per pair and bitRate,0,400.0Gbps,21,22, ,0.0,0.0,0.0,0.0,0.0
BitRate blocking probability per pair and bitRate,0,400.0Gbps,9,11, ,0.0,0.0,0.0,0.0,0.0
BitRate blocking probability per pair and bitRate,0,400.0Gbps,23,7, ,0.0,0.0,0.0,0.0,0.0
BitRate blocking probability per pair and bitRate,0,400.0Gbps,24,18, ,0.0,0.0,0.0,0.0,0.0
BitRate blocking probability per pair and bitRate,0,400.0Gbps,14,24, ,0.0,0.0,0.0,0.0,0.0
BitRate blocking probability per pair and bitRate,0,400.0Gbps,6,4, ,0.0,0.0,0.0,0.0,0.0
BitRate blocking probability per pair and bitRate,0,400.0Gbps,21,9, ,0.0,0.0,0.0,0.0,0.0
BitRate blocking probability per pair and bitRate,0,400.0Gbps,15,1, ,0.0,0.0,0.0,0.0,0.0
BitRate blocking probability per pair and bitRate,0,400.0Gbps,13,8, ,0.0,0.0,0.0,0.0,0.0
BitRate blocking probability per pair and bitRate,0,400.0Gbps,13,12, ,0.0,0.0,0.0,0.0,0.0
BitRate blocking probability per pair and bitRate,0,400.0Gbps,12,11, ,0.0,0.0,0.0,0.0,0.0
BitRate blocking probability per pair and bitRate,0,400.0Gbps,23,16, ,0.0,0.0,0.0,0.0,0.0
BitRate blocking probability per pair and bitRate,0,400.0Gbps,16,10, ,0.0,0.0,0.0,0.0,0.0
BitRate blocking probability per pair and bitRate,0,400.0Gbps,14,4, ,0.0,0.0,0.0,0.0,0.0
BitRate blocking probability per pair and bitRate,0,400.0Gbps,10,21, ,0.0,0.0,0.0,0.0,0.0
BitRate blocking probability per pair and bitRate,0,400.0Gbps,1,16, ,0.0,0.0,0.0,0.0,0.0
BitRate blocking probability per pair and bitRate,0,400.0Gbps,5,14, ,0.0,0.0,0.0,0.0,0.0
BitRate blocking probability per pair and bitRate,0,400.0Gbps,14,3, ,0.0,0.0,0.0,0.0,0.0
BitRate blocking probability per pair and bitRate,0,400.0Gbps,9,5, ,0.0,0.0,0.0,0.0,0.0
BitRate blocking probability per pair and bitRate,0,400.0Gbps,11,23, ,0.0,0.0,0.0,0.0,0.0
BitRate blocking probability per pair and bitRate,0,400.0Gbps,23,12, ,0.0,0.0,0.0,0.0,0.0
BitRate blocking probability per pair and bitRate,0,400.0Gbps,18,4, ,0.0,0.0,0.0,0.0,0.0
BitRate blocking probability per pair and bitRate,0,400.0Gbps,19,10, ,0.0,0.0,0.0,0.0,0.0
BitRate blocking probability per pair and bitRate,0,400.0Gbps,14,19, ,0.0,0.0,0.0,0.0,0.0
BitRate blocking probability per pair and bitRate,0,400.0Gbps,3,18, ,0.0,0.0,0.0,0.0,0.0
BitRate blocking probability per pair and bitRate,0,400.0Gbps,1,21, ,0.0,0.0,0.0,0.0,0.0
BitRate blocking probability per pair and bitRate,0,400.0Gbps,10,16, ,0.0,0.0,0.0,0.0,0.0
BitRate blocking probability per pair and bitRate,0,400.0Gbps,24,9, ,0.0,0.0,0.0,0.0,0.0
BitRate blocking probability per pair and bitRate,0,400.0Gbps,3,21, ,0.0,0.0,0.0,0.0,0.0
BitRate blocking probability per pair and bitRate,0,400.0Gbps,12,24, ,0.0,0.0,0.0,0.0,0.0
BitRate blocking probability per pair and bitRate,0,400.0Gbps,15,9, ,0.0,0.0,0.0,0.0,0.0
BitRate blocking probability per pair and bitRate,0,400.0Gbps,18,14, ,0.0,0.0,0.0,0.0,0.0
BitRate blocking probability per pair and bitRate,0,400.0Gbps,16,3, ,0.0,0.0,0.0,0.0,0.0
BitRate blocking probability per pair and bitRate,0,400.0Gbps,15,5, ,0.0,0.0,0.0,0.0,0.0
BitRate blocking probability per pair and bitRate,0,400.0Gbps,16,21, ,0.0,0.0,0.0,0.0,0.0
BitRate blocking probability per pair and bitRate,0,400.0Gbps,8,17, ,0.0,0.0,0.0,0.0,0.0
BitRate blocking probability per pair and bitRate,0,400.0Gbps,5,16, ,0.0,0.0,0.0,0.0,0.0
BitRate blocking probability per pair and bitRate,0,400.0Gbps,21,4, ,0.0,0.0,0.0,0.0,0.0
BitRate blocking probability per pair and bitRate,0,400.0Gbps,17,19, ,0.0,0.0,0.0,0.0,0.0
BitRate blocking probability per pair and bitRate,0,400.0Gbps,16,12, ,0.0,0.0,0.0,0.0,0.0
BitRate blocking probability per pair and bitRate,0,400.0Gbps,7,19, ,0.0,0.0,0.0,0.0,0.0
BitRate blocking probability per pair and bitRate,0,400.0Gbps,8,19, ,0.0,0.0,0.0,0.0,0.0
BitRate blocking probability per pair and bitRate,0,400.0Gbps,9,20, ,0.0,0.0,0.0,0.0,0.0
BitRate blocking probability per pair and bitRate,0,400.0Gbps,13,10, ,0.0,0.0,0.0,0.0,0.0
BitRate blocking probability per pair and bitRate,0,400.0Gbps,17,16, ,0.0,0.0,0.0,0.0,0.0
BitRate blocking probability per pair and bitRate,0,400.0Gbps,5,7, ,0.0,0.0,0.0,0.0,0.0
BitRate blocking probability per pair and bitRate,0,400.0Gbps,5,10, ,0.0,0.0,0.0,0.0,0.0
BitRate blocking probability per pair and bitRate,0,400.0Gbps,22,14, ,0.0,0.0,0.0,0.0,0.0
BitRate blocking probability per pair and bitRate,0,400.0Gbps,2,24, ,0.0,0.0,0.0,0.0,0.0
BitRate blocking probability per pair and bitRate,0,400.0Gbps,11,15, ,0.0,0.0,0.0,0.0,0.0
BitRate blocking probability per pair and bitRate,0,400.0Gbps,19,13, ,0.0,0.0,0.0,0.0,0.0
BitRate blocking probability per pair and bitRate,0,400.0Gbps,9,14, ,0.0,0.0,0.0,0.0,0.0
BitRate blocking probability per pair and bitRate,0,400.0Gbps,13,20, ,0.0,0.0,0.0,0.0,0.0
BitRate blocking probability per pair and bitRate,0,400.0Gbps,20,15, ,0.0,0.0,0.0,0.0,0.0
BitRate blocking probability per pair and bitRate,0,400.0Gbps,1,9, ,0.0,0.0,0.0,0.0,0.0
BitRate blocking probability per pair and bitRate,0,400.0Gbps,4,16, ,0.0,0.0,0.0,0.0,0.0
BitRate blocking probability per pair and bitRate,0,400.0Gbps,21,20, ,0.0,0.0,0.0,0.0,0.0
BitRate blocking probability per pair and bitRate,0,400.0Gbps,6,18, ,0.0,0.0,0.0,0.0,0.0
BitRate blocking probability per pair and bitRate,0,400.0Gbps,3,20, ,0.0,0.0,0.0,0.0,0.0
BitRate blocking probability per pair and bitRate,0,400.0Gbps,21,10, ,0.0,0.0,0.0,0.0,0.0
BitRate blocking probability per pair and bitRate,0,400.0Gbps,2,19, ,0.0,0.0,0.0,0.0,0.0
BitRate blocking probability per pair and bitRate,0,400.0Gbps,7,17, ,0.0,0.0,0.0,0.0,0.0
BitRate blocking probability per pair and bitRate,0,400.0Gbps,14,5, ,0.0,0.0,0.0,0.0,0.0
BitRate blocking probability per pair and bitRate,0,400.0Gbps,7,13, ,0.0,0.0,0.0,0.0,0.0
BitRate blocking probability per pair and bitRate,0,400.0Gbps,5,15, ,0.0,0.0,0.0,0.0,0.0
BitRate blocking probability per pair and bitRate,0,400.0Gbps,18,8, ,0.0,0.0,0.0,0.0,0.0
BitRate blocking probability per pair and bitRate,0,400.0Gbps,19,17, ,0.0,0.0,0.0,0.0,0.0
BitRate blocking probability per pair and bitRate,0,400.0Gbps,19,21, ,0.0,0.0,0.0,0.0,0.0
BitRate blocking probability per pair and bitRate,0,400.0Gbps,19,3, ,0.0,0.0,0.0,0.0,0.0
BitRate blocking probability per pair and bitRate,0,400.0Gbps,13,19, ,0.0,0.0,0.0,0.0,0.0
BitRate blocking probability per pair and bitRate,0,400.0Gbps,12,18, ,0.0,0.0,0.0,0.0,0.0
BitRate blocking probability per pair and bitRate,0,400.0Gbps,13,3, ,0.0,0.0,0.0,0.0,0.0
BitRate blocking probability per pair and bitRate,0,400.0Gbps,7,18, ,0.0,0.0,0.0,0.0,0.0
BitRate blocking probability per pair and bitRate,0,400.0Gbps,17,12, ,0.0,0.0,0.0,0.0,0.0
BitRate blocking probability per pair and bitRate,0,400.0Gbps,13,9, ,0.0,0.0,0.0,0.0,0.0
BitRate blocking probability per pair and bitRate,0,400.0Gbps,6,22, ,0.0,0.0,0.0,0.0,0.0
BitRate blocking probability per pair and bitRate,0,400.0Gbps,1,15, ,0.0,0.0,0.0,0.0,0.0
BitRate blocking probability per pair and bitRate,0,400.0Gbps,3,19, ,0.0,0.0,0.0,0.0,0.0
BitRate blocking probability per pair and bitRate,0,400.0Gbps,12,4, ,0.0,0.0,0.0,0.0,0.0
BitRate blocking probability per pair and bitRate,0,400.0Gbps,16,24, ,0.0,0.0,0.0,0.0,0.0
BitRate blocking probability per pair and bitRate,0,400.0Gbps,6,10, ,0.0,0.0,0.0,0.0,0.0
BitRate blocking probability per pair and bitRate,0,400.0Gbps,2,18, ,0.0,0.0,0.0,0.0,0.0
BitRate blocking probability per pair and bitRate,0,400.0Gbps,18,21, ,0.0,0.0,0.0,0.0,0.0
BitRate blocking probability per pair and bitRate,0,400.0Gbps,18,3, ,0.0,0.0,0.0,0.0,0.0
BitRate blocking probability per pair and bitRate,0,400.0Gbps,15,18, ,0.0,0.0,0.0,0.0,0.0
BitRate blocking probability per pair and bitRate,0,400.0Gbps,4,14, ,0.0,0.0,0.0,0.0,0.0
BitRate blocking probability per pair and bitRate,0,400.0Gbps,7,20, ,0.0,0.0,0.0,0.0,0.0
BitRate blocking probability per pair and bitRate,0,400.0Gbps,13,15, ,0.0,0.0,0.0,0.0,0.0
BitRate blocking probability per pair and bitRate,0,400.0Gbps,13,21, ,0.0,0.0,0.0,0.0,0.0
BitRate blocking probability per pair and bitRate,0,400.0Gbps,15,14, ,0.0,0.0,0.0,0.0,0.0
BitRate blocking probability per pair and bitRate,0,400.0Gbps,3,15, ,0.0,0.0,0.0,0.0,0.0
BitRate blocking probability per pair and bitRate,0,400.0Gbps,18,5, ,0.0,0.0,0.0,0.0,0.0
BitRate blocking probability per pair and bitRate,0,400.0Gbps,12,1, ,0.0,0.0,0.0,0.0,0.0
BitRate blocking probability per pair and bitRate,0,400.0Gbps,6,7, ,0.0,0.0,0.0,0.0,0.0
BitRate blocking probability per pair and bitRate,0,400.0Gbps,24,3, ,0.0,0.0,0.0,0.0,0.0
BitRate blocking probability per pair and bitRate,0,400.0Gbps,19,5, ,0.0,0.0,0.0,0.0,0.0
BitRate blocking probability per pair and bitRate,0,400.0Gbps,20,19, ,0.0,0.0,0.0,0.0,0.0
BitRate blocking probability per pair and bitRate,0,400.0Gbps,5,17, ,0.0,0.0,0.0,0.0,0.0
BitRate blocking probability per pair and bitRate,0,400.0Gbps,20,12, ,0.0,0.0,0.0,0.0,0.0
BitRate blocking probability per pair and bitRate,0,400.0Gbps,4,22, ,0.0,0.0,0.0,0.0,0.0
BitRate blocking probability per pair and bitRate,0,400.0Gbps,7,8, ,0.0,0.0,0.0,0.0,0.0
BitRate blocking probability per pair and bitRate,0,400.0Gbps,14,1, ,0.0,0.0,0.0,0.0,0.0
BitRate blocking probability per pair and bitRate,0,400.0Gbps,20,21, ,0.0,0.0,0.0,0.0,0.0
BitRate blocking probability per pair and bitRate,0,400.0Gbps,1,6, ,0.0,0.0,0.0,0.0,0.0
BitRate blocking probability per pair and bitRate,0,400.0Gbps,13,2, ,0.0,0.0,0.0,0.0,0.0
BitRate blocking probability per pair and bitRate,0,400.0Gbps,14,20, ,0.0,0.0,0.0,0.0,0.0
BitRate blocking probability per pair and bitRate,0,400.0Gbps,16,20, ,0.0,0.0,0.0,0.0,0.0
BitRate blocking probability per pair and bitRate,0,400.0Gbps,18,15, ,0.0,0.0,0.0,0.0,0.0
BitRate blocking probability per pair and bitRate,0,400.0Gbps,6,2, ,0.0,0.0,0.0,0.0,0.0
BitRate blocking probability per pair and bitRate,0,400.0Gbps,9,15, ,0.0,0.0,0.0,0.0,0.0
BitRate blocking probability per pair and bitRate,0,400.0Gbps,15,17, ,0.0,0.0,0.0,0.0,0.0
BitRate blocking probability per pair and bitRate,0,400.0Gbps,18,2, ,0.0,0.0,0.0,0.0,0.0
BitRate blocking probability per pair and bitRate,0,400.0Gbps,15,24, ,0.0,0.0,0.0,0.0,0.0
BitRate blocking probability per pair and bitRate,0,400.0Gbps,7,10, ,0.0,0.0,0.0,0.0,0.0
BitRate blocking probability per pair and bitRate,0,400.0Gbps,14,21, ,0.0,0.0,0.0,0.0,0.0
BitRate blocking probability per pair and bitRate,0,400.0Gbps,23,15, ,0.0,0.0,0.0,0.0,0.0
BitRate blocking probability per pair and bitRate,0,400.0Gbps,11,1, ,0.0,0.0,0.0,0.0,0.0
BitRate blocking probability per pair and bitRate,0,400.0Gbps,19,20, ,0.0,0.0,0.0,0.0,0.0
BitRate blocking probability per pair and bitRate,0,400.0Gbps,1,8, ,0.0,0.0,0.0,0.0,0.0
BitRate blocking probability per pair and bitRate,0,400.0Gbps,16,1, ,0.0,0.0,0.0,0.0,0.0
BitRate blocking probability per pair and bitRate,0,400.0Gbps,24,5, ,0.0,0.0,0.0,0.0,0.0
BitRate blocking probability per pair and bitRate,0,400.0Gbps,2,4, ,0.0,0.0,0.0,0.0,0.0
BitRate blocking probability per pair and bitRate,0,400.0Gbps,10,5, ,0.0,0.0,0.0,0.0,0.0
BitRate blocking probability per pair and bitRate,0,400.0Gbps,21,7, ,0.0,0.0,0.0,0.0,0.0
BitRate blocking probability per pair and bitRate,0,400.0Gbps,23,11, ,0.0,0.0,0.0,0.0,0.0
BitRate blocking probability per pair and bitRate,0,400.0Gbps,19,6, ,0.0,0.0,0.0,0.0,0.0
BitRate blocking probability per pair and bitRate,0,400.0Gbps,10,17, ,0.0,0.0,0.0,0.0,0.0
BitRate blocking probability per pair and bitRate,0,400.0Gbps,3,8, ,0.0,0.0,0.0,0.0,0.0
BitRate blocking probability per pair and bitRate,0,400.0Gbps,3,23, ,0.0,0.0,0.0,0.0,0.0
BitRate blocking probability per pair and bitRate,0,400.0Gbps,17,9, ,0.0,0.0,0.0,0.0,0.0
BitRate blocking probability per pair and bitRate,0,400.0Gbps,9,18, ,0.0,0.0,0.0,0.0,0.0
BitRate blocking probability per pair and bitRate,0,400.0Gbps,1,3, ,0.0,0.0,0.0,0.0,0.0
BitRate blocking probability per pair and bitRate,0,400.0Gbps,10,20, ,0.0,0.0,0.0,0.0,0.0
BitRate blocking probability per pair and bitRate,0,400.0Gbps,21,6, ,0.0,0.0,0.0,0.0,0.0
BitRate blocking probability per pair and bitRate,0,400.0Gbps,8,5, ,0.0,0.0,0.0,0.0,0.0
BitRate blocking probability per pair and bitRate,0,400.0Gbps,9,8, ,0.0,0.0,0.0,0.0,0.0
BitRate blocking probability per pair and bitRate,0,400.0Gbps,24,4, ,0.0,0.0,0.0,0.0,0.0
BitRate blocking probability per pair and bitRate,0,400.0Gbps,1,12, ,0.0,0.0,0.0,0.0,0.0
BitRate blocking probability per pair and bitRate,0,400.0Gbps,11,5, ,0.0,0.0,0.0,0.0,0.0
BitRate blocking probability per pair and bitRate,0,400.0Gbps,22,7, ,0.0,0.0,0.0,0.0,0.0
BitRate blocking probability per pair and bitRate,0,400.0Gbps,22,8, ,0.0,0.0,0.0,0.0,0.0
BitRate blocking probability per pair and bitRate,0,400.0Gbps,20,22, ,0.0,0.0,0.0,0.0,0.0
BitRate blocking probability per pair and bitRate,0,400.0Gbps,13,24, ,0.0,0.0,0.0,0.0,0.0
BitRate blocking probability per pair and bitRate,0,400.0Gbps,1,7, ,0.0,0.0,0.0,0.0,0.0
BitRate blocking probability per pair and bitRate,0,400.0Gbps,17,20, ,0.0,0.0,0.0,0.0,0.0
BitRate blocking probability per pair and bitRate,0,400.0Gbps,16,18, ,0.0,0.0,0.0,0.0,0.0
BitRate blocking probability per pair and bitRate,0,400.0Gbps,16,8, ,0.0,0.0,0.0,0.0,0.0
BitRate blocking probability per pair and bitRate,0,400.0Gbps,12,15, ,0.0,0.0,0.0,0.0,0.0
BitRate blocking probability per pair and bitRate,0,400.0Gbps,17,5, ,0.0,0.0,0.0,0.0,0.0
BitRate blocking probability per pair and bitRate,0,400.0Gbps,23,14, ,0.0,0.0,0.0,0.0,0.0
BitRate blocking probability per pair and bitRate,0,400.0Gbps,1,19, ,0.0,0.0,0.0,0.0,0.0
BitRate blocking probability per pair and bitRate,0,400.0Gbps,17,7, ,0.0,0.0,0.0,0.0,0.0
BitRate blocking probability per pair and bitRate,0,400.0Gbps,18,9, ,0.0,0.0,0.0,0.0,0.0
BitRate blocking probability per pair and bitRate,0,400.0Gbps,18,23, ,0.0,0.0,0.0,0.0,0.0
BitRate blocking probability per pair and bitRate,0,400.0Gbps,13,22, ,0.0,0.0,0.0,0.0,0.0
BitRate blocking probability per pair and bitRate,0,400.0Gbps,7,6, ,0.0,0.0,0.0,0.0,0.0
BitRate blocking probability per pair and bitRate,0,400.0Gbps,9,23, ,0.0,0.0,0.0,0.0,0.0
BitRate blocking probability per pair and bitRate,0,400.0Gbps,13,6, ,0.0,0.0,0.0,0.0,0.0
BitRate blocking probability per pair and bitRate,0,400.0Gbps,15,8, ,0.0,0.0,0.0,0.0,0.0
BitRate blocking probability per pair and bitRate,0,400.0Gbps,13,14, ,0.0,0.0,0.0,0.0,0.0
BitRate blocking probability per pair and bitRate,0,400.0Gbps,20,3, ,0.0,0.0,0.0,0.0,0.0
BitRate blocking probability per pair and bitRate,0,400.0Gbps,21,16, ,0.0,0.0,0.0,0.0,0.0
BitRate blocking probability per pair and bitRate,0,400.0Gbps,3,16, ,0.0,0.0,0.0,0.0,0.0
BitRate blocking probability per pair and bitRate,0,400.0Gbps,22,13, ,0.0,0.0,0.0,0.0,0.0
BitRate blocking probability per pair and bitRate,0,400.0Gbps,3,14, ,0.0,0.0,0.0,0.0,0.0
BitRate blocking probability per pair and bitRate,0,400.0Gbps,3,7, ,0.0,0.0,0.0,0.0,0.0
BitRate blocking probability per pair and bitRate,0,400.0Gbps,10,22, ,0.0,0.0,0.0,0.0,0.0
BitRate blocking probability per pair and bitRate,0,400.0Gbps,8,10, ,0.0,0.0,0.0,0.0,0.0
BitRate blocking probability per pair and bitRate,0,400.0Gbps,22,6, ,0.0,0.0,0.0,0.0,0.0
BitRate blocking probability per pair and bitRate,0,400.0Gbps,5,2, ,0.0,0.0,0.0,0.0,0.0
BitRate blocking probability per pair and bitRate,0,400.0Gbps,13,5, ,0.0,0.0,0.0,0.0,0.0
BitRate blocking probability per pair and bitRate,0,400.0Gbps,23,8, ,0.0,0.0,0.0,0.0,0.0
BitRate blocking probability per pair and bitRate,0,400.0Gbps,13,11, ,0.0,0.0,0.0,0.0,0.0
BitRate blocking probability per pair and bitRate,0,400.0Gbps,13,7, ,0.0,0.0,0.0,0.0,0.0
BitRate blocking probability per pair and bitRate,0,400.0Gbps,3,13, ,0.0,0.0,0.0,0.0,0.0
BitRate blocking probability per pair and bitRate,0,400.0Gbps,10,12, ,0.0,0.0,0.0,0.0,0.0
BitRate blocking probability per pair and bitRate,0,400.0Gbps,24,11, ,0.0,0.0,0.0,0.0,0.0
BitRate blocking probability per pair and bitRate,0,400.0Gbps,9,7, ,0.0,0.0,0.0,0.0,0.0
BitRate blocking probability per pair and bitRate,0,400.0Gbps,24,12, ,0.0,0.0,0.0,0.0,0.0
BitRate blocking probability per pair and bitRate,0,400.0Gbps,15,3, ,0.0,0.0,0.0,0.0,0.0
BitRate blocking probability per pair and bitRate,0,400.0Gbps,22,11, ,0.0,0.0,0.0,0.0,0.0
BitRate blocking probability per pair and bitRate,0,400.0Gbps,18,19, ,0.0,0.0,0.0,0.0,0.0
BitRate blocking probability per pair and bitRate,0,400.0Gbps,16,7, ,0.0,0.0,0.0,0.0,0.0
BitRate blocking probability per pair and bitRate,0,400.0Gbps,5,24, ,0.0,0.0,0.0,0.0,0.0
BitRate blocking probability per pair and bitRate,0,400.0Gbps,10,19, ,0.0,0.0,0.0,0.0,0.0
BitRate blocking probability per pair and bitRate,0,400.0Gbps,23,13, ,0.0,0.0,0.0,0.0,0.0
BitRate blocking probability per pair and bitRate,0,400.0Gbps,12,3, ,0.0,0.0,0.0,0.0,0.0
BitRate blocking probability per pair and bitRate,0,400.0Gbps,9,10, ,0.0,0.0,0.0,0.0,0.0
BitRate blocking probability per pair and bitRate,0,400.0Gbps,4,18, ,0.0,0.0,0.0,0.0,0.0
BitRate blocking probability per pair and bitRate,0,400.0Gbps,4,19, ,0.0,0.0,0.0,0.0,0.0
BitRate blocking probability per pair and bitRate,0,400.0Gbps,17,15, ,0.0,0.0,0.0,0.0,0.0
BitRate blocking probability per pair and bitRate,0,400.0Gbps,2,22, ,0.0,0.0,0.0,0.0,0.0
BitRate blocking probability per pair and bitRate,0,400.0Gbps,11,17, ,0.0,0.0,0.0,0.0,0.0
BitRate blocking probability per pair and bitRate,0,400.0Gbps,18,13, ,0.0,0.0,0.0,0.0,0.0
BitRate blocking probability per pair and bitRate,0,400.0Gbps,24,10, ,0.0,0.0,0.0,0.0,0.0
BitRate blocking probability per pair and bitRate,0,400.0Gbps,11,13, ,0.0,0.0,0.0,0.0,0.0
BitRate blocking probability per pair and bitRate,0,400.0Gbps,12,22, ,0.0,0.0,0.0,0.0,0.0
BitRate blocking probability per pair and bitRate,0,400.0Gbps,20,23, ,0.0,0.0,0.0,0.0,0.0
BitRate blocking probability per pair and bitRate,0,400.0Gbps,4,7, ,0.0,0.0,0.0,0.0,0.0
BitRate blocking probability per pair and bitRate,0,400.0Gbps,9,12, ,0.0,0.0,0.0,0.0,0.0
BitRate blocking probability per pair and bitRate,0,400.0Gbps,4,13, ,0.0,0.0,0.0,0.0,0.0
BitRate blocking probability per pair and bitRate,0,400.0Gbps,20,13, ,0.0,0.0,0.0,0.0,0.0
BitRate blocking probability per pair and bitRate,0,400.0Gbps,10,3, ,0.0,0.0,0.0,0.0,0.0
BitRate blocking probability per pair and bitRate,0,400.0Gbps,21,3, ,0.0,0.0,0.0,0.0,0.0
BitRate blocking probability per pair and bitRate,0,400.0Gbps,7,9, ,0.0,0.0,0.0,0.0,0.0
BitRate blocking probability per pair and bitRate,0,400.0Gbps,12,19, ,0.0,0.0,0.0,0.0,0.0
BitRate blocking probability per pair and bitRate,0,400.0Gbps,19,16, ,0.0,0.0,0.0,0.0,0.0
BitRate blocking probability per pair and bitRate,0,400.0Gbps,20,11, ,0.0,0.0,0.0,0.0,0.0
BitRate blocking probability per pair and bitRate,0,400.0Gbps,22,9, ,0.0,0.0,0.0,0.0,0.0
BitRate blocking probability per pair and bitRate,0,400.0Gbps,7,11, ,0.0,0.0,0.0,0.0,0.0
BitRate blocking probability per pair and bitRate,0,400.0Gbps,6,1, ,0.0,0.0,0.0,0.0,0.0
BitRate blocking probability per pair and bitRate,0,400.0Gbps,6,14, ,0.0,0.0,0.0,0.0,0.0
BitRate blocking probability per pair and bitRate,0,400.0Gbps,21,1, ,0.0,0.0,0.0,0.0,0.0
BitRate blocking probability per pair and bitRate,0,400.0Gbps,4,23, ,0.0,0.0,0.0,0.0,0.0
BitRate blocking probability per pair and bitRate,0,400.0Gbps,1,5, ,0.0,0.0,0.0,0.0,0.0
BitRate blocking probability per pair and bitRate,0,400.0Gbps,3,22, ,0.0,0.0,0.0,0.0,0.0
BitRate blocking probability per pair and bitRate,0,400.0Gbps,5,23, ,0.0,0.0,0.0,0.0,0.0
BitRate blocking probability per pair and bitRate,0,400.0Gbps,14,9, ,0.0,0.0,0.0,0.0,0.0
BitRate blocking probability per pair and bitRate,0,400.0Gbps,23,6, ,0.0,0.0,0.0,0.0,0.0
BitRate blocking probability per pair and bitRate,0,400.0Gbps,6,19, ,0.0,0.0,0.0,0.0,0.0
BitRate blocking probability per pair and bitRate,0,400.0Gbps,14,13, ,0.0,0.0,0.0,0.0,0.0
BitRate blocking probability per pair and bitRate,0,400.0Gbps,14,11, ,0.0,0.0,0.0,0.0,0.0
BitRate blocking probability per pair and bitRate,0,400.0Gbps,12,21, ,0.0,0.0,0.0,0.0,0.0
BitRate blocking probability per pair and bitRate,0,400.0Gbps,2,8, ,0.0,0.0,0.0,0.0,0.0
BitRate blocking probability per pair and bitRate,0,400.0Gbps,16,13, ,0.0,0.0,0.0,0.0,0.0
BitRate blocking probability per pair and bitRate,0,400.0Gbps,20,18, ,0.0,0.0,0.0,0.0,0.0
BitRate blocking probability per pair and bitRate,0,400.0Gbps,6,9, ,0.0,0.0,0.0,0.0,0.0
BitRate blocking probability per pair and bitRate,0,400.0Gbps,6,23, ,0.0,0.0,0.0,0.0,0.0
BitRate blocking probability per pair and bitRate,0,400.0Gbps,10,4, ,0.0,0.0,0.0,0.0,0.0
BitRate blocking probability per pair and bitRate,0,400.0Gbps,17,23, ,0.0,0.0,0.0,0.0,0.0
BitRate blocking probability per pair and bitRate,0,400.0Gbps,17,18, ,0.0,0.0,0.0,0.0,0.0
BitRate blocking probability per pair and bitRate,0,400.0Gbps,14,12, ,0.0,0.0,0.0,0.0,0.0
BitRate blocking probability per pair and bitRate,0,400.0Gbps,14,17, ,0.0,0.0,0.0,0.0,0.0
BitRate blocking probability per pair and bitRate,0,400.0Gbps,19,7, ,0.0,0.0,0.0,0.0,0.0
BitRate blocking probability per pair and bitRate,0,400.0Gbps,7,24, ,0.0,0.0,0.0,0.0,0.0
BitRate blocking probability per pair and bitRate,0,400.0Gbps,11,18, ,0.0,0.0,0.0,0.0,0.0
BitRate blocking probability per pair and bitRate,0,400.0Gbps,11,10, ,0.0,0.0,0.0,0.0,0.0
BitRate blocking probability per pair and bitRate,0,400.0Gbps,14,22, ,0.0,0.0,0.0,0.0,0.0
BitRate blocking probability per pair and bitRate,0,400.0Gbps,4,9, ,0.0,0.0,0.0,0.0,0.0
BitRate blocking probability per pair and bitRate,0,400.0Gbps,22,21, ,0.0,0.0,0.0,0.0,0.0
BitRate blocking probability per pair and bitRate,0,400.0Gbps,22,24, ,0.0,0.0,0.0,0.0,0.0
BitRate blocking probability per pair and bitRate,0,400.0Gbps,8,15, ,0.0,0.0,0.0,0.0,0.0
BitRate blocking probability per pair and bitRate,0,400.0Gbps,12,5, ,0.0,0.0,0.0,0.0,0.0
BitRate blocking probability per pair and bitRate,0,400.0Gbps,7,23, ,0.0,0.0,0.0,0.0,0.0
BitRate blocking probability per pair and bitRate,0,400.0Gbps,24,14, ,0.0,0.0,0.0,0.0,0.0
BitRate blocking probability per pair and bitRate,0,400.0Gbps,1,2, ,0.0,0.0,0.0,0.0,0.0
BitRate blocking probability per pair and bitRate,0,400.0Gbps,15,22, ,0.0,0.0,0.0,0.0,0.0
BitRate blocking probability per pair and bitRate,0,400.0Gbps,19,14, ,0.0,0.0,0.0,0.0,0.0
BitRate blocking probability per pair and bitRate,0,400.0Gbps,21,23, ,0.0,0.0,0.0,0.0,0.0
BitRate blocking probability per pair and bitRate,0,400.0Gbps,8,1, ,0.0,0.0,0.0,0.0,0.0
BitRate blocking probability per pair and bitRate,0,400.0Gbps,18,10, ,0.0,0.0,0.0,0.0,0.0
BitRate blocking probability per pair and bitRate,0,400.0Gbps,17,3, ,0.0,0.0,0.0,0.0,0.0
BitRate blocking probability per pair and bitRate,0,400.0Gbps,5,9, ,0.0,0.0,0.0,0.0,0.0
BitRate blocking probability per pair and bitRate,0,400.0Gbps,19,8, ,0.0,0.0,0.0,0.0,0.0
BitRate blocking probability per pair and bitRate,0,400.0Gbps,4,21, ,0.0,0.0,0.0,0.0,0.0
BitRate blocking probability per pair and bitRate,0,400.0Gbps,8,16, ,0.0,0.0,0.0,0.0,0.0
BitRate blocking probability per pair and bitRate,0,400.0Gbps,5,12, ,0.0,0.0,0.0,0.0,0.0
BitRate blocking probability per pair and bitRate,0,400.0Gbps,6,16, ,0.0,0.0,0.0,0.0,0.0
BitRate blocking probability per pair and bitRate,0,400.0Gbps,20,10, ,0.0,0.0,0.0,0.0,0.0
BitRate blocking probability per pair and bitRate,0,400.0Gbps,2,15, ,0.0,0.0,0.0,0.0,0.0
BitRate blocking probability per pair and bitRate,0,400.0Gbps,20,6, ,0.0,0.0,0.0,0.0,0.0
BitRate blocking probability per pair and bitRate,0,400.0Gbps,21,13, ,0.0,0.0,0.0,0.0,0.0
BitRate blocking probability per pair and bitRate,0,400.0Gbps,6,21, ,0.0,0.0,0.0,0.0,0.0
BitRate blocking probability per pair and bitRate,0,400.0Gbps,18,16, ,0.0,0.0,0.0,0.0,0.0
BitRate blocking probability per pair and bitRate,0,400.0Gbps,5,21, ,0.0,0.0,0.0,0.0,0.0
BitRate blocking probability per pair and bitRate,0,400.0Gbps,15,11, ,0.0,0.0,0.0,0.0,0.0
BitRate blocking probability per pair and bitRate,0,400.0Gbps,8,12, ,0.0,0.0,0.0,0.0,0.0
BitRate blocking probability per pair and bitRate,0,400.0Gbps,19,1, ,0.0,0.0,0.0,0.0,0.0
BitRate blocking probability per pair and bitRate,0,400.0Gbps,21,14, ,0.0,0.0,0.0,0.0,0.0
BitRate blocking probability per pair and bitRate,0,400.0Gbps,2,13, ,0.0,0.0,0.0,0.0,0.0
BitRate blocking probability per pair and bitRate,0,400.0Gbps,17,6, ,0.0,0.0,0.0,0.0,0.0
BitRate blocking probability per pair and bitRate,0,400.0Gbps,24,1, ,0.0,0.0,0.0,0.0,0.0
BitRate blocking probability per pair and bitRate,0,400.0Gbps,8,3, ,0.0,0.0,0.0,0.0,0.0
BitRate blocking probability per pair and bitRate,0,400.0Gbps,1,22, ,0.0,0.0,0.0,0.0,0.0
BitRate blocking probability per pair and bitRate,0,400.0Gbps,23,3, ,0.0,0.0,0.0,0.0,0.0
BitRate blocking probability per pair and bitRate,0,400.0Gbps,2,1, ,0.0,0.0,0.0,0.0,0.0
BitRate blocking probability per pair and bitRate,0,400.0Gbps,15,23, ,0.0,0.0,0.0,0.0,0.0
BitRate blocking probability per pair and bitRate,0,400.0Gbps,19,15, ,0.0,0.0,0.0,0.0,0.0
BitRate blocking probability per pair and bitRate,0,400.0Gbps,2,23, ,0.0,0.0,0.0,0.0,0.0
BitRate blocking probability per pair and bitRate,0,400.0Gbps,13,17, ,0.0,0.0,0.0,0.0,0.0
BitRate blocking probability per pair and bitRate,0,400.0Gbps,1,10, ,0.0,0.0,0.0,0.0,0.0
BitRate blocking probability per pair and bitRate,0,400.0Gbps,5,22, ,0.0,0.0,0.0,0.0,0.0
BitRate blocking probability per pair and bitRate,0,400.0Gbps,18,24, ,0.0,0.0,0.0,0.0,0.0
BitRate blocking probability per pair and bitRate,0,400.0Gbps,19,23, ,0.0,0.0,0.0,0.0,0.0
BitRate blocking probability per pair and bitRate,0,400.0Gbps,20,8, ,0.0,0.0,0.0,0.0,0.0
BitRate blocking probability per pair and bitRate,0,400.0Gbps,10,6, ,0.0,0.0,0.0,0.0,0.0
BitRate blocking probability per pair and bitRate,0,400.0Gbps,2,6, ,0.0,0.0,0.0,0.0,0.0
BitRate blocking probability per pair and bitRate,0,400.0Gbps,16,14, ,0.0,0.0,0.0,0.0,0.0
BitRate blocking probability per pair and bitRate,0,400.0Gbps,24,19, ,0.0,0.0,0.0,0.0,0.0
BitRate blocking probability per pair and bitRate,0,400.0Gbps,23,19, ,0.0,0.0,0.0,0.0,0.0
BitRate blocking probability per pair and bitRate,0,400.0Gbps,12,2, ,0.0,0.0,0.0,0.0,0.0
BitRate blocking probability per pair and bitRate,0,400.0Gbps,23,1, ,0.0,0.0,0.0,0.0,0.0
BitRate blocking probability per pair and bitRate,0,400.0Gbps,15,7, ,0.0,0.0,0.0,0.0,0.0
BitRate blocking probability per pair and bitRate,0,400.0Gbps,22,12, ,0.0,0.0,0.0,0.0,0.0
BitRate blocking probability per pair and bitRate,0,400.0Gbps,3,6, ,0.0,0.0,0.0,0.0,0.0
BitRate blocking probability per pair and bitRate,0,400.0Gbps,4,2, ,0.0,0.0,0.0,0.0,0.0
BitRate blocking probability per pair and bitRate,0,400.0Gbps,13,1, ,0.0,0.0,0.0,0.0,0.0
BitRate blocking probability per pair and bitRate,0,400.0Gbps,6,5, ,0.0,0.0,0.0,0.0,0.0
BitRate blocking probability per pair and bitRate,0,400.0Gbps,16,22, ,0.0,0.0,0.0,0.0,0.0
BitRate blocking probability per pair and bitRate,0,400.0Gbps,7,5, ,0.0,0.0,0.0,0.0,0.0
BitRate blocking probability per pair and bitRate,0,400.0Gbps,6,24, ,0.0,0.0,0.0,0.0,0.0
BitRate blocking probability per pair and bitRate,0,400.0Gbps,18,17, ,0.0,0.0,0.0,0.0,0.0
BitRate blocking probability per pair and bitRate,0,400.0Gbps,22,3, ,0.0,0.0,0.0,0.0,0.0
BitRate blocking probability per pair and bitRate,0,400.0Gbps,13,4, ,0.0,0.0,0.0,0.0,0.0
BitRate blocking probability per pair and bitRate,0,400.0Gbps,16,5, ,0.0,0.0,0.0,0.0,0.0
BitRate blocking probability per pair and bitRate,0,400.0Gbps,18,11, ,0.0,0.0,0.0,0.0,0.0
BitRate blocking probability per pair and bitRate,0,400.0Gbps,6,11, ,0.0,0.0,0.0,0.0,0.0
BitRate blocking probability per pair and bitRate,0,400.0Gbps,17,13, ,0.0,0.0,0.0,0.0,0.0
BitRate blocking probability per pair and bitRate,0,400.0Gbps,7,3, ,0.0,0.0,0.0,0.0,0.0
BitRate blocking probability per pair and bitRate,0,400.0Gbps,22,23, ,0.0,0.0,0.0,0.0,0.0
BitRate blocking probability per pair and bitRate,0,400.0Gbps,10,13, ,0.0,0.0,0.0,0.0,0.0
BitRate blocking probability per pair and bitRate,0,400.0Gbps,14,7, ,0.0,0.0,0.0,0.0,0.0
BitRate blocking probability per pair and bitRate,0,400.0Gbps,20,16, ,0.0,0.0,0.0,0.0,0.0
BitRate blocking probability per pair and bitRate,0,400.0Gbps,14,8, ,0.0,0.0,0.0,0.0,0.0
BitRate blocking probability per pair and bitRate,0,400.0Gbps,7,4, ,0.0,0.0,0.0,0.0,0.0
BitRate blocking probability per pair and bitRate,0,400.0Gbps,8,14, ,0.0,0.0,0.0,0.0,0.0
BitRate blocking probability per pair and bitRate,0,400.0Gbps,3,12, ,0.0,0.0,0.0,0.0,0.0
BitRate blocking probability per pair and bitRate,0,400.0Gbps,7,2, ,0.0,0.0,0.0,0.0,0.0
BitRate blocking probability per pair and bitRate,0,400.0Gbps,10,11, ,0.0,0.0,0.0,0.0,0.0
BitRate blocking probability per pair and bitRate,0,400.0Gbps,11,14, ,0.0,0.0,0.0,0.0,0.0
BitRate blocking probability per pair and bitRate,0,400.0Gbps,20,24, ,0.0,0.0,0.0,0.0,0.0
BitRate blocking probability per pair and bitRate,0,400.0Gbps,20,4, ,0.0,0.0,0.0,0.0,0.0
BitRate blocking probability per pair and bitRate,0,400.0Gbps,23,2, ,0.0,0.0,0.0,0.0,0.0
BitRate blocking probability per pair and bitRate,0,400.0Gbps,22,2, ,0.0,0.0,0.0,0.0,0.0
BitRate blocking probability per pair and bitRate,0,400.0Gbps,22,19, ,0.0,0.0,0.0,0.0,0.0
BitRate blocking probability per pair and bitRate,0,400.0Gbps,24,23, ,0.0,0.0,0.0,0.0,0.0
BitRate blocking probability per pair and bitRate,0,400.0Gbps,6,17, ,0.0,0.0,0.0,0.0,0.0
BitRate blocking probability per pair and bitRate,0,400.0Gbps,4,15, ,0.0,0.0,0.0,0.0,0.0
BitRate blocking probability per pair and bitRate,0,400.0Gbps,20,7, ,0.0,0.0,0.0,0.0,0.0
BitRate blocking probability per pair and bitRate,0,400.0Gbps,10,8, ,0.0,0.0,0.0,0.0,0.0
BitRate blocking probability per pair and bitRate,0,400.0Gbps,10,24, ,0.0,0.0,0.0,0.0,0.0
BitRate blocking probability per pair and bitRate,0,400.0Gbps,12,16, ,0.0,0.0,0.0,0.0,0.0
BitRate blocking probability per pair and bitRate,0,400.0Gbps,8,13, ,0.0,0.0,0.0,0.0,0.0
BitRate blocking probability per pair and bitRate,0,400.0Gbps,11,4, ,0.0,0.0,0.0,0.0,0.0
BitRate blocking probability per pair and bitRate,0,400.0Gbps,22,17, ,0.0,0.0,0.0,0.0,0.0
BitRate blocking probability per pair and bitRate,0,400.0Gbps,4,1, ,0.0,0.0,0.0,0.0,0.0
BitRate blocking probability per pair and bitRate,0,400.0Gbps,14,6, ,0.0,0.0,0.0,0.0,0.0
BitRate blocking probability per pair and bitRate,0,400.0Gbps,14,10, ,0.0,0.0,0.0,0.0,0.0
BitRate blocking probability per pair and bitRate,0,400.0Gbps,24,6, ,0.0,0.0,0.0,0.0,0.0
BitRate blocking probability per pair and bitRate,0,400.0Gbps,15,2, ,0.0,0.0,0.0,0.0,0.0
BitRate blocking probability per pair and bitRate,0,400.0Gbps,22,10, ,0.0,0.0,0.0,0.0,0.0
BitRate blocking probability per pair and bitRate,0,400.0Gbps,4,17, ,0.0,0.0,0.0,0.0,0.0
BitRate blocking probability per pair and bitRate,0,400.0Gbps,17,2, ,0.0,0.0,0.0,0.0,0.0
BitRate blocking probability per pair and bitRate,0,400.0Gbps,18,20, ,0.0,0.0,0.0,0.0,0.0
BitRate blocking probability per pair and bitRate,0,400.0Gbps,17,21, ,0.0,0.0,0.0,0.0,0.0
BitRate blocking probability per pair and bitRate,0,400.0Gbps,18,6, ,0.0,0.0,0.0,0.0,0.0
BitRate blocking probability per pair and bitRate,0,400.0Gbps,10,15, ,0.0,0.0,0.0,0.0,0.0
BitRate blocking probability per pair and bitRate,0,400.0Gbps,4,11, ,0.0,0.0,0.0,0.0,0.0
BitRate blocking probability per pair and bitRate,0,400.0Gbps,2,21, ,0.0,0.0,0.0,0.0,0.0
BitRate blocking probability per pair and bitRate,0,400.0Gbps,19,9, ,0.0,0.0,0.0,0.0,0.0
BitRate blocking probability per pair and bitRate,0,400.0Gbps,5,8, ,0.0,0.0,0.0,0.0,0.0
BitRate blocking probability per pair and bitRate,0,400.0Gbps,5,3, ,0.0,0.0,0.0,0.0,0.0
BitRate blocking probability per pair and bitRate,0,400.0Gbps,11,6, ,0.0,0.0,0.0,0.0,0.0
BitRate blocking probability per pair and bitRate,0,400.0Gbps,8,2, ,0.0,0.0,0.0,0.0,0.0
BitRate blocking probability per pair and bitRate,0,400.0Gbps,9,24, ,0.0,0.0,0.0,0.0,0.0
BitRate blocking probability per pair and bitRate,0,400.0Gbps,16,23, ,0.0,0.0,0.0,0.0,0.0
BitRate blocking probability per pair and bitRate,0,400.0Gbps,2,16, ,0.0,0.0,0.0,0.0,0.0
BitRate blocking probability per pair and bitRate,0,400.0Gbps,16,17, ,0.0,0.0,0.0,0.0,0.0
BitRate blocking probability per pair and bitRate,0,400.0Gbps,23,18, ,0.0,0.0,0.0,0.0,0.0
BitRate blocking probability per pair and bitRate,0,400.0Gbps,7,1, ,0.0,0.0,0.0,0.0,0.0
BitRate blocking probability per pair and bitRate,0,400.0Gbps,11,24, ,0.0,0.0,0.0,0.0,0.0
BitRate blocking probability per pair and bitRate,0,400.0Gbps,2,10, ,0.0,0.0,0.0,0.0,0.0
BitRate blocking probability per pair and bitRate,0,400.0Gbps,4,6, ,0.0,0.0,0.0,0.0,0.0
BitRate blocking probability per pair and bitRate,0,400.0Gbps,15,13, ,0.0,0.0,0.0,0.0,0.0
BitRate blocking probability per pair and bitRate,0,400.0Gbps,21,12, ,0.0,0.0,0.0,0.0,0.0
BitRate blocking probability per pair and bitRate,0,400.0Gbps,5,6, ,0.0,0.0,0.0,0.0,0.0
BitRate blocking probability per pair and bitRate,0,400.0Gbps,10,18, ,0.0,0.0,0.0,0.0,0.0
BitRate blocking probability per pair and bitRate,0,400.0Gbps,14,23, ,0.0,0.0,0.0,0.0,0.0
BitRate blocking probability per pair and bitRate,0,400.0Gbps,21,8, ,0.0,0.0,0.0,0.0,0.0
BitRate blocking probability per pair and bitRate,0,400.0Gbps,11,3, ,0.0,0.0,0.0,0.0,0.0
BitRate blocking probability per pair and bitRate,0,400.0Gbps,13,16, ,0.0,0.0,0.0,0.0,0.0
BitRate blocking probability per pair and bitRate,0,400.0Gbps,22,16, ,0.0,0.0,0.0,0.0,0.0
BitRate blocking probability per pair and bitRate,0,400.0Gbps,21,5, ,0.0,0.0,0.0,0.0,0.0
BitRate blocking probability per pair and bitRate,0,400.0Gbps,23,24, ,0.0,0.0,0.0,0.0,0.0
BitRate blocking probability per pair and bitRate,0,400.0Gbps,9,6, ,0.0,0.0,0.0,0.0,0.0
BitRate blocking probability per pair and bitRate,0,400.0Gbps,20,9, ,0.0,0.0,0.0,0.0,0.0
BitRate blocking probability per pair and bitRate,0,400.0Gbps,16,6, ,0.0,0.0,0.0,0.0,0.0
BitRate blocking probability per pair and bitRate,0,400.0Gbps,15,4, ,0.0,0.0,0.0,0.0,0.0
BitRate blocking probability per pair and bitRate,0,400.0Gbps,3,4, ,0.0,0.0,0.0,0.0,0.0
BitRate blocking probability per pair and bitRate,0,400.0Gbps,17,10, ,0.0,0.0,0.0,0.0,0.0
BitRate blocking probability per pair and bitRate,0,400.0Gbps,12,10, ,0.0,0.0,0.0,0.0,0.0
BitRate blocking probability per pair and bitRate,0,400.0Gbps,12,7, ,0.0,0.0,0.0,0.0,0.0
BitRate blocking probability per pair and bitRate,0,400.0Gbps,3,17, ,0.0,0.0,0.0,0.0,0.0
BitRate blocking probability per pair and bitRate,0,300.0Gbps,11,2, ,0.0,0.0,0.0,0.0,0.0
BitRate blocking probability per pair and bitRate,0,300.0Gbps,1,23, ,0.0,0.0,0.0,0.0,0.0
BitRate blocking probability per pair and bitRate,0,300.0Gbps,2,9, ,0.0,0.0,0.0,0.0,0.0
BitRate blocking probability per pair and bitRate,0,300.0Gbps,1,20, ,0.0,0.0,0.0,0.0,0.0
BitRate blocking probability per pair and bitRate,0,300.0Gbps,17,24, ,0.0,0.0,0.0,0.0,0.0
BitRate blocking probability per pair and bitRate,0,300.0Gbps,21,15, ,0.0,0.0,0.0,0.0,0.0
BitRate blocking probability per pair and bitRate,0,300.0Gbps,19,11, ,0.0,0.0,0.0,0.0,0.0
BitRate blocking probability per pair and bitRate,0,300.0Gbps,3,1, ,0.0,0.0,0.0,0.0,0.0
BitRate blocking probability per pair and bitRate,0,300.0Gbps,24,2, ,0.0,0.0,0.0,0.0,0.0
BitRate blocking probability per pair and bitRate,0,300.0Gbps,23,22, ,0.0,0.0,0.0,0.0,0.0
BitRate blocking probability per pair and bitRate,0,300.0Gbps,17,22, ,0.0,0.0,0.0,0.0,0.0
BitRate blocking probability per pair and bitRate,0,300.0Gbps,15,20, ,0.0,0.0,0.0,0.0,0.0
BitRate blocking probability per pair and bitRate,0,300.0Gbps,2,7, ,0.0,0.0,0.0,0.0,0.0
BitRate blocking probability per pair and bitRate,0,300.0Gbps,10,1, ,0.0,0.0,0.0,0.0,0.0
BitRate blocking probability per pair and bitRate,0,300.0Gbps,14,16, ,0.0,0.0,0.0,0.0,0.0
BitRate blocking probability per pair and bitRate,0,300.0Gbps,13,18, ,0.0,0.0,0.0,0.0,0.0
BitRate blocking probability per pair and bitRate,0,300.0Gbps,11,7, ,0.0,0.0,0.0,0.0,0.0
BitRate blocking probability per pair and bitRate,0,300.0Gbps,15,10, ,0.0,0.0,0.0,0.0,0.0
BitRate blocking probability per pair and bitRate,0,300.0Gbps,17,4, ,0.0,0.0,0.0,0.0,0.0
BitRate blocking probability per pair and bitRate,0,300.0Gbps,15,19, ,0.0,0.0,0.0,0.0,0.0
BitRate blocking probability per pair and bitRate,0,300.0Gbps,9,22, ,0.0,0.0,0.0,0.0,0.0
BitRate blocking probability per pair and bitRate,0,300.0Gbps,9,19, ,0.0,0.0,0.0,0.0,0.0
BitRate blocking probability per pair and bitRate,0,300.0Gbps,24,7, ,0.0,0.0,0.0,0.0,0.0
BitRate blocking probability per pair and bitRate,0,300.0Gbps,1,18, ,0.0,0.0,0.0,0.0,0.0
BitRate blocking probability per pair and bitRate,0,300.0Gbps,19,4, ,0.0,0.0,0.0,0.0,0.0
BitRate blocking probability per pair and bitRate,0,300.0Gbps,5,1, ,0.0,0.0,0.0,0.0,0.0
BitRate blocking probability per pair and bitRate,0,300.0Gbps,5,20, ,0.0,0.0,0.0,0.0,0.0
BitRate blocking probability per pair and bitRate,0,300.0Gbps,21,24, ,0.0,0.0,0.0,0.0,0.0
BitRate blocking probability per pair and bitRate,0,300.0Gbps,9,1, ,0.0,0.0,0.0,0.0,0.0
BitRate blocking probability per pair and bitRate,0,300.0Gbps,9,21, ,0.0,0.0,0.0,0.0,0.0
BitRate blocking probability per pair and bitRate,0,300.0Gbps,14,15, ,0.0,0.0,0.0,0.0,0.0
BitRate blocking probability per pair and bitRate,0,300.0Gbps,8,4, ,0.0,0.0,0.0,0.0,0.0
BitRate blocking probability per pair and bitRate,0,300.0Gbps,8,21, ,0.0,0.0,0.0,0.0,0.0
BitRate blocking probability per pair and bitRate,0,300.0Gbps,6,3, ,0.0,0.0,0.0,0.0,0.0
BitRate blocking probability per pair and bitRate,0,300.0Gbps,9,2, ,0.0,0.0,0.0,0.0,0.0
BitRate blocking probability per pair and bitRate,0,300.0Gbps,16,2, ,0.0,0.0,0.0,0.0,0.0
BitRate blocking probability per pair and bitRate,0,300.0Gbps,9,4, ,0.0,0.0,0.0,0.0,0.0
BitRate blocking probability per pair and bitRate,0,300.0Gbps,23,21, ,0.0,0.0,0.0,0.0,0.0
BitRate blocking probability per pair and bitRate,0,300.0Gbps,19,24, ,0.0,0.0,0.0,0.0,0.0
BitRate blocking probability per pair and bitRate,0,300.0Gbps,22,15, ,0.0,0.0,0.0,0.0,0.0
BitRate blocking probability per pair and bitRate,0,300.0Gbps,23,17, ,0.0,0.0,0.0,0.0,0.0
BitRate blocking probability per pair and bitRate,0,300.0Gbps,8,11, ,0.0,0.0,0.0,0.0,0.0
BitRate blocking probability per pair and bitRate,0,300.0Gbps,24,17, ,0.0,0.0,0.0,0.0,0.0
BitRate blocking probability per pair and bitRate,0,300.0Gbps,22,18, ,0.0,0.0,0.0,0.0,0.0
BitRate blocking probability per pair and bitRate,0,300.0Gbps,5,11, ,0.0,0.0,0.0,0.0,0.0
BitRate blocking probability per pair and bitRate,0,300.0Gbps,4,8, ,0.0,0.0,0.0,0.0,0.0
BitRate blocking probability per pair and bitRate,0,300.0Gbps,23,9, ,0.0,0.0,0.0,0.0,0.0
BitRate blocking probability per pair and bitRate,0,300.0Gbps,6,12, ,0.0,0.0,0.0,0.0,0.0
BitRate blocking probability per pair and bitRate,0,300.0Gbps,4,5, ,0.0,0.0,0.0,0.0,0.0
BitRate blocking probability per pair and bitRate,0,300.0Gbps,16,9, ,0.0,0.0,0.0,0.0,0.0
BitRate blocking probability per pair and bitRate,0,300.0Gbps,16,11, ,0.0,0.0,0.0,0.0,0.0
BitRate blocking probability per pair and bitRate,0,300.0Gbps,24,20, ,0.0,0.0,0.0,0.0,0.0
BitRate blocking probability per pair and bitRate,0,300.0Gbps,12,14, ,0.0,0.0,0.0,0.0,0.0
BitRate blocking probability per pair and bitRate,0,300.0Gbps,20,5, ,0.0,0.0,0.0,0.0,0.0
BitRate blocking probability per pair and bitRate,0,300.0Gbps,11,12, ,0.0,0.0,0.0,0.0,0.0
BitRate blocking probability per pair and bitRate,0,300.0Gbps,7,14, ,0.0,0.0,0.0,0.0,0.0
BitRate blocking probability per pair and bitRate,0,300.0Gbps,10,23, ,0.0,0.0,0.0,0.0,0.0
BitRate blocking probability per pair and bitRate,0,300.0Gbps,22,20, ,0.0,0.0,0.0,0.0,0.0
BitRate blocking probability per pair and bitRate,0,300.0Gbps,17,11, ,0.0,0.0,0.0,0.0,0.0
BitRate blocking probability per pair and bitRate,0,300.0Gbps,3,10, ,0.0,0.0,0.0,0.0,0.0
BitRate blocking probability per pair and bitRate,0,300.0Gbps,17,14, ,0.0,0.0,0.0,0.0,0.0
BitRate blocking probability per pair and bitRate,0,300.0Gbps,10,7, ,0.0,0.0,0.0,0.0,0.0
BitRate blocking probability per pair and bitRate,0,300.0Gbps,3,2, ,0.0,0.0,0.0,0.0,0.0
BitRate blocking probability per pair and bitRate,0,300.0Gbps,3,5, ,0.0,0.0,0.0,0.0,0.0
BitRate blocking probability per pair and bitRate,0,300.0Gbps,22,1, ,0.0,0.0,0.0,0.0,0.0
BitRate blocking probability per pair and bitRate,0,300.0Gbps,1,14, ,0.0,0.0,0.0,0.0,0.0
BitRate blocking probability per pair and bitRate,0,300.0Gbps,24,8, ,0.0,0.0,0.0,0.0,0.0
BitRate blocking probability per pair and bitRate,0,300.0Gbps,11,21, ,0.0,0.0,0.0,0.0,0.0
BitRate blocking probability per pair and bitRate,0,300.0Gbps,20,14, ,0.0,0.0,0.0,0.0,0.0
BitRate blocking probability per pair and bitRate,0,300.0Gbps,8,6, ,0.0,0.0,0.0,0.0,0.0
BitRate blocking probability per pair and bitRate,0,300.0Gbps,21,11, ,0.0,0.0,0.0,0.0,0.0
BitRate blocking probability per pair and bitRate,0,300.0Gbps,11,8, ,0.0,0.0,0.0,0.0,0.0
BitRate blocking probability per pair and bitRate,0,300.0Gbps,21,19, ,0.0,0.0,0.0,0.0,0.0
BitRate blocking probability per pair and bitRate,0,300.0Gbps,17,1, ,0.0,0.0,0.0,0.0,0.0
BitRate blocking probability per pair and bitRate,0,300.0Gbps,11,22, ,0.0,0.0,0.0,0.0,0.0
BitRate blocking probability per pair and bitRate,0,300.0Gbps,24,21, ,0.0,0.0,0.0,0.0,0.0
BitRate blocking probability per pair and bitRate,0,300.0Gbps,19,22, ,0.0,0.0,0.0,0.0,0.0
BitRate blocking probability per pair and bitRate,0,300.0Gbps,7,12, ,0.0,0.0,0.0,0.0,0.0
BitRate blocking probability per pair and bitRate,0,300.0Gbps,7,22, ,0.0,0.0,0.0,0.0,0.0
BitRate blocking probability per pair and bitRate,0,300.0Gbps,23,5, ,0.0,0.0,0.0,0.0,0.0
BitRate blocking probability per pair and bitRate,0,300.0Gbps,21,17, ,0.0,0.0,0.0,0.0,0.0
BitRate blocking probability per pair and bitRate,0,300.0Gbps,1,11, ,0.0,0.0,0.0,0.0,0.0
BitRate blocking probability per pair and bitRate,0,300.0Gbps,18,12, ,0.0,0.0,0.0,0.0,0.0
BitRate blocking probability per pair and bitRate,0,300.0Gbps,23,10, ,0.0,0.0,0.0,0.0,0.0
BitRate blocking probability per pair and bitRate,0,300.0Gbps,18,7, ,0.0,0.0,0.0,0.0,0.0
BitRate blocking probability per pair and bitRate,0,300.0Gbps,24,22, ,0.0,0.0,0.0,0.0,0.0
BitRate blocking probability per pair and bitRate,0,300.0Gbps,21,2, ,0.0,0.0,0.0,0.0,0.0
BitRate blocking probability per pair and bitRate,0,300.0Gbps,16,4, ,0.0,0.0,0.0,0.0,0.0
BitRate blocking probability per pair and bitRate,0,300.0Gbps,10,9, ,0.0,0.0,0.0,0.0,0.0
BitRate blocking probability per pair and bitRate,0,300.0Gbps,22,5, ,0.0,0.0,0.0,0.0,0.0
BitRate blocking probability per pair and bitRate,0,300.0Gbps,9,17, ,0.0,0.0,0.0,0.0,0.0
BitRate blocking probability per pair and bitRate,0,300.0Gbps,8,20, ,0.0,0.0,0.0,0.0,0.0
BitRate blocking probability per pair and bitRate,0,300.0Gbps,1,24, ,0.0,0.0,0.0,0.0,0.0
BitRate blocking probability per pair and bitRate,0,300.0Gbps,2,14, ,0.0,0.0,0.0,0.0,0.0
BitRate blocking probability per pair and bitRate,0,300.0Gbps,5,18, ,0.0,0.0,0.0,0.0,0.0
BitRate blocking probability per pair and bitRate,0,300.0Gbps,8,9, ,0.0,0.0,0.0,0.0,0.0
BitRate blocking probability per pair and bitRate,0,300.0Gbps,9,13, ,0.0,0.0,0.0,0.0,0.0
BitRate blocking probability per pair and bitRate,0,300.0Gbps,24,13, ,0.0,0.0,0.0,0.0,0.0
BitRate blocking probability per pair and bitRate,0,300.0Gbps,2,17, ,0.0,0.0,0.0,0.0,0.0
BitRate blocking probability per pair and bitRate,0,300.0Gbps,20,1, ,0.0,0.0,0.0,0.0,0.0
BitRate blocking probability per pair and bitRate,0,300.0Gbps,19,2, ,0.0,0.0,0.0,0.0,0.0
BitRate blocking probability per pair and bitRate,0,300.0Gbps,4,3, ,0.0,0.0,0.0,0.0,0.0
BitRate blocking probability per pair and bitRate,0,300.0Gbps,22,4, ,0.0,0.0,0.0,0.0,0.0
BitRate blocking probability per pair and bitRate,0,300.0Gbps,5,4, ,0.0,0.0,0.0,0.0,0.0
BitRate blocking probability per pair and bitRate,0,300.0Gbps,16,19, ,0.0,0.0,0.0,0.0,0.0
BitRate blocking probability per pair and bitRate,0,300.0Gbps,12,6, ,0.0,0.0,0.0,0.0,0.0
BitRate blocking probability per pair and bitRate,0,300.0Gbps,17,8, ,0.0,0.0,0.0,0.0,0.0
BitRate blocking probability per pair and bitRate,0,300.0Gbps,12,9, ,0.0,0.0,0.0,0.0,0.0
BitRate blocking probability per pair and bitRate,0,300.0Gbps,11,20, ,0.0,0.0,0.0,0.0,0.0
BitRate blocking probability per pair and bitRate,0,300.0Gbps,15,12, ,0.0,0.0,0.0,0.0,0.0
BitRate blocking probability per pair and bitRate,0,300.0Gbps,9,16, ,0.0,0.0,0.0,0.0,0.0
BitRate blocking probability per pair and bitRate,0,300.0Gbps,7,15, ,0.0,0.0,0.0,0.0,0.0
BitRate blocking probability per pair and bitRate,0,300.0Gbps,6,13, ,0.0,0.0,0.0,0.0,0.0
BitRate blocking probability per pair and bitRate,0,300.0Gbps,19,18, ,0.0,0.0,0.0,0.0,0.0
BitRate blocking probability per pair and bitRate,0,300.0Gbps,3,9, ,0.0,0.0,0.0,0.0,0.0
BitRate blocking probability per pair and bitRate,0,300.0Gbps,21,18, ,0.0,0.0,0.0,0.0,0.0
BitRate blocking probability per pair and bitRate,0,300.0Gbps,1,17, ,0.0,0.0,0.0,0.0,0.0
BitRate blocking probability per pair and bitRate,0,300.0Gbps,8,24, ,0.0,0.0,0.0,0.0,0.0
BitRate blocking probability per pair and bitRate,0,300.0Gbps,7,16, ,0.0,0.0,0.0,0.0,0.0
BitRate blocking probability per pair and bitRate,0,300.0Gbps,15,21, ,0.0,0.0,0.0,0.0,0.0
BitRate blocking probability per pair and bitRate,0,300.0Gbps,18,22, ,0.0,0.0,0.0,0.0,0.0
BitRate blocking probability per pair and bitRate,0,300.0Gbps,14,2, ,0.0,0.0,0.0,0.0,0.0
BitRate blocking probability per pair and bitRate,0,300.0Gbps,2,12, ,0.0,0.0,0.0,0.0,0.0
BitRate blocking probability per pair and bitRate,0,300.0Gbps,12,8, ,0.0,0.0,0.0,0.0,0.0
BitRate blocking probability per pair and bitRate,0,300.0Gbps,1,13, ,0.0,0.0,0.0,0.0,0.0
BitRate blocking probability per pair and bitRate,0,300.0Gbps,8,18, ,0.0,0.0,0.0,0.0,0.0
BitRate blocking probability per pair and bitRate,0,300.0Gbps,15,6, ,0.0,0.0,0.0,0.0,0.0
BitRate blocking probability per pair and bitRate,0,300.0Gbps,6,20, ,0.0,0.0,0.0,0.0,0.0
BitRate blocking probability per pair and bitRate,0,300.0Gbps,7,21, ,0.0,0.0,0.0,0.0,0.0
BitRate blocking probability per pair and bitRate,0,300.0Gbps,9,3, ,0.0,0.0,0.0,0.0,0.0
BitRate blocking probability per pair and bitRate,0,300.0Gbps,12,13, ,0.0,0.0,0.0,0.0,0.0
BitRate blocking probability per pair and bitRate,0,300.0Gbps,8,22, ,0.0,0.0,0.0,0.0,0.0
BitRate blocking probability per pair and bitRate,0,300.0Gbps,2,3, ,0.0,0.0,0.0,0.0,0.0
BitRate blocking probability per pair and bitRate,0,300.0Gbps,14,18, ,0.0,0.0,0.0,0.0,0.0
BitRate blocking probability per pair and bitRate,0,300.0Gbps,23,20, ,0.0,0.0,0.0,0.0,0.0
BitRate blocking probability per pair and bitRate,0,300.0Gbps,4,20, ,0.0,0.0,0.0,0.0,0.0
BitRate blocking probability per pair and bitRate,0,300.0Gbps,4,24, ,0.0,0.0,0.0,0.0,0.0
BitRate blocking probability per pair and bitRate,0,300.0Gbps,16,15, ,0.0,0.0,0.0,0.0,0.0
BitRate blocking probability per pair and bitRate,0,300.0Gbps,24,16, ,0.0,0.0,0.0,0.0,0.0
BitRate blocking probability per pair and bitRate,0,300.0Gbps,19,12, ,0.0,0.0,0.0,0.0,0.0
BitRate blocking probability per pair and bitRate,0,300.0Gbps,6,15, ,0.0,0.0,0.0,0.0,0.0
BitRate blocking probability per pair and bitRate,0,300.0Gbps,8,7, ,0.0,0.0,0.0,0.0,0.0
BitRate blocking probability per pair and bitRate,0,300.0Gbps,2,20, ,0.0,0.0,0.0,0.0,0.0
BitRate blocking probability per pair and bitRate,0,300.0Gbps,11,9, ,0.0,0.0,0.0,0.0,0.0
BitRate blocking probability per pair and bitRate,0,300.0Gbps,4,12, ,0.0,0.0,0.0,0.0,0.0
BitRate blocking probability per pair and bitRate,0,300.0Gbps,13,23, ,0.0,0.0,0.0,0.0,0.0
BitRate blocking probability per pair and bitRate,0,300.0Gbps,11,16, ,0.0,0.0,0.0,0.0,0.0
BitRate blocking probability per pair and bitRate,0,300.0Gbps,3,11, ,0.0,0.0,0.0,0.0,0.0
BitRate blocking probability per pair and bitRate,0,300.0Gbps,2,5, ,0.0,0.0,0.0,0.0,0.0
BitRate blocking probability per pair and bitRate,0,300.0Gbps,3,24, ,0.0,0.0,0.0,0.0,0.0
BitRate blocking probability per pair and bitRate,0,300.0Gbps,18,1, ,0.0,0.0,0.0,0.0,0.0
BitRate blocking probability per pair and bitRate,0,300.0Gbps,10,2, ,0.0,0.0,0.0,0.0,0.0
BitRate blocking probability per pair and bitRate,0,300.0Gbps,15,16, ,0.0,0.0,0.0,0.0,0.0
BitRate blocking probability per pair and bitRate,0,300.0Gbps,20,17, ,0.0,0.0,0.0,0.0,0.0
BitRate blocking probability per pair and bitRate,0,300.0Gbps,5,13, ,0.0,0.0,0.0,0.0,0.0
BitRate blocking probability per pair and bitRate,0,300.0Gbps,24,15, ,0.0,0.0,0.0,0.0,0.0
BitRate blocking probability per pair and bitRate,0,300.0Gbps,12,17, ,0.0,0.0,0.0,0.0,0.0
BitRate blocking probability per pair and bitRate,0,300.0Gbps,20,2, ,0.0,0.0,0.0,0.0,0.0
BitRate blocking probability per pair and bitRate,0,300.0Gbps,5,19, ,0.0,0.0,0.0,0.0,0.0
BitRate blocking probability per pair and bitRate,0,300.0Gbps,6,8, ,0.0,0.0,0.0,0.0,0.0
BitRate blocking probability per pair and bitRate,0,300.0Gbps,4,10, ,0.0,0.0,0.0,0.0,0.0
BitRate blocking probability per pair and bitRate,0,300.0Gbps,1,4, ,0.0,0.0,0.0,0.0,0.0
BitRate blocking probability per pair and bitRate,0,300.0Gbps,12,23, ,0.0,0.0,0.0,0.0,0.0
BitRate blocking probability per pair and bitRate,0,300.0Gbps,23,4, ,0.0,0.0,0.0,0.0,0.0
BitRate blocking probability per pair and bitRate,0,300.0Gbps,12,20, ,0.0,0.0,0.0,0.0,0.0
BitRate blocking probability per pair and bitRate,0,300.0Gbps,11,19, ,0.0,0.0,0.0,0.0,0.0
BitRate blocking probability per pair and bitRate,0,300.0Gbps,2,11, ,0.0,0.0,0.0,0.0,0.0
BitRate blocking probability per pair and bitRate,0,300.0Gbps,8,23, ,0.0,0.0,0.0,0.0,0.0
BitRate blocking probability per pair and bitRate,0,300.0Gbps,10,14, ,0.0,0.0,0.0,0.0,0.0
BitRate blocking probability per pair and bitRate,0,300.0Gbps,21,22, ,0.0,0.0,0.0,0.0,0.0
BitRate blocking probability per pair and bitRate,0,300.0Gbps,9,11, ,0.0,0.0,0.0,0.0,0.0
BitRate blocking probability per pair and bitRate,0,300.0Gbps,23,7, ,0.0,0.0,0.0,0.0,0.0
BitRate blocking probability per pair and bitRate,0,300.0Gbps,24,18, ,0.0,0.0,0.0,0.0,0.0
BitRate blocking probability per pair and bitRate,0,300.0Gbps,14,24, ,0.0,0.0,0.0,0.0,0.0
BitRate blocking probability per pair and bitRate,0,300.0Gbps,6,4, ,0.0,0.0,0.0,0.0,0.0
BitRate blocking probability per pair and bitRate,0,300.0Gbps,21,9, ,0.0,0.0,0.0,0.0,0.0
BitRate blocking probability per pair and bitRate,0,300.0Gbps,15,1, ,0.0,0.0,0.0,0.0,0.0
BitRate blocking probability per pair and bitRate,0,300.0Gbps,13,8, ,0.0,0.0,0.0,0.0,0.0
BitRate blocking probability per pair and bitRate,0,300.0Gbps,13,12, ,0.0,0.0,0.0,0.0,0.0
BitRate blocking probability per pair and bitRate,0,300.0Gbps,12,11, ,0.0,0.0,0.0,0.0,0.0
BitRate blocking probability per pair and bitRate,0,300.0Gbps,23,16, ,0.0,0.0,0.0,0.0,0.0
BitRate blocking probability per pair and bitRate,0,300.0Gbps,16,10, ,0.0,0.0,0.0,0.0,0.0
BitRate blocking probability per pair and bitRate,0,300.0Gbps,14,4, ,0.0,0.0,0.0,0.0,0.0
BitRate blocking probability per pair and bitRate,0,300.0Gbps,10,21, ,0.0,0.0,0.0,0.0,0.0
BitRate blocking probability per pair and bitRate,0,300.0Gbps,1,16, ,0.0,0.0,0.0,0.0,0.0
BitRate blocking probability per pair and bitRate,0,300.0Gbps,5,14, ,0.0,0.0,0.0,0.0,0.0
BitRate blocking probability per pair and bitRate,0,300.0Gbps,14,3, ,0.0,0.0,0.0,0.0,0.0
BitRate blocking probability per pair and bitRate,0,300.0Gbps,9,5, ,0.0,0.0,0.0,0.0,0.0
BitRate blocking probability per pair and bitRate,0,300.0Gbps,11,23, ,0.0,0.0,0.0,0.0,0.0
BitRate blocking probability per pair and bitRate,0,300.0Gbps,23,12, ,0.0,0.0,0.0,0.0,0.0
BitRate blocking probability per pair and bitRate,0,300.0Gbps,18,4, ,0.0,0.0,0.0,0.0,0.0
BitRate blocking probability per pair and bitRate,0,300.0Gbps,19,10, ,0.0,0.0,0.0,0.0,0.0
BitRate blocking probability per pair and bitRate,0,300.0Gbps,14,19, ,0.0,0.0,0.0,0.0,0.0
BitRate blocking probability per pair and bitRate,0,300.0Gbps,3,18, ,0.0,0.0,0.0,0.0,0.0
BitRate blocking probability per pair and bitRate,0,300.0Gbps,1,21, ,0.0,0.0,0.0,0.0,0.0
BitRate blocking probability per pair and bitRate,0,300.0Gbps,10,16, ,0.0,0.0,0.0,0.0,0.0
BitRate blocking probability per pair and bitRate,0,300.0Gbps,24,9, ,0.0,0.0,0.0,0.0,0.0
BitRate blocking probability per pair and bitRate,0,300.0Gbps,3,21, ,0.0,0.0,0.0,0.0,0.0
BitRate blocking probability per pair and bitRate,0,300.0Gbps,12,24, ,0.0,0.0,0.0,0.0,0.0
BitRate blocking probability per pair and bitRate,0,300.0Gbps,15,9, ,0.0,0.0,0.0,0.0,0.0
BitRate blocking probability per pair and bitRate,0,300.0Gbps,18,14, ,0.0,0.0,0.0,0.0,0.0
BitRate blocking probability per pair and bitRate,0,300.0Gbps,16,3, ,0.0,0.0,0.0,0.0,0.0
BitRate blocking probability per pair and bitRate,0,300.0Gbps,15,5, ,0.0,0.0,0.0,0.0,0.0
BitRate blocking probability per pair and bitRate,0,300.0Gbps,16,21, ,0.0,0.0,0.0,0.0,0.0
BitRate blocking probability per pair and bitRate,0,300.0Gbps,8,17, ,0.0,0.0,0.0,0.0,0.0
BitRate blocking probability per pair and bitRate,0,300.0Gbps,5,16, ,0.0,0.0,0.0,0.0,0.0
BitRate blocking probability per pair and bitRate,0,300.0Gbps,21,4, ,0.0,0.0,0.0,0.0,0.0
BitRate blocking probability per pair and bitRate,0,300.0Gbps,17,19, ,0.0,0.0,0.0,0.0,0.0
BitRate blocking probability per pair and bitRate,0,300.0Gbps,16,12, ,0.0,0.0,0.0,0.0,0.0
BitRate blocking probability per pair and bitRate,0,300.0Gbps,7,19, ,0.0,0.0,0.0,0.0,0.0
BitRate blocking probability per pair and bitRate,0,300.0Gbps,8,19, ,0.0,0.0,0.0,0.0,0.0
BitRate blocking probability per pair and bitRate,0,300.0Gbps,9,20, ,0.0,0.0,0.0,0.0,0.0
BitRate blocking probability per pair and bitRate,0,300.0Gbps,13,10, ,0.0,0.0,0.0,0.0,0.0
BitRate blocking probability per pair and bitRate,0,300.0Gbps,17,16, ,0.0,0.0,0.0,0.0,0.0
BitRate blocking probability per pair and bitRate,0,300.0Gbps,5,7, ,0.0,0.0,0.0,0.0,0.0
BitRate blocking probability per pair and bitRate,0,300.0Gbps,5,10, ,0.0,0.0,0.0,0.0,0.0
BitRate blocking probability per pair and bitRate,0,300.0Gbps,22,14, ,0.0,0.0,0.0,0.0,0.0
BitRate blocking probability per pair and bitRate,0,300.0Gbps,2,24, ,0.0,0.0,0.0,0.0,0.0
BitRate blocking probability per pair and bitRate,0,300.0Gbps,11,15, ,0.0,0.0,0.0,0.0,0.0
BitRate blocking probability per pair and bitRate,0,300.0Gbps,19,13, ,0.0,0.0,0.0,0.0,0.0
BitRate blocking probability per pair and bitRate,0,300.0Gbps,9,14, ,0.0,0.0,0.0,0.0,0.0
BitRate blocking probability per pair and bitRate,0,300.0Gbps,13,20, ,0.0,0.0,0.0,0.0,0.0
BitRate blocking probability per pair and bitRate,0,300.0Gbps,20,15, ,0.0,0.0,0.0,0.0,0.0
BitRate blocking probability per pair and bitRate,0,300.0Gbps,1,9, ,0.0,0.0,0.0,0.0,0.0
BitRate blocking probability per pair and bitRate,0,300.0Gbps,4,16, ,0.0,0.0,0.0,0.0,0.0
BitRate blocking probability per pair and bitRate,0,300.0Gbps,21,20, ,0.0,0.0,0.0,0.0,0.0
BitRate blocking probability per pair and bitRate,0,300.0Gbps,6,18, ,0.0,0.0,0.0,0.0,0.0
BitRate blocking probability per pair and bitRate,0,300.0Gbps,3,20, ,0.0,0.0,0.0,0.0,0.0
BitRate blocking probability per pair and bitRate,0,300.0Gbps,21,10, ,0.0,0.0,0.0,0.0,0.0
BitRate blocking probability per pair and bitRate,0,300.0Gbps,2,19, ,0.0,0.0,0.0,0.0,0.0
BitRate blocking probability per pair and bitRate,0,300.0Gbps,7,17, ,0.0,0.0,0.0,0.0,0.0
BitRate blocking probability per pair and bitRate,0,300.0Gbps,14,5, ,0.0,0.0,0.0,0.0,0.0
BitRate blocking probability per pair and bitRate,0,300.0Gbps,7,13, ,0.0,0.0,0.0,0.0,0.0
BitRate blocking probability per pair and bitRate,0,300.0Gbps,5,15, ,0.0,0.0,0.0,0.0,0.0
BitRate blocking probability per pair and bitRate,0,300.0Gbps,18,8, ,0.0,0.0,0.0,0.0,0.0
BitRate blocking probability per pair and bitRate,0,300.0Gbps,19,17, ,0.0,0.0,0.0,0.0,0.0
BitRate blocking probability per pair and bitRate,0,300.0Gbps,19,21, ,0.0,0.0,0.0,0.0,0.0
BitRate blocking probability per pair and bitRate,0,300.0Gbps,19,3, ,0.0,0.0,0.0,0.0,0.0
BitRate blocking probability per pair and bitRate,0,300.0Gbps,13,19, ,0.0,0.0,0.0,0.0,0.0
BitRate blocking probability per pair and bitRate,0,300.0Gbps,12,18, ,0.0,0.0,0.0,0.0,0.0
BitRate blocking probability per pair and bitRate,0,300.0Gbps,13,3, ,0.0,0.0,0.0,0.0,0.0
BitRate blocking probability per pair and bitRate,0,300.0Gbps,7,18, ,0.0,0.0,0.0,0.0,0.0
BitRate blocking probability per pair and bitRate,0,300.0Gbps,17,12, ,0.0,0.0,0.0,0.0,0.0
BitRate blocking probability per pair and bitRate,0,300.0Gbps,13,9, ,0.0,0.0,0.0,0.0,0.0
BitRate blocking probability per pair and bitRate,0,300.0Gbps,6,22, ,0.0,0.0,0.0,0.0,0.0
BitRate blocking probability per pair and bitRate,0,300.0Gbps,1,15, ,0.0,0.0,0.0,0.0,0.0
BitRate blocking probability per pair and bitRate,0,300.0Gbps,3,19, ,0.0,0.0,0.0,0.0,0.0
BitRate blocking probability per pair and bitRate,0,300.0Gbps,12,4, ,0.0,0.0,0.0,0.0,0.0
BitRate blocking probability per pair and bitRate,0,300.0Gbps,16,24, ,0.0,0.0,0.0,0.0,0.0
BitRate blocking probability per pair and bitRate,0,300.0Gbps,6,10, ,0.0,0.0,0.0,0.0,0.0
BitRate blocking probability per pair and bitRate,0,300.0Gbps,2,18, ,0.0,0.0,0.0,0.0,0.0
BitRate blocking probability per pair and bitRate,0,300.0Gbps,18,21, ,0.0,0.0,0.0,0.0,0.0
BitRate blocking probability per pair and bitRate,0,300.0Gbps,18,3, ,0.0,0.0,0.0,0.0,0.0
BitRate blocking probability per pair and bitRate,0,300.0Gbps,15,18, ,0.0,0.0,0.0,0.0,0.0
BitRate blocking probability per pair and bitRate,0,300.0Gbps,4,14, ,0.0,0.0,0.0,0.0,0.0
BitRate blocking probability per pair and bitRate,0,300.0Gbps,7,20, ,0.0,0.0,0.0,0.0,0.0
BitRate blocking probability per pair and bitRate,0,300.0Gbps,13,15, ,0.0,0.0,0.0,0.0,0.0
BitRate blocking probability per pair and bitRate,0,300.0Gbps,13,21, ,0.0,0.0,0.0,0.0,0.0
BitRate blocking probability per pair and bitRate,0,300.0Gbps,15,14, ,0.0,0.0,0.0,0.0,0.0
BitRate blocking probability per pair and bitRate,0,300.0Gbps,3,15, ,0.0,0.0,0.0,0.0,0.0
BitRate blocking probability per pair and bitRate,0,300.0Gbps,18,5, ,0.0,0.0,0.0,0.0,0.0
BitRate blocking probability per pair and bitRate,0,300.0Gbps,12,1, ,0.0,0.0,0.0,0.0,0.0
BitRate blocking probability per pair and bitRate,0,300.0Gbps,6,7, ,0.0,0.0,0.0,0.0,0.0
BitRate blocking probability per pair and bitRate,0,300.0Gbps,24,3, ,0.0,0.0,0.0,0.0,0.0
BitRate blocking probability per pair and bitRate,0,300.0Gbps,19,5, ,0.0,0.0,0.0,0.0,0.0
BitRate blocking probability per pair and bitRate,0,300.0Gbps,20,19, ,0.0,0.0,0.0,0.0,0.0
BitRate blocking probability per pair and bitRate,0,300.0Gbps,5,17, ,0.0,0.0,0.0,0.0,0.0
BitRate blocking probability per pair and bitRate,0,300.0Gbps,20,12, ,0.0,0.0,0.0,0.0,0.0
BitRate blocking probability per pair and bitRate,0,300.0Gbps,4,22, ,0.0,0.0,0.0,0.0,0.0
BitRate blocking probability per pair and bitRate,0,300.0Gbps,7,8, ,0.0,0.0,0.0,0.0,0.0
BitRate blocking probability per pair and bitRate,0,300.0Gbps,14,1, ,0.0,0.0,0.0,0.0,0.0
BitRate blocking probability per pair and bitRate,0,300.0Gbps,20,21, ,0.0,0.0,0.0,0.0,0.0
BitRate blocking probability per pair and bitRate,0,300.0Gbps,1,6, ,0.0,0.0,0.0,0.0,0.0
BitRate blocking probability per pair and bitRate,0,300.0Gbps,13,2, ,0.0,0.0,0.0,0.0,0.0
BitRate blocking probability per pair and bitRate,0,300.0Gbps,14,20, ,0.0,0.0,0.0,0.0,0.0
BitRate blocking probability per pair and bitRate,0,300.0Gbps,16,20, ,0.0,0.0,0.0,0.0,0.0
BitRate blocking probability per pair and bitRate,0,300.0Gbps,18,15, ,0.0,0.0,0.0,0.0,0.0
BitRate blocking probability per pair and bitRate,0,300.0Gbps,6,2, ,0.0,0.0,0.0,0.0,0.0
BitRate blocking probability per pair and bitRate,0,300.0Gbps,9,15, ,0.0,0.0,0.0,0.0,0.0
BitRate blocking probability per pair and bitRate,0,300.0Gbps,15,17, ,0.0,0.0,0.0,0.0,0.0
BitRate blocking probability per pair and bitRate,0,300.0Gbps,18,2, ,0.0,0.0,0.0,0.0,0.0
BitRate blocking probability per pair and bitRate,0,300.0Gbps,15,24, ,0.0,0.0,0.0,0.0,0.0
BitRate blocking probability per pair and bitRate,0,300.0Gbps,7,10, ,0.0,0.0,0.0,0.0,0.0
BitRate blocking probability per pair and bitRate,0,300.0Gbps,14,21, ,0.0,0.0,0.0,0.0,0.0
BitRate blocking probability per pair and bitRate,0,300.0Gbps,23,15, ,0.0,0.0,0.0,0.0,0.0
BitRate blocking probability per pair and bitRate,0,300.0Gbps,11,1, ,0.0,0.0,0.0,0.0,0.0
BitRate blocking probability per pair and bitRate,0,300.0Gbps,19,20, ,0.0,0.0,0.0,0.0,0.0
BitRate blocking probability per pair and bitRate,0,300.0Gbps,1,8, ,0.0,0.0,0.0,0.0,0.0
BitRate blocking probability per pair and bitRate,0,300.0Gbps,16,1, ,0.0,0.0,0.0,0.0,0.0
BitRate blocking probability per pair and bitRate,0,300.0Gbps,24,5, ,0.0,0.0,0.0,0.0,0.0
BitRate blocking probability per pair and bitRate,0,300.0Gbps,2,4, ,0.0,0.0,0.0,0.0,0.0
BitRate blocking probability per pair and bitRate,0,300.0Gbps,10,5, ,0.0,0.0,0.0,0.0,0.0
BitRate blocking probability per pair and bitRate,0,300.0Gbps,21,7, ,0.0,0.0,0.0,0.0,0.0
BitRate blocking probability per pair and bitRate,0,300.0Gbps,23,11, ,0.0,0.0,0.0,0.0,0.0
BitRate blocking probability per pair and bitRate,0,300.0Gbps,19,6, ,0.0,0.0,0.0,0.0,0.0
BitRate blocking probability per pair and bitRate,0,300.0Gbps,10,17, ,0.0,0.0,0.0,0.0,0.0
BitRate blocking probability per pair and bitRate,0,300.0Gbps,3,8, ,0.0,0.0,0.0,0.0,0.0
BitRate blocking probability per pair and bitRate,0,300.0Gbps,3,23, ,0.0,0.0,0.0,0.0,0.0
BitRate blocking probability per pair and bitRate,0,300.0Gbps,17,9, ,0.0,0.0,0.0,0.0,0.0
BitRate blocking probability per pair and bitRate,0,300.0Gbps,9,18, ,0.0,0.0,0.0,0.0,0.0
BitRate blocking probability per pair and bitRate,0,300.0Gbps,1,3, ,0.0,0.0,0.0,0.0,0.0
BitRate blocking probability per pair and bitRate,0,300.0Gbps,10,20, ,0.0,0.0,0.0,0.0,0.0
BitRate blocking probability per pair and bitRate,0,300.0Gbps,21,6, ,0.0,0.0,0.0,0.0,0.0
BitRate blocking probability per pair and bitRate,0,300.0Gbps,8,5, ,0.0,0.0,0.0,0.0,0.0
BitRate blocking probability per pair and bitRate,0,300.0Gbps,9,8, ,0.0,0.0,0.0,0.0,0.0
BitRate blocking probability per pair and bitRate,0,300.0Gbps,24,4, ,0.0,0.0,0.0,0.0,0.0
BitRate blocking probability per pair and bitRate,0,300.0Gbps,1,12, ,0.0,0.0,0.0,0.0,0.0
BitRate blocking probability per pair and bitRate,0,300.0Gbps,11,5, ,0.0,0.0,0.0,0.0,0.0
BitRate blocking probability per pair and bitRate,0,300.0Gbps,22,7, ,0.0,0.0,0.0,0.0,0.0
BitRate blocking probability per pair and bitRate,0,300.0Gbps,22,8, ,0.0,0.0,0.0,0.0,0.0
BitRate blocking probability per pair and bitRate,0,300.0Gbps,20,22, ,0.0,0.0,0.0,0.0,0.0
BitRate blocking probability per pair and bitRate,0,300.0Gbps,13,24, ,0.0,0.0,0.0,0.0,0.0
BitRate blocking probability per pair and bitRate,0,300.0Gbps,1,7, ,0.0,0.0,0.0,0.0,0.0
BitRate blocking probability per pair and bitRate,0,300.0Gbps,17,20, ,0.0,0.0,0.0,0.0,0.0
BitRate blocking probability per pair and bitRate,0,300.0Gbps,16,18, ,0.0,0.0,0.0,0.0,0.0
BitRate blocking probability per pair and bitRate,0,300.0Gbps,16,8, ,0.0,0.0,0.0,0.0,0.0
BitRate blocking probability per pair and bitRate,0,300.0Gbps,12,15, ,0.0,0.0,0.0,0.0,0.0
BitRate blocking probability per pair and bitRate,0,300.0Gbps,17,5, ,0.0,0.0,0.0,0.0,0.0
BitRate blocking probability per pair and bitRate,0,300.0Gbps,23,14, ,0.0,0.0,0.0,0.0,0.0
BitRate blocking probability per pair and bitRate,0,300.0Gbps,1,19, ,0.0,0.0,0.0,0.0,0.0
BitRate blocking probability per pair and bitRate,0,300.0Gbps,17,7, ,0.0,0.0,0.0,0.0,0.0
BitRate blocking probability per pair and bitRate,0,300.0Gbps,18,9, ,0.0,0.0,0.0,0.0,0.0
BitRate blocking probability per pair and bitRate,0,300.0Gbps,18,23, ,0.0,0.0,0.0,0.0,0.0
BitRate blocking probability per pair and bitRate,0,300.0Gbps,13,22, ,0.0,0.0,0.0,0.0,0.0
BitRate blocking probability per pair and bitRate,0,300.0Gbps,7,6, ,0.0,0.0,0.0,0.0,0.0
BitRate blocking probability per pair and bitRate,0,300.0Gbps,9,23, ,0.0,0.0,0.0,0.0,0.0
BitRate blocking probability per pair and bitRate,0,300.0Gbps,13,6, ,0.0,0.0,0.0,0.0,0.0
BitRate blocking probability per pair and bitRate,0,300.0Gbps,15,8, ,0.0,0.0,0.0,0.0,0.0
BitRate blocking probability per pair and bitRate,0,300.0Gbps,13,14, ,0.0,0.0,0.0,0.0,0.0
BitRate blocking probability per pair and bitRate,0,300.0Gbps,20,3, ,0.0,0.0,0.0,0.0,0.0
BitRate blocking probability per pair and bitRate,0,300.0Gbps,21,16, ,0.0,0.0,0.0,0.0,0.0
BitRate blocking probability per pair and bitRate,0,300.0Gbps,3,16, ,0.0,0.0,0.0,0.0,0.0
BitRate blocking probability per pair and bitRate,0,300.0Gbps,22,13, ,0.0,0.0,0.0,0.0,0.0
BitRate blocking probability per pair and bitRate,0,300.0Gbps,3,14, ,0.0,0.0,0.0,0.0,0.0
BitRate blocking probability per pair and bitRate,0,300.0Gbps,3,7, ,0.0,0.0,0.0,0.0,0.0
BitRate blocking probability per pair and bitRate,0,300.0Gbps,10,22, ,0.0,0.0,0.0,0.0,0.0
BitRate blocking probability per pair and bitRate,0,300.0Gbps,8,10, ,0.0,0.0,0.0,0.0,0.0
BitRate blocking probability per pair and bitRate,0,300.0Gbps,22,6, ,0.0,0.0,0.0,0.0,0.0
BitRate blocking probability per pair and bitRate,0,300.0Gbps,5,2, ,0.0,0.0,0.0,0.0,0.0
BitRate blocking probability per pair and bitRate,0,300.0Gbps,13,5, ,0.0,0.0,0.0,0.0,0.0
BitRate blocking probability per pair and bitRate,0,300.0Gbps,23,8, ,0.0,0.0,0.0,0.0,0.0
BitRate blocking probability per pair and bitRate,0,300.0Gbps,13,11, ,0.0,0.0,0.0,0.0,0.0
BitRate blocking probability per pair and bitRate,0,300.0Gbps,13,7, ,0.0,0.0,0.0,0.0,0.0
BitRate blocking probability per pair and bitRate,0,300.0Gbps,3,13, ,0.0,0.0,0.0,0.0,0.0
BitRate blocking probability per pair and bitRate,0,300.0Gbps,10,12, ,0.0,0.0,0.0,0.0,0.0
BitRate blocking probability per pair and bitRate,0,300.0Gbps,24,11, ,0.0,0.0,0.0,0.0,0.0
BitRate blocking probability per pair and bitRate,0,300.0Gbps,9,7, ,0.0,0.0,0.0,0.0,0.0
BitRate blocking probability per pair and bitRate,0,300.0Gbps,24,12, ,0.0,0.0,0.0,0.0,0.0
BitRate blocking probability per pair and bitRate,0,300.0Gbps,15,3, ,0.0,0.0,0.0,0.0,0.0
BitRate blocking probability per pair and bitRate,0,300.0Gbps,22,11, ,0.0,0.0,0.0,0.0,0.0
BitRate blocking probability per pair and bitRate,0,300.0Gbps,18,19, ,0.0,0.0,0.0,0.0,0.0
BitRate blocking probability per pair and bitRate,0,300.0Gbps,16,7, ,0.0,0.0,0.0,0.0,0.0
BitRate blocking probability per pair and bitRate,0,300.0Gbps,5,24, ,0.0,0.0,0.0,0.0,0.0
BitRate blocking probability per pair and bitRate,0,300.0Gbps,10,19, ,0.0,0.0,0.0,0.0,0.0
BitRate blocking probability per pair and bitRate,0,300.0Gbps,23,13, ,0.0,0.0,0.0,0.0,0.0
BitRate blocking probability per pair and bitRate,0,300.0Gbps,12,3, ,0.0,0.0,0.0,0.0,0.0
BitRate blocking probability per pair and bitRate,0,300.0Gbps,9,10, ,0.0,0.0,0.0,0.0,0.0
BitRate blocking probability per pair and bitRate,0,300.0Gbps,4,18, ,0.0,0.0,0.0,0.0,0.0
BitRate blocking probability per pair and bitRate,0,300.0Gbps,4,19, ,0.0,0.0,0.0,0.0,0.0
BitRate blocking probability per pair and bitRate,0,300.0Gbps,17,15, ,0.0,0.0,0.0,0.0,0.0
BitRate blocking probability per pair and bitRate,0,300.0Gbps,2,22, ,0.0,0.0,0.0,0.0,0.0
BitRate blocking probability per pair and bitRate,0,300.0Gbps,11,17, ,0.0,0.0,0.0,0.0,0.0
BitRate blocking probability per pair and bitRate,0,300.0Gbps,18,13, ,0.0,0.0,0.0,0.0,0.0
BitRate blocking probability per pair and bitRate,0,300.0Gbps,24,10, ,0.0,0.0,0.0,0.0,0.0
BitRate blocking probability per pair and bitRate,0,300.0Gbps,11,13, ,0.0,0.0,0.0,0.0,0.0
BitRate blocking probability per pair and bitRate,0,300.0Gbps,12,22, ,0.0,0.0,0.0,0.0,0.0
BitRate blocking probability per pair and bitRate,0,300.0Gbps,20,23, ,0.0,0.0,0.0,0.0,0.0
BitRate blocking probability per pair and bitRate,0,300.0Gbps,4,7, ,0.0,0.0,0.0,0.0,0.0
BitRate blocking probability per pair and bitRate,0,300.0Gbps,9,12, ,0.0,0.0,0.0,0.0,0.0
BitRate blocking probability per pair and bitRate,0,300.0Gbps,4,13, ,0.0,0.0,0.0,0.0,0.0
BitRate blocking probability per pair and bitRate,0,300.0Gbps,20,13, ,0.0,0.0,0.0,0.0,0.0
BitRate blocking probability per pair and bitRate,0,300.0Gbps,10,3, ,0.0,0.0,0.0,0.0,0.0
BitRate blocking probability per pair and bitRate,0,300.0Gbps,21,3, ,0.0,0.0,0.0,0.0,0.0
BitRate blocking probability per pair and bitRate,0,300.0Gbps,7,9, ,0.0,0.0,0.0,0.0,0.0
BitRate blocking probability per pair and bitRate,0,300.0Gbps,12,19, ,0.0,0.0,0.0,0.0,0.0
BitRate blocking probability per pair and bitRate,0,300.0Gbps,19,16, ,0.0,0.0,0.0,0.0,0.0
BitRate blocking probability per pair and bitRate,0,300.0Gbps,20,11, ,0.0,0.0,0.0,0.0,0.0
BitRate blocking probability per pair and bitRate,0,300.0Gbps,22,9, ,0.0,0.0,0.0,0.0,0.0
BitRate blocking probability per pair and bitRate,0,300.0Gbps,7,11, ,0.0,0.0,0.0,0.0,0.0
BitRate blocking probability per pair and bitRate,0,300.0Gbps,6,1, ,0.0,0.0,0.0,0.0,0.0
BitRate blocking probability per pair and bitRate,0,300.0Gbps,6,14, ,0.0,0.0,0.0,0.0,0.0
BitRate blocking probability per pair and bitRate,0,300.0Gbps,21,1, ,0.0,0.0,0.0,0.0,0.0
BitRate blocking probability per pair and bitRate,0,300.0Gbps,4,23, ,0.0,0.0,0.0,0.0,0.0
BitRate blocking probability per pair and bitRate,0,300.0Gbps,1,5, ,0.0,0.0,0.0,0.0,0.0
BitRate blocking probability per pair and bitRate,0,300.0Gbps,3,22, ,0.0,0.0,0.0,0.0,0.0
BitRate blocking probability per pair and bitRate,0,300.0Gbps,5,23, ,0.0,0.0,0.0,0.0,0.0
BitRate blocking probability per pair and bitRate,0,300.0Gbps,14,9, ,0.0,0.0,0.0,0.0,0.0
BitRate blocking probability per pair and bitRate,0,300.0Gbps,23,6, ,0.0,0.0,0.0,0.0,0.0
BitRate blocking probability per pair and bitRate,0,300.0Gbps,6,19, ,0.0,0.0,0.0,0.0,0.0
BitRate blocking probability per pair and bitRate,0,300.0Gbps,14,13, ,0.0,0.0,0.0,0.0,0.0
BitRate blocking probability per pair and bitRate,0,300.0Gbps,14,11, ,0.0,0.0,0.0,0.0,0.0
BitRate blocking probability per pair and bitRate,0,300.0Gbps,12,21, ,0.0,0.0,0.0,0.0,0.0
BitRate blocking probability per pair and bitRate,0,300.0Gbps,2,8, ,0.0,0.0,0.0,0.0,0.0
BitRate blocking probability per pair and bitRate,0,300.0Gbps,16,13, ,0.0,0.0,0.0,0.0,0.0
BitRate blocking probability per pair and bitRate,0,300.0Gbps,20,18, ,0.0,0.0,0.0,0.0,0.0
BitRate blocking probability per pair and bitRate,0,300.0Gbps,6,9, ,0.0,0.0,0.0,0.0,0.0
BitRate blocking probability per pair and bitRate,0,300.0Gbps,6,23, ,0.0,0.0,0.0,0.0,0.0
BitRate blocking probability per pair and bitRate,0,300.0Gbps,10,4, ,0.0,0.0,0.0,0.0,0.0
BitRate blocking probability per pair and bitRate,0,300.0Gbps,17,23, ,0.0,0.0,0.0,0.0,0.0
BitRate blocking probability per pair and bitRate,0,300.0Gbps,17,18, ,0.0,0.0,0.0,0.0,0.0
BitRate blocking probability per pair and bitRate,0,300.0Gbps,14,12, ,0.0,0.0,0.0,0.0,0.0
BitRate blocking probability per pair and bitRate,0,300.0Gbps,14,17, ,0.0,0.0,0.0,0.0,0.0
BitRate blocking probability per pair and bitRate,0,300.0Gbps,19,7, ,0.0,0.0,0.0,0.0,0.0
BitRate blocking probability per pair and bitRate,0,300.0Gbps,7,24, ,0.0,0.0,0.0,0.0,0.0
BitRate blocking probability per pair and bitRate,0,300.0Gbps,11,18, ,0.0,0.0,0.0,0.0,0.0
BitRate blocking probability per pair and bitRate,0,300.0Gbps,11,10, ,0.0,0.0,0.0,0.0,0.0
BitRate blocking probability per pair and bitRate,0,300.0Gbps,14,22, ,0.0,0.0,0.0,0.0,0.0
BitRate blocking probability per pair and bitRate,0,300.0Gbps,4,9, ,0.0,0.0,0.0,0.0,0.0
BitRate blocking probability per pair and bitRate,0,300.0Gbps,22,21, ,0.0,0.0,0.0,0.0,0.0
BitRate blocking probability per pair and bitRate,0,300.0Gbps,22,24, ,0.0,0.0,0.0,0.0,0.0
BitRate blocking probability per pair and bitRate,0,300.0Gbps,8,15, ,0.0,0.0,0.0,0.0,0.0
BitRate blocking probability per pair and bitRate,0,300.0Gbps,12,5, ,0.0,0.0,0.0,0.0,0.0
BitRate blocking probability per pair and bitRate,0,300.0Gbps,7,23, ,0.0,0.0,0.0,0.0,0.0
BitRate blocking probability per pair and bitRate,0,300.0Gbps,24,14, ,0.0,0.0,0.0,0.0,0.0
BitRate blocking probability per pair and bitRate,0,300.0Gbps,1,2, ,0.0,0.0,0.0,0.0,0.0
BitRate blocking probability per pair and bitRate,0,300.0Gbps,15,22, ,0.0,0.0,0.0,0.0,0.0
BitRate blocking probability per pair and bitRate,0,300.0Gbps,19,14, ,0.0,0.0,0.0,0.0,0.0
BitRate blocking probability per pair and bitRate,0,300.0Gbps,21,23, ,0.0,0.0,0.0,0.0,0.0
BitRate blocking probability per pair and bitRate,0,300.0Gbps,8,1, ,0.0,0.0,0.0,0.0,0.0
BitRate blocking probability per pair and bitRate,0,300.0Gbps,18,10, ,0.0,0.0,0.0,0.0,0.0
BitRate blocking probability per pair and bitRate,0,300.0Gbps,17,3, ,0.0,0.0,0.0,0.0,0.0
BitRate blocking probability per pair and bitRate,0,300.0Gbps,5,9, ,0.0,0.0,0.0,0.0,0.0
BitRate blocking probability per pair and bitRate,0,300.0Gbps,19,8, ,0.0,0.0,0.0,0.0,0.0
BitRate blocking probability per pair and bitRate,0,300.0Gbps,4,21, ,0.0,0.0,0.0,0.0,0.0
BitRate blocking probability per pair and bitRate,0,300.0Gbps,8,16, ,0.0,0.0,0.0,0.0,0.0
BitRate blocking probability per pair and bitRate,0,300.0Gbps,5,12, ,0.0,0.0,0.0,0.0,0.0
BitRate blocking probability per pair and bitRate,0,300.0Gbps,6,16, ,0.0,0.0,0.0,0.0,0.0
BitRate blocking probability per pair and bitRate,0,300.0Gbps,20,10, ,0.0,0.0,0.0,0.0,0.0
BitRate blocking probability per pair and bitRate,0,300.0Gbps,2,15, ,0.0,0.0,0.0,0.0,0.0
BitRate blocking probability per pair and bitRate,0,300.0Gbps,20,6, ,0.0,0.0,0.0,0.0,0.0
BitRate blocking probability per pair and bitRate,0,300.0Gbps,21,13, ,0.0,0.0,0.0,0.0,0.0
BitRate blocking probability per pair and bitRate,0,300.0Gbps,6,21, ,0.0,0.0,0.0,0.0,0.0
BitRate blocking probability per pair and bitRate,0,300.0Gbps,18,16, ,0.0,0.0,0.0,0.0,0.0
BitRate blocking probability per pair and bitRate,0,300.0Gbps,5,21, ,0.0,0.0,0.0,0.0,0.0
BitRate blocking probability per pair and bitRate,0,300.0Gbps,15,11, ,0.0,0.0,0.0,0.0,0.0
BitRate blocking probability per pair and bitRate,0,300.0Gbps,8,12, ,0.0,0.0,0.0,0.0,0.0
BitRate blocking probability per pair and bitRate,0,300.0Gbps,19,1, ,0.0,0.0,0.0,0.0,0.0
BitRate blocking probability per pair and bitRate,0,300.0Gbps,21,14, ,0.0,0.0,0.0,0.0,0.0
BitRate blocking probability per pair and bitRate,0,300.0Gbps,2,13, ,0.0,0.0,0.0,0.0,0.0
BitRate blocking probability per pair and bitRate,0,300.0Gbps,17,6, ,0.0,0.0,0.0,0.0,0.0
BitRate blocking probability per pair and bitRate,0,300.0Gbps,24,1, ,0.0,0.0,0.0,0.0,0.0
BitRate blocking probability per pair and bitRate,0,300.0Gbps,8,3, ,0.0,0.0,0.0,0.0,0.0
BitRate blocking probability per pair and bitRate,0,300.0Gbps,1,22, ,0.0,0.0,0.0,0.0,0.0
BitRate blocking probability per pair and bitRate,0,300.0Gbps,23,3, ,0.0,0.0,0.0,0.0,0.0
BitRate blocking probability per pair and bitRate,0,300.0Gbps,2,1, ,0.0,0.0,0.0,0.0,0.0
BitRate blocking probability per pair and bitRate,0,300.0Gbps,15,23, ,0.0,0.0,0.0,0.0,0.0
BitRate blocking probability per pair and bitRate,0,300.0Gbps,19,15, ,0.0,0.0,0.0,0.0,0.0
BitRate blocking probability per pair and bitRate,0,300.0Gbps,2,23, ,0.0,0.0,0.0,0.0,0.0
BitRate blocking probability per pair and bitRate,0,300.0Gbps,13,17, ,0.0,0.0,0.0,0.0,0.0
BitRate blocking probability per pair and bitRate,0,300.0Gbps,1,10, ,0.0,0.0,0.0,0.0,0.0
BitRate blocking probability per pair and bitRate,0,300.0Gbps,5,22, ,0.0,0.0,0.0,0.0,0.0
BitRate blocking probability per pair and bitRate,0,300.0Gbps,18,24, ,0.0,0.0,0.0,0.0,0.0
BitRate blocking probability per pair and bitRate,0,300.0Gbps,19,23, ,0.0,0.0,0.0,0.0,0.0
BitRate blocking probability per pair and bitRate,0,300.0Gbps,20,8, ,0.0,0.0,0.0,0.0,0.0
BitRate blocking probability per pair and bitRate,0,300.0Gbps,10,6, ,0.0,0.0,0.0,0.0,0.0
BitRate blocking probability per pair and bitRate,0,300.0Gbps,2,6, ,0.0,0.0,0.0,0.0,0.0
BitRate blocking probability per pair and bitRate,0,300.0Gbps,16,14, ,0.0,0.0,0.0,0.0,0.0
BitRate blocking probability per pair and bitRate,0,300.0Gbps,24,19, ,0.0,0.0,0.0,0.0,0.0
BitRate blocking probability per pair and bitRate,0,300.0Gbps,23,19, ,0.0,0.0,0.0,0.0,0.0
BitRate blocking probability per pair and bitRate,0,300.0Gbps,12,2, ,0.0,0.0,0.0,0.0,0.0
BitRate blocking probability per pair and bitRate,0,300.0Gbps,23,1, ,0.0,0.0,0.0,0.0,0.0
BitRate blocking probability per pair and bitRate,0,300.0Gbps,15,7, ,0.0,0.0,0.0,0.0,0.0
BitRate blocking probability per pair and bitRate,0,300.0Gbps,22,12, ,0.0,0.0,0.0,0.0,0.0
BitRate blocking probability per pair and bitRate,0,300.0Gbps,3,6, ,0.0,0.0,0.0,0.0,0.0
BitRate blocking probability per pair and bitRate,0,300.0Gbps,4,2, ,0.0,0.0,0.0,0.0,0.0
BitRate blocking probability per pair and bitRate,0,300.0Gbps,13,1, ,0.0,0.0,0.0,0.0,0.0
BitRate blocking probability per pair and bitRate,0,300.0Gbps,6,5, ,0.0,0.0,0.0,0.0,0.0
BitRate blocking probability per pair and bitRate,0,300.0Gbps,16,22, ,0.0,0.0,0.0,0.0,0.0
BitRate blocking probability per pair and bitRate,0,300.0Gbps,7,5, ,0.0,0.0,0.0,0.0,0.0
BitRate blocking probability per pair and bitRate,0,300.0Gbps,6,24, ,0.0,0.0,0.0,0.0,0.0
BitRate blocking probability per pair and bitRate,0,300.0Gbps,18,17, ,0.0,0.0,0.0,0.0,0.0
BitRate blocking probability per pair and bitRate,0,300.0Gbps,22,3, ,0.0,0.0,0.0,0.0,0.0
BitRate blocking probability per pair and bitRate,0,300.0Gbps,13,4, ,0.0,0.0,0.0,0.0,0.0
BitRate blocking probability per pair and bitRate,0,300.0Gbps,16,5, ,0.0,0.0,0.0,0.0,0.0
BitRate blocking probability per pair and bitRate,0,300.0Gbps,18,11, ,0.0,0.0,0.0,0.0,0.0
BitRate blocking probability per pair and bitRate,0,300.0Gbps,6,11, ,0.0,0.0,0.0,0.0,0.0
BitRate blocking probability per pair and bitRate,0,300.0Gbps,17,13, ,0.0,0.0,0.0,0.0,0.0
BitRate blocking probability per pair and bitRate,0,300.0Gbps,7,3, ,0.0,0.0,0.0,0.0,0.0
BitRate blocking probability per pair and bitRate,0,300.0Gbps,22,23, ,0.0,0.0,0.0,0.0,0.0
BitRate blocking probability per pair and bitRate,0,300.0Gbps,10,13, ,0.0,0.0,0.0,0.0,0.0
BitRate blocking probability per pair and bitRate,0,300.0Gbps,14,7, ,0.0,0.0,0.0,0.0,0.0
BitRate blocking probability per pair and bitRate,0,300.0Gbps,20,16, ,0.0,0.0,0.0,0.0,0.0
BitRate blocking probability per pair and bitRate,0,300.0Gbps,14,8, ,0.0,0.0,0.0,0.0,0.0
BitRate blocking probability per pair and bitRate,0,300.0Gbps,7,4, ,0.0,0.0,0.0,0.0,0.0
BitRate blocking probability per pair and bitRate,0,300.0Gbps,8,14, ,0.0,0.0,0.0,0.0,0.0
BitRate blocking probability per pair and bitRate,0,300.0Gbps,3,12, ,0.0,0.0,0.0,0.0,0.0
BitRate blocking probability per pair and bitRate,0,300.0Gbps,7,2, ,0.0,0.0,0.0,0.0,0.0
BitRate blocking probability per pair and bitRate,0,300.0Gbps,10,11, ,0.0,0.0,0.0,0.0,0.0
BitRate blocking probability per pair and bitRate,0,300.0Gbps,11,14, ,0.0,0.0,0.0,0.0,0.0
BitRate blocking probability per pair and bitRate,0,300.0Gbps,20,24, ,0.0,0.0,0.0,0.0,0.0
BitRate blocking probability per pair and bitRate,0,300.0Gbps,20,4, ,0.0,0.0,0.0,0.0,0.0
BitRate blocking probability per pair and bitRate,0,300.0Gbps,23,2, ,0.0,0.0,0.0,0.0,0.0
BitRate blocking probability per pair and bitRate,0,300.0Gbps,22,2, ,0.0,0.0,0.0,0.0,0.0
BitRate blocking probability per pair and bitRate,0,300.0Gbps,22,19, ,0.0,0.0,0.0,0.0,0.0
BitRate blocking probability per pair and bitRate,0,300.0Gbps,24,23, ,0.0,0.0,0.0,0.0,0.0
BitRate blocking probability per pair and bitRate,0,300.0Gbps,6,17, ,0.0,0.0,0.0,0.0,0.0
BitRate blocking probability per pair and bitRate,0,300.0Gbps,4,15, ,0.0,0.0,0.0,0.0,0.0
BitRate blocking probability per pair and bitRate,0,300.0Gbps,20,7, ,0.0,0.0,0.0,0.0,0.0
BitRate blocking probability per pair and bitRate,0,300.0Gbps,10,8, ,0.0,0.0,0.0,0.0,0.0
BitRate blocking probability per pair and bitRate,0,300.0Gbps,10,24, ,0.0,0.0,0.0,0.0,0.0
BitRate blocking probability per pair and bitRate,0,300.0Gbps,12,16, ,0.0,0.0,0.0,0.0,0.0
BitRate blocking probability per pair and bitRate,0,300.0Gbps,8,13, ,0.0,0.0,0.0,0.0,0.0
BitRate blocking probability per pair and bitRate,0,300.0Gbps,11,4, ,0.0,0.0,0.0,0.0,0.0
BitRate blocking probability per pair and bitRate,0,300.0Gbps,22,17, ,0.0,0.0,0.0,0.0,0.0
BitRate blocking probability per pair and bitRate,0,300.0Gbps,4,1, ,0.0,0.0,0.0,0.0,0.0
BitRate blocking probability per pair and bitRate,0,300.0Gbps,14,6, ,0.0,0.0,0.0,0.0,0.0
BitRate blocking probability per pair and bitRate,0,300.0Gbps,14,10, ,0.0,0.0,0.0,0.0,0.0
BitRate blocking probability per pair and bitRate,0,300.0Gbps,24,6, ,0.0,0.0,0.0,0.0,0.0
BitRate blocking probability per pair and bitRate,0,300.0Gbps,15,2, ,0.0,0.0,0.0,0.0,0.0
BitRate blocking probability per pair and bitRate,0,300.0Gbps,22,10, ,0.0,0.0,0.0,0.0,0.0
BitRate blocking probability per pair and bitRate,0,300.0Gbps,4,17, ,0.0,0.0,0.0,0.0,0.0
BitRate blocking probability per pair and bitRate,0,300.0Gbps,17,2, ,0.0,0.0,0.0,0.0,0.0
BitRate blocking probability per pair and bitRate,0,300.0Gbps,18,20, ,0.0,0.0,0.0,0.0,0.0
BitRate blocking probability per pair and bitRate,0,300.0Gbps,17,21, ,0.0,0.0,0.0,0.0,0.0
BitRate blocking probability per pair and bitRate,0,300.0Gbps,18,6, ,0.0,0.0,0.0,0.0,0.0
BitRate blocking probability per pair and bitRate,0,300.0Gbps,10,15, ,0.0,0.0,0.0,0.0,0.0
BitRate blocking probability per pair and bitRate,0,300.0Gbps,4,11, ,0.0,0.0,0.0,0.0,0.0
BitRate blocking probability per pair and bitRate,0,300.0Gbps,2,21, ,0.0,0.0,0.0,0.0,0.0
BitRate blocking probability per pair and bitRate,0,300.0Gbps,19,9, ,0.0,0.0,0.0,0.0,0.0
BitRate blocking probability per pair and bitRate,0,300.0Gbps,5,8, ,0.0,0.0,0.0,0.0,0.0
BitRate blocking probability per pair and bitRate,0,300.0Gbps,5,3, ,0.0,0.0,0.0,0.0,0.0
BitRate blocking probability per pair and bitRate,0,300.0Gbps,11,6, ,0.0,0.0,0.0,0.0,0.0
BitRate blocking probability per pair and bitRate,0,300.0Gbps,8,2, ,0.0,0.0,0.0,0.0,0.0
BitRate blocking probability per pair and bitRate,0,300.0Gbps,9,24, ,0.0,0.0,0.0,0.0,0.0
BitRate blocking probability per pair and bitRate,0,300.0Gbps,16,23, ,0.0,0.0,0.0,0.0,0.0
BitRate blocking probability per pair and bitRate,0,300.0Gbps,2,16, ,0.0,0.0,0.0,0.0,0.0
BitRate blocking probability per pair and bitRate,0,300.0Gbps,16,17, ,0.0,0.0,0.0,0.0,0.0
BitRate blocking probability per pair and bitRate,0,300.0Gbps,23,18, ,0.0,0.0,0.0,0.0,0.0
BitRate blocking probability per pair and bitRate,0,300.0Gbps,7,1, ,0.0,0.0,0.0,0.0,0.0
BitRate blocking probability per pair and bitRate,0,300.0Gbps,11,24, ,0.0,0.0,0.0,0.0,0.0
BitRate blocking probability per pair and bitRate,0,300.0Gbps,2,10, ,0.0,0.0,0.0,0.0,0.0
BitRate blocking probability per pair and bitRate,0,300.0Gbps,4,6, ,0.0,0.0,0.0,0.0,0.0
BitRate blocking probability per pair and bitRate,0,300.0Gbps,15,13, ,0.0,0.0,0.0,0.0,0.0
BitRate blocking probability per pair and bitRate,0,300.0Gbps,21,12, ,0.0,0.0,0.0,0.0,0.0
BitRate blocking probability per pair and bitRate,0,300.0Gbps,5,6, ,0.0,0.0,0.0,0.0,0.0
BitRate blocking probability per pair and bitRate,0,300.0Gbps,10,18, ,0.0,0.0,0.0,0.0,0.0
BitRate blocking probability per pair and bitRate,0,300.0Gbps,14,23, ,0.0,0.0,0.0,0.0,0.0
BitRate blocking probability per pair and bitRate,0,300.0Gbps,21,8, ,0.0,0.0,0.0,0.0,0.0
BitRate blocking probability per pair and bitRate,0,300.0Gbps,11,3, ,0.0,0.0,0.0,0.0,0.0
BitRate blocking probability per pair and bitRate,0,300.0Gbps,13,16, ,0.0,0.0,0.0,0.0,0.0
BitRate blocking probability per pair and bitRate,0,300.0Gbps,22,16, ,0.0,0.0,0.0,0.0,0.0
BitRate blocking probability per pair and bitRate,0,300.0Gbps,21,5, ,0.0,0.0,0.0,0.0,0.0
BitRate blocking probability per pair and bitRate,0,300.0Gbps,23,24, ,0.0,0.0,0.0,0.0,0.0
BitRate blocking probability per pair and bitRate,0,300.0Gbps,9,6, ,0.0,0.0,0.0,0.0,0.0
BitRate blocking probability per pair and bitRate,0,300.0Gbps,20,9, ,0.0,0.0,0.0,0.0,0.0
BitRate blocking probability per pair and bitRate,0,300.0Gbps,16,6, ,0.0,0.0,0.0,0.0,0.0
BitRate blocking probability per pair and bitRate,0,300.0Gbps,15,4, ,0.0,0.0,0.0,0.0,0.0
BitRate blocking probability per pair and bitRate,0,300.0Gbps,3,4, ,0.0,0.0,0.0,0.0,0.0
BitRate blocking probability per pair and bitRate,0,300.0Gbps,17,10, ,0.0,0.0,0.0,0.0,0.0
BitRate blocking probability per pair and bitRate,0,300.0Gbps,12,10, ,0.0,0.0,0.0,0.0,0.0
BitRate blocking probability per pair and bitRate,0,300.0Gbps,12,7, ,0.0,0.0,0.0,0.0,0.0
BitRate blocking probability per pair and bitRate,0,300.0Gbps,3,17, ,0.0,0.0,0.0,0.0,0.0
BitRate blocking probability per pair and bitRate,0,500.0Gbps,11,2, ,0.0,0.0,0.0,0.0,0.0
BitRate blocking probability per pair and bitRate,0,500.0Gbps,1,23, ,0.0,0.0,0.0,0.0,0.0
BitRate blocking probability per pair and bitRate,0,500.0Gbps,2,9, ,0.0,0.0,0.0,0.0,0.0
BitRate blocking probability per pair and bitRate,0,500.0Gbps,1,20, ,0.0,0.0,0.0,0.0,0.0
BitRate blocking probability per pair and bitRate,0,500.0Gbps,17,24, ,0.0,0.0,0.0,0.0,0.0
BitRate blocking probability per pair and bitRate,0,500.0Gbps,21,15, ,0.0,0.0,0.0,0.0,0.0
BitRate blocking probability per pair and bitRate,0,500.0Gbps,19,11, ,0.0,0.0,0.0,0.0,0.0
BitRate blocking probability per pair and bitRate,0,500.0Gbps,3,1, ,0.0,0.0,0.0,0.0,0.0
BitRate blocking probability per pair and bitRate,0,500.0Gbps,24,2, ,0.0,0.0,0.0,0.0,0.0
BitRate blocking probability per pair and bitRate,0,500.0Gbps,23,22, ,0.0,0.0,0.0,0.0,0.0
BitRate blocking probability per pair and bitRate,0,500.0Gbps,17,22, ,0.0,0.0,0.0,0.0,0.0
BitRate blocking probability per pair and bitRate,0,500.0Gbps,15,20, ,0.0,0.0,0.0,0.0,0.0
BitRate blocking probability per pair and bitRate,0,500.0Gbps,2,7, ,0.0,0.0,0.0,0.0,0.0
BitRate blocking probability per pair and bitRate,0,500.0Gbps,10,1, ,0.0,0.0,0.0,0.0,0.0
BitRate blocking probability per pair and bitRate,0,500.0Gbps,14,16, ,0.0,0.0,0.0,0.0,0.0
BitRate blocking probability per pair and bitRate,0,500.0Gbps,13,18, ,0.0,0.0,0.0,0.0,0.0
BitRate blocking probability per pair and bitRate,0,500.0Gbps,11,7, ,0.0,0.0,0.0,0.0,0.0
BitRate blocking probability per pair and bitRate,0,500.0Gbps,15,10, ,0.0,0.0,0.0,0.0,0.0
BitRate blocking probability per pair and bitRate,0,500.0Gbps,17,4, ,0.0,0.0,0.0,0.0,0.0
BitRate blocking probability per pair and bitRate,0,500.0Gbps,15,19, ,0.0,0.0,0.0,0.0,0.0
BitRate blocking probability per pair and bitRate,0,500.0Gbps,9,22, ,0.0,0.0,0.0,0.0,0.0
BitRate blocking probability per pair and bitRate,0,500.0Gbps,9,19, ,0.0,0.0,0.0,0.0,0.0
BitRate blocking probability per pair and bitRate,0,500.0Gbps,24,7, ,0.0,0.0,0.0,0.0,0.0
BitRate blocking probability per pair and bitRate,0,500.0Gbps,1,18, ,0.0,0.0,0.0,0.0,0.0
BitRate blocking probability per pair and bitRate,0,500.0Gbps,19,4, ,0.0,0.0,0.0,0.0,0.0
BitRate blocking probability per pair and bitRate,0,500.0Gbps,5,1, ,0.0,0.0,0.0,0.0,0.0
BitRate blocking probability per pair and bitRate,0,500.0Gbps,5,20, ,0.0,0.0,0.0,0.0,0.0
BitRate blocking probability per pair and bitRate,0,500.0Gbps,21,24, ,0.0,0.0,0.0,0.0,0.0
BitRate blocking probability per pair and bitRate,0,500.0Gbps,9,1, ,0.0,0.0,0.0,0.0,0.0
BitRate blocking probability per pair and bitRate,0,500.0Gbps,9,21, ,0.0,0.0,0.0,0.0,0.0
BitRate blocking probability per pair and bitRate,0,500.0Gbps,14,15, ,0.0,0.0,0.0,0.0,0.0
BitRate blocking probability per pair and bitRate,0,500.0Gbps,8,4, ,0.0,0.0,0.0,0.0,0.0
BitRate blocking probability per pair and bitRate,0,500.0Gbps,8,21, ,0.0,0.0,0.0,0.0,0.0
BitRate blocking probability per pair and bitRate,0,500.0Gbps,6,3, ,0.0,0.0,0.0,0.0,0.0
BitRate blocking probability per pair and bitRate,0,500.0Gbps,9,2, ,0.0,0.0,0.0,0.0,0.0
BitRate blocking probability per pair and bitRate,0,500.0Gbps,16,2, ,0.0,0.0,0.0,0.0,0.0
BitRate blocking probability per pair and bitRate,0,500.0Gbps,9,4, ,0.0,0.0,0.0,0.0,0.0
BitRate blocking probability per pair and bitRate,0,500.0Gbps,23,21, ,0.0,0.0,0.0,0.0,0.0
BitRate blocking probability per pair and bitRate,0,500.0Gbps,19,24, ,0.0,0.0,0.0,0.0,0.0
BitRate blocking probability per pair and bitRate,0,500.0Gbps,22,15, ,0.0,0.0,0.0,0.0,0.0
BitRate blocking probability per pair and bitRate,0,500.0Gbps,23,17, ,0.0,0.0,0.0,0.0,0.0
BitRate blocking probability per pair and bitRate,0,500.0Gbps,8,11, ,0.0,0.0,0.0,0.0,0.0
BitRate blocking probability per pair and bitRate,0,500.0Gbps,24,17, ,0.0,0.0,0.0,0.0,0.0
BitRate blocking probability per pair and bitRate,0,500.0Gbps,22,18, ,0.0,0.0,0.0,0.0,0.0
BitRate blocking probability per pair and bitRate,0,500.0Gbps,5,11, ,0.0,0.0,0.0,0.0,0.0
BitRate blocking probability per pair and bitRate,0,500.0Gbps,4,8, ,0.0,0.0,0.0,0.0,0.0
BitRate blocking probability per pair and bitRate,0,500.0Gbps,23,9, ,0.0,0.0,0.0,0.0,0.0
BitRate blocking probability per pair and bitRate,0,500.0Gbps,6,12, ,0.0,0.0,0.0,0.0,0.0
BitRate blocking probability per pair and bitRate,0,500.0Gbps,4,5, ,0.0,0.0,0.0,0.0,0.0
BitRate blocking probability per pair and bitRate,0,500.0Gbps,16,9, ,0.0,0.0,0.0,0.0,0.0
BitRate blocking probability per pair and bitRate,0,500.0Gbps,16,11, ,0.0,0.0,0.0,0.0,0.0
BitRate blocking probability per pair and bitRate,0,500.0Gbps,24,20, ,0.0,0.0,0.0,0.0,0.0
BitRate blocking probability per pair and bitRate,0,500.0Gbps,12,14, ,0.0,0.0,0.0,0.0,0.0
BitRate blocking probability per pair and bitRate,0,500.0Gbps,20,5, ,0.0,0.0,0.0,0.0,0.0
BitRate blocking probability per pair and bitRate,0,500.0Gbps,11,12, ,0.0,0.0,0.0,0.0,0.0
BitRate blocking probability per pair and bitRate,0,500.0Gbps,7,14, ,0.0,0.0,0.0,0.0,0.0
BitRate blocking probability per pair and bitRate,0,500.0Gbps,10,23, ,0.0,0.0,0.0,0.0,0.0
BitRate blocking probability per pair and bitRate,0,500.0Gbps,22,20, ,0.0,0.0,0.0,0.0,0.0
BitRate blocking probability per pair and bitRate,0,500.0Gbps,17,11, ,0.0,0.0,0.0,0.0,0.0
BitRate blocking probability per pair and bitRate,0,500.0Gbps,3,10, ,0.0,0.0,0.0,0.0,0.0
BitRate blocking probability per pair and bitRate,0,500.0Gbps,17,14, ,0.0,0.0,0.0,0.0,0.0
BitRate blocking probability per pair and bitRate,0,500.0Gbps,10,7, ,0.0,0.0,0.0,0.0,0.0
BitRate blocking probability per pair and bitRate,0,500.0Gbps,3,2, ,0.0,0.0,0.0,0.0,0.0
BitRate blocking probability per pair and bitRate,0,500.0Gbps,3,5, ,0.0,0.0,0.0,0.0,0.0
BitRate blocking probability per pair and bitRate,0,500.0Gbps,22,1, ,0.0,0.0,0.0,0.0,0.0
BitRate blocking probability per pair and bitRate,0,500.0Gbps,1,14, ,0.0,0.0,0.0,0.0,0.0
BitRate blocking probability per pair and bitRate,0,500.0Gbps,24,8, ,0.0,0.0,0.0,0.0,0.0
BitRate blocking probability per pair and bitRate,0,500.0Gbps,11,21, ,0.0,0.0,0.0,0.0,0.0
BitRate blocking probability per pair and bitRate,0,500.0Gbps,20,14, ,0.0,0.0,0.0,0.0,0.0
BitRate blocking probability per pair and bitRate,0,500.0Gbps,8,6, ,0.0,0.0,0.0,0.0,0.0
BitRate blocking probability per pair and bitRate,0,500.0Gbps,21,11, ,0.0,0.0,0.0,0.0,0.0
BitRate blocking probability per pair and bitRate,0,500.0Gbps,11,8, ,0.0,0.0,0.0,0.0,0.0
BitRate blocking probability per pair and bitRate,0,500.0Gbps,21,19, ,0.0,0.0,0.0,0.0,0.0
BitRate blocking probability per pair and bitRate,0,500.0Gbps,17,1, ,0.0,0.0,0.0,0.0,0.0
BitRate blocking probability per pair and bitRate,0,500.0Gbps,11,22, ,0.0,0.0,0.0,0.0,0.0
BitRate blocking probability per pair and bitRate,0,500.0Gbps,24,21, ,0.0,0.0,0.0,0.0,0.0
BitRate blocking probability per pair and bitRate,0,500.0Gbps,19,22, ,0.0,0.0,0.0,0.0,0.0
BitRate blocking probability per pair and bitRate,0,500.0Gbps,7,12, ,0.0,0.0,0.0,0.0,0.0
BitRate blocking probability per pair and bitRate,0,500.0Gbps,7,22, ,0.0,0.0,0.0,0.0,0.0
BitRate blocking probability per pair and bitRate,0,500.0Gbps,23,5, ,0.0,0.0,0.0,0.0,0.0
BitRate blocking probability per pair and bitRate,0,500.0Gbps,21,17, ,0.0,0.0,0.0,0.0,0.0
BitRate blocking probability per pair and bitRate,0,500.0Gbps,1,11, ,0.0,0.0,0.0,0.0,0.0
BitRate blocking probability per pair and bitRate,0,500.0Gbps,18,12, ,0.0,0.0,0.0,0.0,0.0
BitRate blocking probability per pair and bitRate,0,500.0Gbps,23,10, ,0.0,0.0,0.0,0.0,0.0
BitRate blocking probability per pair and bitRate,0,500.0Gbps,18,7, ,0.0,0.0,0.0,0.0,0.0
BitRate blocking probability per pair and bitRate,0,500.0Gbps,24,22, ,0.0,0.0,0.0,0.0,0.0
BitRate blocking probability per pair and bitRate,0,500.0Gbps,21,2, ,0.0,0.0,0.0,0.0,0.0
BitRate blocking probability per pair and bitRate,0,500.0Gbps,16,4, ,0.0,0.0,0.0,0.0,0.0
BitRate blocking probability per pair and bitRate,0,500.0Gbps,10,9, ,0.0,0.0,0.0,0.0,0.0
BitRate blocking probability per pair and bitRate,0,500.0Gbps,22,5, ,0.0,0.0,0.0,0.0,0.0
BitRate blocking probability per pair and bitRate,0,500.0Gbps,9,17, ,0.0,0.0,0.0,0.0,0.0
BitRate blocking probability per pair and bitRate,0,500.0Gbps,8,20, ,0.0,0.0,0.0,0.0,0.0
BitRate blocking probability per pair and bitRate,0,500.0Gbps,1,24, ,0.0,0.0,0.0,0.0,0.0
BitRate blocking probability per pair and bitRate,0,500.0Gbps,2,14, ,0.0,0.0,0.0,0.0,0.0
BitRate blocking probability per pair and bitRate,0,500.0Gbps,5,18, ,0.0,0.0,0.0,0.0,0.0
BitRate blocking probability per pair and bitRate,0,500.0Gbps,8,9, ,0.0,0.0,0.0,0.0,0.0
BitRate blocking probability per pair and bitRate,0,500.0Gbps,9,13, ,0.0,0.0,0.0,0.0,0.0
BitRate blocking probability per pair and bitRate,0,500.0Gbps,24,13, ,0.0,0.0,0.0,0.0,0.0
BitRate blocking probability per pair and bitRate,0,500.0Gbps,2,17, ,0.0,0.0,0.0,0.0,0.0
BitRate blocking probability per pair and bitRate,0,500.0Gbps,20,1, ,0.0,0.0,0.0,0.0,0.0
BitRate blocking probability per pair and bitRate,0,500.0Gbps,19,2, ,0.0,0.0,0.0,0.0,0.0
BitRate blocking probability per pair and bitRate,0,500.0Gbps,4,3, ,0.0,0.0,0.0,0.0,0.0
BitRate blocking probability per pair and bitRate,0,500.0Gbps,22,4, ,0.0,0.0,0.0,0.0,0.0
BitRate blocking probability per pair and bitRate,0,500.0Gbps,5,4, ,0.0,0.0,0.0,0.0,0.0
BitRate blocking probability per pair and bitRate,0,500.0Gbps,16,19, ,0.0,0.0,0.0,0.0,0.0
BitRate blocking probability per pair and bitRate,0,500.0Gbps,12,6, ,0.0,0.0,0.0,0.0,0.0
BitRate blocking probability per pair and bitRate,0,500.0Gbps,17,8, ,0.0,0.0,0.0,0.0,0.0
BitRate blocking probability per pair and bitRate,0,500.0Gbps,12,9, ,0.0,0.0,0.0,0.0,0.0
BitRate blocking probability per pair and bitRate,0,500.0Gbps,11,20, ,0.0,0.0,0.0,0.0,0.0
BitRate blocking probability per pair and bitRate,0,500.0Gbps,15,12, ,0.0,0.0,0.0,0.0,0.0
BitRate blocking probability per pair and bitRate,0,500.0Gbps,9,16, ,0.0,0.0,0.0,0.0,0.0
BitRate blocking probability per pair and bitRate,0,500.0Gbps,7,15, ,0.0,0.0,0.0,0.0,0.0
BitRate blocking probability per pair and bitRate,0,500.0Gbps,6,13, ,0.0,0.0,0.0,0.0,0.0
BitRate blocking probability per pair and bitRate,0,500.0Gbps,19,18, ,0.0,0.0,0.0,0.0,0.0
BitRate blocking probability per pair and bitRate,0,500.0Gbps,3,9, ,0.0,0.0,0.0,0.0,0.0
BitRate blocking probability per pair and bitRate,0,500.0Gbps,21,18, ,0.0,0.0,0.0,0.0,0.0
BitRate blocking probability per pair and bitRate,0,500.0Gbps,1,17, ,0.0,0.0,0.0,0.0,0.0
BitRate blocking probability per pair and bitRate,0,500.0Gbps,8,24, ,0.0,0.0,0.0,0.0,0.0
BitRate blocking probability per pair and bitRate,0,500.0Gbps,7,16, ,0.0,0.0,0.0,0.0,0.0
BitRate blocking probability per pair and bitRate,0,500.0Gbps,15,21, ,0.0,0.0,0.0,0.0,0.0
BitRate blocking probability per pair and bitRate,0,500.0Gbps,18,22, ,0.0,0.0,0.0,0.0,0.0
BitRate blocking probability per pair and bitRate,0,500.0Gbps,14,2, ,0.0,0.0,0.0,0.0,0.0
BitRate blocking probability per pair and bitRate,0,500.0Gbps,2,12, ,0.0,0.0,0.0,0.0,0.0
BitRate blocking probability per pair and bitRate,0,500.0Gbps,12,8, ,0.0,0.0,0.0,0.0,0.0
BitRate blocking probability per pair and bitRate,0,500.0Gbps,1,13, ,0.0,0.0,0.0,0.0,0.0
BitRate blocking probability per pair and bitRate,0,500.0Gbps,8,18, ,0.0,0.0,0.0,0.0,0.0
BitRate blocking probability per pair and bitRate,0,500.0Gbps,15,6, ,0.0,0.0,0.0,0.0,0.0
BitRate blocking probability per pair and bitRate,0,500.0Gbps,6,20, ,0.0,0.0,0.0,0.0,0.0
BitRate blocking probability per pair and bitRate,0,500.0Gbps,7,21, ,0.0,0.0,0.0,0.0,0.0
BitRate blocking probability per pair and bitRate,0,500.0Gbps,9,3, ,0.0,0.0,0.0,0.0,0.0
BitRate blocking probability per pair and bitRate,0,500.0Gbps,12,13, ,0.0,0.0,0.0,0.0,0.0
BitRate blocking probability per pair and bitRate,0,500.0Gbps,8,22, ,0.0,0.0,0.0,0.0,0.0
BitRate blocking probability per pair and bitRate,0,500.0Gbps,2,3, ,0.0,0.0,0.0,0.0,0.0
BitRate blocking probability per pair and bitRate,0,500.0Gbps,14,18, ,0.0,0.0,0.0,0.0,0.0
BitRate blocking probability per pair and bitRate,0,500.0Gbps,23,20, ,0.0,0.0,0.0,0.0,0.0
BitRate blocking probability per pair and bitRate,0,500.0Gbps,4,20, ,0.0,0.0,0.0,0.0,0.0
BitRate blocking probability per pair and bitRate,0,500.0Gbps,4,24, ,0.0,0.0,0.0,0.0,0.0
BitRate blocking probability per pair and bitRate,0,500.0Gbps,16,15, ,0.0,0.0,0.0,0.0,0.0
BitRate blocking probability per pair and bitRate,0,500.0Gbps,24,16, ,0.0,0.0,0.0,0.0,0.0
BitRate blocking probability per pair and bitRate,0,500.0Gbps,19,12, ,0.0,0.0,0.0,0.0,0.0
BitRate blocking probability per pair and bitRate,0,500.0Gbps,6,15, ,0.0,0.0,0.0,0.0,0.0
BitRate blocking probability per pair and bitRate,0,500.0Gbps,8,7, ,0.0,0.0,0.0,0.0,0.0
BitRate blocking probability per pair and bitRate,0,500.0Gbps,2,20, ,0.0,0.0,0.0,0.0,0.0
BitRate blocking probability per pair and bitRate,0,500.0Gbps,11,9, ,0.0,0.0,0.0,0.0,0.0
BitRate blocking probability per pair and bitRate,0,500.0Gbps,4,12, ,0.0,0.0,0.0,0.0,0.0
BitRate blocking probability per pair and bitRate,0,500.0Gbps,13,23, ,0.0,0.0,0.0,0.0,0.0
BitRate blocking probability per pair and bitRate,0,500.0Gbps,11,16, ,0.0,0.0,0.0,0.0,0.0
BitRate blocking probability per pair and bitRate,0,500.0Gbps,3,11, ,0.0,0.0,0.0,0.0,0.0
BitRate blocking probability per pair and bitRate,0,500.0Gbps,2,5, ,0.0,0.0,0.0,0.0,0.0
BitRate blocking probability per pair and bitRate,0,500.0Gbps,3,24, ,0.0,0.0,0.0,0.0,0.0
BitRate blocking probability per pair and bitRate,0,500.0Gbps,18,1, ,0.0,0.0,0.0,0.0,0.0
BitRate blocking probability per pair and bitRate,0,500.0Gbps,10,2, ,0.0,0.0,0.0,0.0,0.0
BitRate blocking probability per pair and bitRate,0,500.0Gbps,15,16, ,0.0,0.0,0.0,0.0,0.0
BitRate blocking probability per pair and bitRate,0,500.0Gbps,20,17, ,0.0,0.0,0.0,0.0,0.0
BitRate blocking probability per pair and bitRate,0,500.0Gbps,5,13, ,0.0,0.0,0.0,0.0,0.0
BitRate blocking probability per pair and bitRate,0,500.0Gbps,24,15, ,0.0,0.0,0.0,0.0,0.0
BitRate blocking probability per pair and bitRate,0,500.0Gbps,12,17, ,0.0,0.0,0.0,0.0,0.0
BitRate blocking probability per pair and bitRate,0,500.0Gbps,20,2, ,0.0,0.0,0.0,0.0,0.0
BitRate blocking probability per pair and bitRate,0,500.0Gbps,5,19, ,0.0,0.0,0.0,0.0,0.0
BitRate blocking probability per pair and bitRate,0,500.0Gbps,6,8, ,0.0,0.0,0.0,0.0,0.0
BitRate blocking probability per pair and bitRate,0,500.0Gbps,4,10, ,0.0,0.0,0.0,0.0,0.0
BitRate blocking probability per pair and bitRate,0,500.0Gbps,1,4, ,0.0,0.0,0.0,0.0,0.0
BitRate blocking probability per pair and bitRate,0,500.0Gbps,12,23, ,0.0,0.0,0.0,0.0,0.0
BitRate blocking probability per pair and bitRate,0,500.0Gbps,23,4, ,0.0,0.0,0.0,0.0,0.0
BitRate blocking probability per pair and bitRate,0,500.0Gbps,12,20, ,0.0,0.0,0.0,0.0,0.0
BitRate blocking probability per pair and bitRate,0,500.0Gbps,11,19, ,0.0,0.0,0.0,0.0,0.0
BitRate blocking probability per pair and bitRate,0,500.0Gbps,2,11, ,0.0,0.0,0.0,0.0,0.0
BitRate blocking probability per pair and bitRate,0,500.0Gbps,8,23, ,0.0,0.0,0.0,0.0,0.0
BitRate blocking probability per pair and bitRate,0,500.0Gbps,10,14, ,0.0,0.0,0.0,0.0,0.0
BitRate blocking probability per pair and bitRate,0,500.0Gbps,21,22, ,0.0,0.0,0.0,0.0,0.0
BitRate blocking probability per pair and bitRate,0,500.0Gbps,9,11, ,0.0,0.0,0.0,0.0,0.0
BitRate blocking probability per pair and bitRate,0,500.0Gbps,23,7, ,0.0,0.0,0.0,0.0,0.0
BitRate blocking probability per pair and bitRate,0,500.0Gbps,24,18, ,0.0,0.0,0.0,0.0,0.0
BitRate blocking probability per pair and bitRate,0,500.0Gbps,14,24, ,0.0,0.0,0.0,0.0,0.0
BitRate blocking probability per pair and bitRate,0,500.0Gbps,6,4, ,0.0,0.0,0.0,0.0,0.0
BitRate blocking probability per pair and bitRate,0,500.0Gbps,21,9, ,0.0,0.0,0.0,0.0,0.0
BitRate blocking probability per pair and bitRate,0,500.0Gbps,15,1, ,0.0,0.0,0.0,0.0,0.0
BitRate blocking probability per pair and bitRate,0,500.0Gbps,13,8, ,0.0,0.0,0.0,0.0,0.0
BitRate blocking probability per pair and bitRate,0,500.0Gbps,13,12, ,0.0,0.0,0.0,0.0,0.0
BitRate blocking probability per pair and bitRate,0,500.0Gbps,12,11, ,0.0,0.0,0.0,0.0,0.0
BitRate blocking probability per pair and bitRate,0,500.0Gbps,23,16, ,0.0,0.0,0.0,0.0,0.0
BitRate blocking probability per pair and bitRate,0,500.0Gbps,16,10, ,0.0,0.0,0.0,0.0,0.0
BitRate blocking probability per pair and bitRate,0,500.0Gbps,14,4, ,0.0,0.0,0.0,0.0,0.0
BitRate blocking probability per pair and bitRate,0,500.0Gbps,10,21, ,0.0,0.0,0.0,0.0,0.0
BitRate blocking probability per pair and bitRate,0,500.0Gbps,1,16, ,0.0,0.0,0.0,0.0,0.0
BitRate blocking probability per pair and bitRate,0,500.0Gbps,5,14, ,0.0,0.0,0.0,0.0,0.0
BitRate blocking probability per pair and bitRate,0,500.0Gbps,14,3, ,0.0,0.0,0.0,0.0,0.0
BitRate blocking probability per pair and bitRate,0,500.0Gbps,9,5, ,0.0,0.0,0.0,0.0,0.0
BitRate blocking probability per pair and bitRate,0,500.0Gbps,11,23, ,0.0,0.0,0.0,0.0,0.0
BitRate blocking probability per pair and bitRate,0,500.0Gbps,23,12, ,0.0,0.0,0.0,0.0,0.0
BitRate blocking probability per pair and bitRate,0,500.0Gbps,18,4, ,0.0,0.0,0.0,0.0,0.0
BitRate blocking probability per pair and bitRate,0,500.0Gbps,19,10, ,0.0,0.0,0.0,0.0,0.0
BitRate blocking probability per pair and bitRate,0,500.0Gbps,14,19, ,0.0,0.0,0.0,0.0,0.0
BitRate blocking probability per pair and bitRate,0,500.0Gbps,3,18, ,0.0,0.0,0.0,0.0,0.0
BitRate blocking probability per pair and bitRate,0,500.0Gbps,1,21, ,0.0,0.0,0.0,0.0,0.0
BitRate blocking probability per pair and bitRate,0,500.0Gbps,10,16, ,0.0,0.0,0.0,0.0,0.0
BitRate blocking probability per pair and bitRate,0,500.0Gbps,24,9, ,0.0,0.0,0.0,0.0,0.0
BitRate blocking probability per pair and bitRate,0,500.0Gbps,3,21, ,0.0,0.0,0.0,0.0,0.0
BitRate blocking probability per pair and bitRate,0,500.0Gbps,12,24, ,0.0,0.0,0.0,0.0,0.0
BitRate blocking probability per pair and bitRate,0,500.0Gbps,15,9, ,0.0,0.0,0.0,0.0,0.0
BitRate blocking probability per pair and bitRate,0,500.0Gbps,18,14, ,0.0,0.0,0.0,0.0,0.0
BitRate blocking probability per pair and bitRate,0,500.0Gbps,16,3, ,0.0,0.0,0.0,0.0,0.0
BitRate blocking probability per pair and bitRate,0,500.0Gbps,15,5, ,0.0,0.0,0.0,0.0,0.0
BitRate blocking probability per pair and bitRate,0,500.0Gbps,16,21, ,0.0,0.0,0.0,0.0,0.0
BitRate blocking probability per pair and bitRate,0,500.0Gbps,8,17, ,0.0,0.0,0.0,0.0,0.0
BitRate blocking probability per pair and bitRate,0,500.0Gbps,5,16, ,0.0,0.0,0.0,0.0,0.0
BitRate blocking probability per pair and bitRate,0,500.0Gbps,21,4, ,0.0,0.0,0.0,0.0,0.0
BitRate blocking probability per pair and bitRate,0,500.0Gbps,17,19, ,0.0,0.0,0.0,0.0,0.0
BitRate blocking probability per pair and bitRate,0,500.0Gbps,16,12, ,0.0,0.0,0.0,0.0,0.0
BitRate blocking probability per pair and bitRate,0,500.0Gbps,7,19, ,0.0,0.0,0.0,0.0,0.0
BitRate blocking probability per pair and bitRate,0,500.0Gbps,8,19, ,0.0,0.0,0.0,0.0,0.0
BitRate blocking probability per pair and bitRate,0,500.0Gbps,9,20, ,0.0,0.0,0.0,0.0,0.0
BitRate blocking probability per pair and bitRate,0,500.0Gbps,13,10, ,0.0,0.0,0.0,0.0,0.0
BitRate blocking probability per pair and bitRate,0,500.0Gbps,17,16, ,0.0,0.0,0.0,0.0,0.0
BitRate blocking probability per pair and bitRate,0,500.0Gbps,5,7, ,0.0,0.0,0.0,0.0,0.0
BitRate blocking probability per pair and bitRate,0,500.0Gbps,5,10, ,0.0,0.0,0.0,0.0,0.0
BitRate blocking probability per pair and bitRate,0,500.0Gbps,22,14, ,0.0,0.0,0.0,0.0,0.0
BitRate blocking probability per pair and bitRate,0,500.0Gbps,2,24, ,0.0,0.0,0.0,0.0,0.0
BitRate blocking probability per pair and bitRate,0,500.0Gbps,11,15, ,0.0,0.0,0.0,0.0,0.0
BitRate blocking probability per pair and bitRate,0,500.0Gbps,19,13, ,0.0,0.0,0.0,0.0,0.0
BitRate blocking probability per pair and bitRate,0,500.0Gbps,9,14, ,0.0,0.0,0.0,0.0,0.0
BitRate blocking probability per pair and bitRate,0,500.0Gbps,13,20, ,0.0,0.0,0.0,0.0,0.0
BitRate blocking probability per pair and bitRate,0,500.0Gbps,20,15, ,0.0,0.0,0.0,0.0,0.0
BitRate blocking probability per pair and bitRate,0,500.0Gbps,1,9, ,0.0,0.0,0.0,0.0,0.0
BitRate blocking probability per pair and bitRate,0,500.0Gbps,4,16, ,0.0,0.0,0.0,0.0,0.0
BitRate blocking probability per pair and bitRate,0,500.0Gbps,21,20, ,0.0,0.0,0.0,0.0,0.0
BitRate blocking probability per pair and bitRate,0,500.0Gbps,6,18, ,0.0,0.0,0.0,0.0,0.0
BitRate blocking probability per pair and bitRate,0,500.0Gbps,3,20, ,0.0,0.0,0.0,0.0,0.0
BitRate blocking probability per pair and bitRate,0,500.0Gbps,21,10, ,0.0,0.0,0.0,0.0,0.0
BitRate blocking probability per pair and bitRate,0,500.0Gbps,2,19, ,0.0,0.0,0.0,0.0,0.0
BitRate blocking probability per pair and bitRate,0,500.0Gbps,7,17, ,0.0,0.0,0.0,0.0,0.0
BitRate blocking probability per pair and bitRate,0,500.0Gbps,14,5, ,0.0,0.0,0.0,0.0,0.0
BitRate blocking probability per pair and bitRate,0,500.0Gbps,7,13, ,0.0,0.0,0.0,0.0,0.0
BitRate blocking probability per pair and bitRate,0,500.0Gbps,5,15, ,0.0,0.0,0.0,0.0,0.0
BitRate blocking probability per pair and bitRate,0,500.0Gbps,18,8, ,0.0,0.0,0.0,0.0,0.0
BitRate blocking probability per pair and bitRate,0,500.0Gbps,19,17, ,0.0,0.0,0.0,0.0,0.0
BitRate blocking probability per pair and bitRate,0,500.0Gbps,19,21, ,0.0,0.0,0.0,0.0,0.0
BitRate blocking probability per pair and bitRate,0,500.0Gbps,19,3, ,0.0,0.0,0.0,0.0,0.0
BitRate blocking probability per pair and bitRate,0,500.0Gbps,13,19, ,0.0,0.0,0.0,0.0,0.0
BitRate blocking probability per pair and bitRate,0,500.0Gbps,12,18, ,0.0,0.0,0.0,0.0,0.0
BitRate blocking probability per pair and bitRate,0,500.0Gbps,13,3, ,0.0,0.0,0.0,0.0,0.0
BitRate blocking probability per pair and bitRate,0,500.0Gbps,7,18, ,0.0,0.0,0.0,0.0,0.0
BitRate blocking probability per pair and bitRate,0,500.0Gbps,17,12, ,0.0,0.0,0.0,0.0,0.0
BitRate blocking probability per pair and bitRate,0,500.0Gbps,13,9, ,0.0,0.0,0.0,0.0,0.0
BitRate blocking probability per pair and bitRate,0,500.0Gbps,6,22, ,0.0,0.0,0.0,0.0,0.0
BitRate blocking probability per pair and bitRate,0,500.0Gbps,1,15, ,0.0,0.0,0.0,0.0,0.0
BitRate blocking probability per pair and bitRate,0,500.0Gbps,3,19, ,0.0,0.0,0.0,0.0,0.0
BitRate blocking probability per pair and bitRate,0,500.0Gbps,12,4, ,0.0,0.0,0.0,0.0,0.0
BitRate blocking probability per pair and bitRate,0,500.0Gbps,16,24, ,0.0,0.0,0.0,0.0,0.0
BitRate blocking probability per pair and bitRate,0,500.0Gbps,6,10, ,0.0,0.0,0.0,0.0,0.0
BitRate blocking probability per pair and bitRate,0,500.0Gbps,2,18, ,0.0,0.0,0.0,0.0,0.0
BitRate blocking probability per pair and bitRate,0,500.0Gbps,18,21, ,0.0,0.0,0.0,0.0,0.0
BitRate blocking probability per pair and bitRate,0,500.0Gbps,18,3, ,0.0,0.0,0.0,0.0,0.0
BitRate blocking probability per pair and bitRate,0,500.0Gbps,15,18, ,0.0,0.0,0.0,0.0,0.0
BitRate blocking probability per pair and bitRate,0,500.0Gbps,4,14, ,0.0,0.0,0.0,0.0,0.0
BitRate blocking probability per pair and bitRate,0,500.0Gbps,7,20, ,0.0,0.0,0.0,0.0,0.0
BitRate blocking probability per pair and bitRate,0,500.0Gbps,13,15, ,0.0,0.0,0.0,0.0,0.0
BitRate blocking probability per pair and bitRate,0,500.0Gbps,13,21, ,0.0,0.0,0.0,0.0,0.0
BitRate blocking probability per pair and bitRate,0,500.0Gbps,15,14, ,0.0,0.0,0.0,0.0,0.0
BitRate blocking probability per pair and bitRate,0,500.0Gbps,3,15, ,0.0,0.0,0.0,0.0,0.0
BitRate blocking probability per pair and bitRate,0,500.0Gbps,18,5, ,0.0,0.0,0.0,0.0,0.0
BitRate blocking probability per pair and bitRate,0,500.0Gbps,12,1, ,0.0,0.0,0.0,0.0,0.0
BitRate blocking probability per pair and bitRate,0,500.0Gbps,6,7, ,0.0,0.0,0.0,0.0,0.0
BitRate blocking probability per pair and bitRate,0,500.0Gbps,24,3, ,0.0,0.0,0.0,0.0,0.0
BitRate blocking probability per pair and bitRate,0,500.0Gbps,19,5, ,0.0,0.0,0.0,0.0,0.0
BitRate blocking probability per pair and bitRate,0,500.0Gbps,20,19, ,0.0,0.0,0.0,0.0,0.0
BitRate blocking probability per pair and bitRate,0,500.0Gbps,5,17, ,0.0,0.0,0.0,0.0,0.0
BitRate blocking probability per pair and bitRate,0,500.0Gbps,20,12, ,0.0,0.0,0.0,0.0,0.0
BitRate blocking probability per pair and bitRate,0,500.0Gbps,4,22, ,0.0,0.0,0.0,0.0,0.0
BitRate blocking probability per pair and bitRate,0,500.0Gbps,7,8, ,0.0,0.0,0.0,0.0,0.0
BitRate blocking probability per pair and bitRate,0,500.0Gbps,14,1, ,0.0,0.0,0.0,0.0,0.0
BitRate blocking probability per pair and bitRate,0,500.0Gbps,20,21, ,0.0,0.0,0.0,0.0,0.0
BitRate blocking probability per pair and bitRate,0,500.0Gbps,1,6, ,0.0,0.0,0.0,0.0,0.0
BitRate blocking probability per pair and bitRate,0,500.0Gbps,13,2, ,0.0,0.0,0.0,0.0,0.0
BitRate blocking probability per pair and bitRate,0,500.0Gbps,14,20, ,0.0,0.0,0.0,0.0,0.0
BitRate blocking probability per pair and bitRate,0,500.0Gbps,16,20, ,0.0,0.0,0.0,0.0,0.0
BitRate blocking probability per pair and bitRate,0,500.0Gbps,18,15, ,0.0,0.0,0.0,0.0,0.0
BitRate blocking probability per pair and bitRate,0,500.0Gbps,6,2, ,0.0,0.0,0.0,0.0,0.0
BitRate blocking probability per pair and bitRate,0,500.0Gbps,9,15, ,0.0,0.0,0.0,0.0,0.0
BitRate blocking probability per pair and bitRate,0,500.0Gbps,15,17, ,0.0,0.0,0.0,0.0,0.0
BitRate blocking probability per pair and bitRate,0,500.0Gbps,18,2, ,0.0,0.0,0.0,0.0,0.0
BitRate blocking probability per pair and bitRate,0,500.0Gbps,15,24, ,0.0,0.0,0.0,0.0,0.0
BitRate blocking probability per pair and bitRate,0,500.0Gbps,7,10, ,0.0,0.0,0.0,0.0,0.0
BitRate blocking probability per pair and bitRate,0,500.0Gbps,14,21, ,0.0,0.0,0.0,0.0,0.0
BitRate blocking probability per pair and bitRate,0,500.0Gbps,23,15, ,0.0,0.0,0.0,0.0,0.0
BitRate blocking probability per pair and bitRate,0,500.0Gbps,11,1, ,0.0,0.0,0.0,0.0,0.0
BitRate blocking probability per pair and bitRate,0,500.0Gbps,19,20, ,0.0,0.0,0.0,0.0,0.0
BitRate blocking probability per pair and bitRate,0,500.0Gbps,1,8, ,0.0,0.0,0.0,0.0,0.0
BitRate blocking probability per pair and bitRate,0,500.0Gbps,16,1, ,0.0,0.0,0.0,0.0,0.0
BitRate blocking probability per pair and bitRate,0,500.0Gbps,24,5, ,0.0,0.0,0.0,0.0,0.0
BitRate blocking probability per pair and bitRate,0,500.0Gbps,2,4, ,0.0,0.0,0.0,0.0,0.0
BitRate blocking probability per pair and bitRate,0,500.0Gbps,10,5, ,0.0,0.0,0.0,0.0,0.0
BitRate blocking probability per pair and bitRate,0,500.0Gbps,21,7, ,0.0,0.0,0.0,0.0,0.0
BitRate blocking probability per pair and bitRate,0,500.0Gbps,23,11, ,0.0,0.0,0.0,0.0,0.0
BitRate blocking probability per pair and bitRate,0,500.0Gbps,19,6, ,0.0,0.0,0.0,0.0,0.0
BitRate blocking probability per pair and bitRate,0,500.0Gbps,10,17, ,0.0,0.0,0.0,0.0,0.0
BitRate blocking probability per pair and bitRate,0,500.0Gbps,3,8, ,0.0,0.0,0.0,0.0,0.0
BitRate blocking probability per pair and bitRate,0,500.0Gbps,3,23, ,0.0,0.0,0.0,0.0,0.0
BitRate blocking probability per pair and bitRate,0,500.0Gbps,17,9, ,0.0,0.0,0.0,0.0,0.0
BitRate blocking probability per pair and bitRate,0,500.0Gbps,9,18, ,0.0,0.0,0.0,0.0,0.0
BitRate blocking probability per pair and bitRate,0,500.0Gbps,1,3, ,0.0,0.0,0.0,0.0,0.0
BitRate blocking probability per pair and bitRate,0,500.0Gbps,10,20, ,0.0,0.0,0.0,0.0,0.0
BitRate blocking probability per pair and bitRate,0,500.0Gbps,21,6, ,0.0,0.0,0.0,0.0,0.0
BitRate blocking probability per pair and bitRate,0,500.0Gbps,8,5, ,0.0,0.0,0.0,0.0,0.0
BitRate blocking probability per pair and bitRate,0,500.0Gbps,9,8, ,0.0,0.0,0.0,0.0,0.0
BitRate blocking probability per pair and bitRate,0,500.0Gbps,24,4, ,0.0,0.0,0.0,0.0,0.0
BitRate blocking probability per pair and bitRate,0,500.0Gbps,1,12, ,0.0,0.0,0.0,0.0,0.0
BitRate blocking probability per pair and bitRate,0,500.0Gbps,11,5, ,0.0,0.0,0.0,0.0,0.0
BitRate blocking probability per pair and bitRate,0,500.0Gbps,22,7, ,0.0,0.0,0.0,0.0,0.0
BitRate blocking probability per pair and bitRate,0,500.0Gbps,22,8, ,0.0,0.0,0.0,0.0,0.0
BitRate blocking probability per pair and bitRate,0,500.0Gbps,20,22, ,0.0,0.0,0.0,0.0,0.0
BitRate blocking probability per pair and bitRate,0,500.0Gbps,13,24, ,0.0,0.0,0.0,0.0,0.0
BitRate blocking probability per pair and bitRate,0,500.0Gbps,1,7, ,0.0,0.0,0.0,0.0,0.0
BitRate blocking probability per pair and bitRate,0,500.0Gbps,17,20, ,0.0,0.0,0.0,0.0,0.0
BitRate blocking probability per pair and bitRate,0,500.0Gbps,16,18, ,0.0,0.0,0.0,0.0,0.0
BitRate blocking probability per pair and bitRate,0,500.0Gbps,16,8, ,0.0,0.0,0.0,0.0,0.0
BitRate blocking probability per pair and bitRate,0,500.0Gbps,12,15, ,0.0,0.0,0.0,0.0,0.0
BitRate blocking probability per pair and bitRate,0,500.0Gbps,17,5, ,0.0,0.0,0.0,0.0,0.0
BitRate blocking probability per pair and bitRate,0,500.0Gbps,23,14, ,0.0,0.0,0.0,0.0,0.0
BitRate blocking probability per pair and bitRate,0,500.0Gbps,1,19, ,0.0,0.0,0.0,0.0,0.0
BitRate blocking probability per pair and bitRate,0,500.0Gbps,17,7, ,0.0,0.0,0.0,0.0,0.0
BitRate blocking probability per pair and bitRate,0,500.0Gbps,18,9, ,0.0,0.0,0.0,0.0,0.0
BitRate blocking probability per pair and bitRate,0,500.0Gbps,18,23, ,0.0,0.0,0.0,0.0,0.0
BitRate blocking probability per pair and bitRate,0,500.0Gbps,13,22, ,0.0,0.0,0.0,0.0,0.0
BitRate blocking probability per pair and bitRate,0,500.0Gbps,7,6, ,0.0,0.0,0.0,0.0,0.0
BitRate blocking probability per pair and bitRate,0,500.0Gbps,9,23, ,0.0,0.0,0.0,0.0,0.0
BitRate blocking probability per pair and bitRate,0,500.0Gbps,13,6, ,0.0,0.0,0.0,0.0,0.0
BitRate blocking probability per pair and bitRate,0,500.0Gbps,15,8, ,0.0,0.0,0.0,0.0,0.0
BitRate blocking probability per pair and bitRate,0,500.0Gbps,13,14, ,0.0,0.0,0.0,0.0,0.0
BitRate blocking probability per pair and bitRate,0,500.0Gbps,20,3, ,0.0,0.0,0.0,0.0,0.0
BitRate blocking probability per pair and bitRate,0,500.0Gbps,21,16, ,0.0,0.0,0.0,0.0,0.0
BitRate blocking probability per pair and bitRate,0,500.0Gbps,3,16, ,0.0,0.0,0.0,0.0,0.0
BitRate blocking probability per pair and bitRate,0,500.0Gbps,22,13, ,0.0,0.0,0.0,0.0,0.0
BitRate blocking probability per pair and bitRate,0,500.0Gbps,3,14, ,0.0,0.0,0.0,0.0,0.0
BitRate blocking probability per pair and bitRate,0,500.0Gbps,3,7, ,0.0,0.0,0.0,0.0,0.0
BitRate blocking probability per pair and bitRate,0,500.0Gbps,10,22, ,0.0,0.0,0.0,0.0,0.0
BitRate blocking probability per pair and bitRate,0,500.0Gbps,8,10, ,0.0,0.0,0.0,0.0,0.0
BitRate blocking probability per pair and bitRate,0,500.0Gbps,22,6, ,0.0,0.0,0.0,0.0,0.0
BitRate blocking probability per pair and bitRate,0,500.0Gbps,5,2, ,0.0,0.0,0.0,0.0,0.0
BitRate blocking probability per pair and bitRate,0,500.0Gbps,13,5, ,0.0,0.0,0.0,0.0,0.0
BitRate blocking probability per pair and bitRate,0,500.0Gbps,23,8, ,0.0,0.0,0.0,0.0,0.0
BitRate blocking probability per pair and bitRate,0,500.0Gbps,13,11, ,0.0,0.0,0.0,0.0,0.0
BitRate blocking probability per pair and bitRate,0,500.0Gbps,13,7, ,0.0,0.0,0.0,0.0,0.0
BitRate blocking probability per pair and bitRate,0,500.0Gbps,3,13, ,0.0,0.0,0.0,0.0,0.0
BitRate blocking probability per pair and bitRate,0,500.0Gbps,10,12, ,0.0,0.0,0.0,0.0,0.0
BitRate blocking probability per pair and bitRate,0,500.0Gbps,24,11, ,0.0,0.0,0.0,0.0,0.0
BitRate blocking probability per pair and bitRate,0,500.0Gbps,9,7, ,0.0,0.0,0.0,0.0,0.0
BitRate blocking probability per pair and bitRate,0,500.0Gbps,24,12, ,0.0,0.0,0.0,0.0,0.0
BitRate blocking probability per pair and bitRate,0,500.0Gbps,15,3, ,0.0,0.0,0.0,0.0,0.0
BitRate blocking probability per pair and bitRate,0,500.0Gbps,22,11, ,0.0,0.0,0.0,0.0,0.0
BitRate blocking probability per pair and bitRate,0,500.0Gbps,18,19, ,0.0,0.0,0.0,0.0,0.0
BitRate blocking probability per pair and bitRate,0,500.0Gbps,16,7, ,0.0,0.0,0.0,0.0,0.0
BitRate blocking probability per pair and bitRate,0,500.0Gbps,5,24, ,0.0,0.0,0.0,0.0,0.0
BitRate blocking probability per pair and bitRate,0,500.0Gbps,10,19, ,0.0,0.0,0.0,0.0,0.0
BitRate blocking probability per pair and bitRate,0,500.0Gbps,23,13, ,0.0,0.0,0.0,0.0,0.0
BitRate blocking probability per pair and bitRate,0,500.0Gbps,12,3, ,0.0,0.0,0.0,0.0,0.0
BitRate blocking probability per pair and bitRate,0,500.0Gbps,9,10, ,0.0,0.0,0.0,0.0,0.0
BitRate blocking probability per pair and bitRate,0,500.0Gbps,4,18, ,0.0,0.0,0.0,0.0,0.0
BitRate blocking probability per pair and bitRate,0,500.0Gbps,4,19, ,0.0,0.0,0.0,0.0,0.0
BitRate blocking probability per pair and bitRate,0,500.0Gbps,17,15, ,0.0,0.0,0.0,0.0,0.0
BitRate blocking probability per pair and bitRate,0,500.0Gbps,2,22, ,0.0,0.0,0.0,0.0,0.0
BitRate blocking probability per pair and bitRate,0,500.0Gbps,11,17, ,0.0,0.0,0.0,0.0,0.0
BitRate blocking probability per pair and bitRate,0,500.0Gbps,18,13, ,0.0,0.0,0.0,0.0,0.0
BitRate blocking probability per pair and bitRate,0,500.0Gbps,24,10, ,0.0,0.0,0.0,0.0,0.0
BitRate blocking probability per pair and bitRate,0,500.0Gbps,11,13, ,0.0,0.0,0.0,0.0,0.0
BitRate blocking probability per pair and bitRate,0,500.0Gbps,12,22, ,0.0,0.0,0.0,0.0,0.0
BitRate blocking probability per pair and bitRate,0,500.0Gbps,20,23, ,0.0,0.0,0.0,0.0,0.0
BitRate blocking probability per pair and bitRate,0,500.0Gbps,4,7, ,0.0,0.0,0.0,0.0,0.0
BitRate blocking probability per pair and bitRate,0,500.0Gbps,9,12, ,0.0,0.0,0.0,0.0,0.0
BitRate blocking probability per pair and bitRate,0,500.0Gbps,4,13, ,0.0,0.0,0.0,0.0,0.0
BitRate blocking probability per pair and bitRate,0,500.0Gbps,20,13, ,0.0,0.0,0.0,0.0,0.0
BitRate blocking probability per pair and bitRate,0,500.0Gbps,10,3, ,0.0,0.0,0.0,0.0,0.0
BitRate blocking probability per pair and bitRate,0,500.0Gbps,21,3, ,0.0,0.0,0.0,0.0,0.0
BitRate blocking probability per pair and bitRate,0,500.0Gbps,7,9, ,0.0,0.0,0.0,0.0,0.0
BitRate blocking probability per pair and bitRate,0,500.0Gbps,12,19, ,0.0,0.0,0.0,0.0,0.0
BitRate blocking probability per pair and bitRate,0,500.0Gbps,19,16, ,0.0,0.0,0.0,0.0,0.0
BitRate blocking probability per pair and bitRate,0,500.0Gbps,20,11, ,0.0,0.0,0.0,0.0,0.0
BitRate blocking probability per pair and bitRate,0,500.0Gbps,22,9, ,0.0,0.0,0.0,0.0,0.0
BitRate blocking probability per pair and bitRate,0,500.0Gbps,7,11, ,0.0,0.0,0.0,0.0,0.0
BitRate blocking probability per pair and bitRate,0,500.0Gbps,6,1, ,0.0,0.0,0.0,0.0,0.0
BitRate blocking probability per pair and bitRate,0,500.0Gbps,6,14, ,0.0,0.0,0.0,0.0,0.0
BitRate blocking probability per pair and bitRate,0,500.0Gbps,21,1, ,0.0,0.0,0.0,0.0,0.0
BitRate blocking probability per pair and bitRate,0,500.0Gbps,4,23, ,0.0,0.0,0.0,0.0,0.0
BitRate blocking probability per pair and bitRate,0,500.0Gbps,1,5, ,0.0,0.0,0.0,0.0,0.0
BitRate blocking probability per pair and bitRate,0,500.0Gbps,3,22, ,0.0,0.0,0.0,0.0,0.0
BitRate blocking probability per pair and bitRate,0,500.0Gbps,5,23, ,0.0,0.0,0.0,0.0,0.0
BitRate blocking probability per pair and bitRate,0,500.0Gbps,14,9, ,0.0,0.0,0.0,0.0,0.0
BitRate blocking probability per pair and bitRate,0,500.0Gbps,23,6, ,0.0,0.0,0.0,0.0,0.0
BitRate blocking probability per pair and bitRate,0,500.0Gbps,6,19, ,0.0,0.0,0.0,0.0,0.0
BitRate blocking probability per pair and bitRate,0,500.0Gbps,14,13, ,0.0,0.0,0.0,0.0,0.0
BitRate blocking probability per pair and bitRate,0,500.0Gbps,14,11, ,0.0,0.0,0.0,0.0,0.0
BitRate blocking probability per pair and bitRate,0,500.0Gbps,12,21, ,0.0,0.0,0.0,0.0,0.0
BitRate blocking probability per pair and bitRate,0,500.0Gbps,2,8, ,0.0,0.0,0.0,0.0,0.0
BitRate blocking probability per pair and bitRate,0,500.0Gbps,16,13, ,0.0,0.0,0.0,0.0,0.0
BitRate blocking probability per pair and bitRate,0,500.0Gbps,20,18, ,0.0,0.0,0.0,0.0,0.0
BitRate blocking probability per pair and bitRate,0,500.0Gbps,6,9, ,0.0,0.0,0.0,0.0,0.0
BitRate blocking probability per pair and bitRate,0,500.0Gbps,6,23, ,0.0,0.0,0.0,0.0,0.0
BitRate blocking probability per pair and bitRate,0,500.0Gbps,10,4, ,0.0,0.0,0.0,0.0,0.0
BitRate blocking probability per pair and bitRate,0,500.0Gbps,17,23, ,0.0,0.0,0.0,0.0,0.0
BitRate blocking probability per pair and bitRate,0,500.0Gbps,17,18, ,0.0,0.0,0.0,0.0,0.0
BitRate blocking probability per pair and bitRate,0,500.0Gbps,14,12, ,0.0,0.0,0.0,0.0,0.0
BitRate blocking probability per pair and bitRate,0,500.0Gbps,14,17, ,0.0,0.0,0.0,0.0,0.0
BitRate blocking probability per pair and bitRate,0,500.0Gbps,19,7, ,0.0,0.0,0.0,0.0,0.0
BitRate blocking probability per pair and bitRate,0,500.0Gbps,7,24, ,0.0,0.0,0.0,0.0,0.0
BitRate blocking probability per pair and bitRate,0,500.0Gbps,11,18, ,0.0,0.0,0.0,0.0,0.0
BitRate blocking probability per pair and bitRate,0,500.0Gbps,11,10, ,0.0,0.0,0.0,0.0,0.0
BitRate blocking probability per pair and bitRate,0,500.0Gbps,14,22, ,0.0,0.0,0.0,0.0,0.0
BitRate blocking probability per pair and bitRate,0,500.0Gbps,4,9, ,0.0,0.0,0.0,0.0,0.0
BitRate blocking probability per pair and bitRate,0,500.0Gbps,22,21, ,0.0,0.0,0.0,0.0,0.0
BitRate blocking probability per pair and bitRate,0,500.0Gbps,22,24, ,0.0,0.0,0.0,0.0,0.0
BitRate blocking probability per pair and bitRate,0,500.0Gbps,8,15, ,0.0,0.0,0.0,0.0,0.0
BitRate blocking probability per pair and bitRate,0,500.0Gbps,12,5, ,0.0,0.0,0.0,0.0,0.0
BitRate blocking probability per pair and bitRate,0,500.0Gbps,7,23, ,0.0,0.0,0.0,0.0,0.0
BitRate blocking probability per pair and bitRate,0,500.0Gbps,24,14, ,0.0,0.0,0.0,0.0,0.0
BitRate blocking probability per pair and bitRate,0,500.0Gbps,1,2, ,0.0,0.0,0.0,0.0,0.0
BitRate blocking probability per pair and bitRate,0,500.0Gbps,15,22, ,0.0,0.0,0.0,0.0,0.0
BitRate blocking probability per pair and bitRate,0,500.0Gbps,19,14, ,0.0,0.0,0.0,0.0,0.0
BitRate blocking probability per pair and bitRate,0,500.0Gbps,21,23, ,0.0,0.0,0.0,0.0,0.0
BitRate blocking probability per pair and bitRate,0,500.0Gbps,8,1, ,0.0,0.0,0.0,0.0,0.0
BitRate blocking probability per pair and bitRate,0,500.0Gbps,18,10, ,0.0,0.0,0.0,0.0,0.0
BitRate blocking probability per pair and bitRate,0,500.0Gbps,17,3, ,0.0,0.0,0.0,0.0,0.0
BitRate blocking probability per pair and bitRate,0,500.0Gbps,5,9, ,0.0,0.0,0.0,0.0,0.0
BitRate blocking probability per pair and bitRate,0,500.0Gbps,19,8, ,0.0,0.0,0.0,0.0,0.0
BitRate blocking probability per pair and bitRate,0,500.0Gbps,4,21, ,0.0,0.0,0.0,0.0,0.0
BitRate blocking probability per pair and bitRate,0,500.0Gbps,8,16, ,0.0,0.0,0.0,0.0,0.0
BitRate blocking probability per pair and bitRate,0,500.0Gbps,5,12, ,0.0,0.0,0.0,0.0,0.0
BitRate blocking probability per pair and bitRate,0,500.0Gbps,6,16, ,0.0,0.0,0.0,0.0,0.0
BitRate blocking probability per pair and bitRate,0,500.0Gbps,20,10, ,0.0,0.0,0.0,0.0,0.0
BitRate blocking probability per pair and bitRate,0,500.0Gbps,2,15, ,0.0,0.0,0.0,0.0,0.0
BitRate blocking probability per pair and bitRate,0,500.0Gbps,20,6, ,0.0,0.0,0.0,0.0,0.0
BitRate blocking probability per pair and bitRate,0,500.0Gbps,21,13, ,0.0,0.0,0.0,0.0,0.0
BitRate blocking probability per pair and bitRate,0,500.0Gbps,6,21, ,0.0,0.0,0.0,0.0,0.0
BitRate blocking probability per pair and bitRate,0,500.0Gbps,18,16, ,0.0,0.0,0.0,0.0,0.0
BitRate blocking probability per pair and bitRate,0,500.0Gbps,5,21, ,0.0,0.0,0.0,0.0,0.0
BitRate blocking probability per pair and bitRate,0,500.0Gbps,15,11, ,0.0,0.0,0.0,0.0,0.0
BitRate blocking probability per pair and bitRate,0,500.0Gbps,8,12, ,0.0,0.0,0.0,0.0,0.0
BitRate blocking probability per pair and bitRate,0,500.0Gbps,19,1, ,0.0,0.0,0.0,0.0,0.0
BitRate blocking probability per pair and bitRate,0,500.0Gbps,21,14, ,0.0,0.0,0.0,0.0,0.0
BitRate blocking probability per pair and bitRate,0,500.0Gbps,2,13, ,0.0,0.0,0.0,0.0,0.0
BitRate blocking probability per pair and bitRate,0,500.0Gbps,17,6, ,0.0,0.0,0.0,0.0,0.0
BitRate blocking probability per pair and bitRate,0,500.0Gbps,24,1, ,0.0,0.0,0.0,0.0,0.0
BitRate blocking probability per pair and bitRate,0,500.0Gbps,8,3, ,0.0,0.0,0.0,0.0,0.0
BitRate blocking probability per pair and bitRate,0,500.0Gbps,1,22, ,0.0,0.0,0.0,0.0,0.0
BitRate blocking probability per pair and bitRate,0,500.0Gbps,23,3, ,0.0,0.0,0.0,0.0,0.0
BitRate blocking probability per pair and bitRate,0,500.0Gbps,2,1, ,0.0,0.0,0.0,0.0,0.0
BitRate blocking probability per pair and bitRate,0,500.0Gbps,15,23, ,0.0,0.0,0.0,0.0,0.0
BitRate blocking probability per pair and bitRate,0,500.0Gbps,19,15, ,0.0,0.0,0.0,0.0,0.0
BitRate blocking probability per pair and bitRate,0,500.0Gbps,2,23, ,0.0,0.0,0.0,0.0,0.0
BitRate blocking probability per pair and bitRate,0,500.0Gbps,13,17, ,0.0,0.0,0.0,0.0,0.0
BitRate blocking probability per pair and bitRate,0,500.0Gbps,1,10, ,0.0,0.0,0.0,0.0,0.0
BitRate blocking probability per pair and bitRate,0,500.0Gbps,5,22, ,0.0,0.0,0.0,0.0,0.0
BitRate blocking probability per pair and bitRate,0,500.0Gbps,18,24, ,0.0,0.0,0.0,0.0,0.0
BitRate blocking probability per pair and bitRate,0,500.0Gbps,19,23, ,0.0,0.0,0.0,0.0,0.0
BitRate blocking probability per pair and bitRate,0,500.0Gbps,20,8, ,0.0,0.0,0.0,0.0,0.0
BitRate blocking probability per pair and bitRate,0,500.0Gbps,10,6, ,0.0,0.0,0.0,0.0,0.0
BitRate blocking probability per pair and bitRate,0,500.0Gbps,2,6, ,0.0,0.0,0.0,0.0,0.0
BitRate blocking probability per pair and bitRate,0,500.0Gbps,16,14, ,0.0,0.0,0.0,0.0,0.0
BitRate blocking probability per pair and bitRate,0,500.0Gbps,24,19, ,0.0,0.0,0.0,0.0,0.0
BitRate blocking probability per pair and bitRate,0,500.0Gbps,23,19, ,0.0,0.0,0.0,0.0,0.0
BitRate blocking probability per pair and bitRate,0,500.0Gbps,12,2, ,0.0,0.0,0.0,0.0,0.0
BitRate blocking probability per pair and bitRate,0,500.0Gbps,23,1, ,0.0,0.0,0.0,0.0,0.0
BitRate blocking probability per pair and bitRate,0,500.0Gbps,15,7, ,0.0,0.0,0.0,0.0,0.0
BitRate blocking probability per pair and bitRate,0,500.0Gbps,22,12, ,0.0,0.0,0.0,0.0,0.0
BitRate blocking probability per pair and bitRate,0,500.0Gbps,3,6, ,0.0,0.0,0.0,0.0,0.0
BitRate blocking probability per pair and bitRate,0,500.0Gbps,4,2, ,0.0,0.0,0.0,0.0,0.0
BitRate blocking probability per pair and bitRate,0,500.0Gbps,13,1, ,0.0,0.0,0.0,0.0,0.0
BitRate blocking probability per pair and bitRate,0,500.0Gbps,6,5, ,0.0,0.0,0.0,0.0,0.0
BitRate blocking probability per pair and bitRate,0,500.0Gbps,16,22, ,0.0,0.0,0.0,0.0,0.0
BitRate blocking probability per pair and bitRate,0,500.0Gbps,7,5, ,0.0,0.0,0.0,0.0,0.0
BitRate blocking probability per pair and bitRate,0,500.0Gbps,6,24, ,0.0,0.0,0.0,0.0,0.0
BitRate blocking probability per pair and bitRate,0,500.0Gbps,18,17, ,0.0,0.0,0.0,0.0,0.0
BitRate blocking probability per pair and bitRate,0,500.0Gbps,22,3, ,0.0,0.0,0.0,0.0,0.0
BitRate blocking probability per pair and bitRate,0,500.0Gbps,13,4, ,0.0,0.0,0.0,0.0,0.0
BitRate blocking probability per pair and bitRate,0,500.0Gbps,16,5, ,0.0,0.0,0.0,0.0,0.0
BitRate blocking probability per pair and bitRate,0,500.0Gbps,18,11, ,0.0,0.0,0.0,0.0,0.0
BitRate blocking probability per pair and bitRate,0,500.0Gbps,6,11, ,0.0,0.0,0.0,0.0,0.0
BitRate blocking probability per pair and bitRate,0,500.0Gbps,17,13, ,0.0,0.0,0.0,0.0,0.0
BitRate blocking probability per pair and bitRate,0,500.0Gbps,7,3, ,0.0,0.0,0.0,0.0,0.0
BitRate blocking probability per pair and bitRate,0,500.0Gbps,22,23, ,0.0,0.0,0.0,0.0,0.0
BitRate blocking probability per pair and bitRate,0,500.0Gbps,10,13, ,0.0,0.0,0.0,0.0,0.0
BitRate blocking probability per pair and bitRate,0,500.0Gbps,14,7, ,0.0,0.0,0.0,0.0,0.0
BitRate blocking probability per pair and bitRate,0,500.0Gbps,20,16, ,0.0,0.0,0.0,0.0,0.0
BitRate blocking probability per pair and bitRate,0,500.0Gbps,14,8, ,0.0,0.0,0.0,0.0,0.0
BitRate blocking probability per pair and bitRate,0,500.0Gbps,7,4, ,0.0,0.0,0.0,0.0,0.0
BitRate blocking probability per pair and bitRate,0,500.0Gbps,8,14, ,0.0,0.0,0.0,0.0,0.0
BitRate blocking probability per pair and bitRate,0,500.0Gbps,3,12, ,0.0,0.0,0.0,0.0,0.0
BitRate blocking probability per pair and bitRate,0,500.0Gbps,7,2, ,0.0,0.0,0.0,0.0,0.0
BitRate blocking probability per pair and bitRate,0,500.0Gbps,10,11, ,0.0,0.0,0.0,0.0,0.0
BitRate blocking probability per pair and bitRate,0,500.0Gbps,11,14, ,0.0,0.0,0.0,0.0,0.0
BitRate blocking probability per pair and bitRate,0,500.0Gbps,20,24, ,0.0,0.0,0.0,0.0,0.0
BitRate blocking probability per pair and bitRate,0,500.0Gbps,20,4, ,0.0,0.0,0.0,0.0,0.0
BitRate blocking probability per pair and bitRate,0,500.0Gbps,23,2, ,0.0,0.0,0.0,0.0,0.0
BitRate blocking probability per pair and bitRate,0,500.0Gbps,22,2, ,0.0,0.0,0.0,0.0,0.0
BitRate blocking probability per pair and bitRate,0,500.0Gbps,22,19, ,0.0,0.0,0.0,0.0,0.0
BitRate blocking probability per pair and bitRate,0,500.0Gbps,24,23, ,0.0,0.0,0.0,0.0,0.0
BitRate blocking probability per pair and bitRate,0,500.0Gbps,6,17, ,0.0,0.0,0.0,0.0,0.0
BitRate blocking probability per pair and bitRate,0,500.0Gbps,4,15, ,0.0,0.0,0.0,0.0,0.0
BitRate blocking probability per pair and bitRate,0,500.0Gbps,20,7, ,0.0,0.0,0.0,0.0,0.0
BitRate blocking probability per pair and bitRate,0,500.0Gbps,10,8, ,0.0,0.0,0.0,0.0,0.0
BitRate blocking probability per pair and bitRate,0,500.0Gbps,10,24, ,0.0,0.0,0.0,0.0,0.0
BitRate blocking probability per pair and bitRate,0,500.0Gbps,12,16, ,0.0,0.0,0.0,0.0,0.0
BitRate blocking probability per pair and bitRate,0,500.0Gbps,8,13, ,0.0,0.0,0.0,0.0,0.0
BitRate blocking probability per pair and bitRate,0,500.0Gbps,11,4, ,0.0,0.0,0.0,0.0,0.0
BitRate blocking probability per pair and bitRate,0,500.0Gbps,22,17, ,0.0,0.0,0.0,0.0,0.0
BitRate blocking probability per pair and bitRate,0,500.0Gbps,4,1, ,0.0,0.0,0.0,0.0,0.0
BitRate blocking probability per pair and bitRate,0,500.0Gbps,14,6, ,0.0,0.0,0.0,0.0,0.0
BitRate blocking probability per pair and bitRate,0,500.0Gbps,14,10, ,0.0,0.0,0.0,0.0,0.0
BitRate blocking probability per pair and bitRate,0,500.0Gbps,24,6, ,0.0,0.0,0.0,0.0,0.0
BitRate blocking probability per pair and bitRate,0,500.0Gbps,15,2, ,0.0,0.0,0.0,0.0,0.0
BitRate blocking probability per pair and bitRate,0,500.0Gbps,22,10, ,0.0,0.0,0.0,0.0,0.0
BitRate blocking probability per pair and bitRate,0,500.0Gbps,4,17, ,0.0,0.0,0.0,0.0,0.0
BitRate blocking probability per pair and bitRate,0,500.0Gbps,17,2, ,0.0,0.0,0.0,0.0,0.0
BitRate blocking probability per pair and bitRate,0,500.0Gbps,18,20, ,0.0,0.0,0.0,0.0,0.0
BitRate blocking probability per pair and bitRate,0,500.0Gbps,17,21, ,0.0,0.0,0.0,0.0,0.0
BitRate blocking probability per pair and bitRate,0,500.0Gbps,18,6, ,0.0,0.0,0.0,0.0,0.0
BitRate blocking probability per pair and bitRate,0,500.0Gbps,10,15, ,0.0,0.0,0.0,0.0,0.0
BitRate blocking probability per pair and bitRate,0,500.0Gbps,4,11, ,0.0,0.0,0.0,0.0,0.0
BitRate blocking probability per pair and bitRate,0,500.0Gbps,2,21, ,0.0,0.0,0.0,0.0,0.0
BitRate blocking probability per pair and bitRate,0,500.0Gbps,19,9, ,0.0,0.0,0.0,0.0,0.0
BitRate blocking probability per pair and bitRate,0,500.0Gbps,5,8, ,0.0,0.0,0.0,0.0,0.0
BitRate blocking probability per pair and bitRate,0,500.0Gbps,5,3, ,0.0,0.0,0.0,0.0,0.0
BitRate blocking probability per pair and bitRate,0,500.0Gbps,11,6, ,0.0,0.0,0.0,0.0,0.0
BitRate blocking probability per pair and bitRate,0,500.0Gbps,8,2, ,0.0,0.0,0.0,0.0,0.0
BitRate blocking probability per pair and bitRate,0,500.0Gbps,9,24, ,0.0,0.0,0.0,0.0,0.0
BitRate blocking probability per pair and bitRate,0,500.0Gbps,16,23, ,0.0,0.0,0.0,0.0,0.0
BitRate blocking probability per pair and bitRate,0,500.0Gbps,2,16, ,0.0,0.0,0.0,0.0,0.0
BitRate blocking probability per pair and bitRate,0,500.0Gbps,16,17, ,0.0,0.0,0.0,0.0,0.0
BitRate blocking probability per pair and bitRate,0,500.0Gbps,23,18, ,0.0,0.0,0.0,0.0,0.0
BitRate blocking probability per pair and bitRate,0,500.0Gbps,7,1, ,0.0,0.0,0.0,0.0,0.0
BitRate blocking probability per pair and bitRate,0,500.0Gbps,11,24, ,0.0,0.0,0.0,0.0,0.0
BitRate blocking probability per pair and bitRate,0,500.0Gbps,2,10, ,0.0,0.0,0.0,0.0,0.0
BitRate blocking probability per pair and bitRate,0,500.0Gbps,4,6, ,0.0,0.0,0.0,0.0,0.0
BitRate blocking probability per pair and bitRate,0,500.0Gbps,15,13, ,0.0,0.0,0.0,0.0,0.0
BitRate blocking probability per pair and bitRate,0,500.0Gbps,21,12, ,0.0,0.0,0.0,0.0,0.0
BitRate blocking probability per pair and bitRate,0,500.0Gbps,5,6, ,0.0,0.0,0.0,0.0,0.0
BitRate blocking probability per pair and bitRate,0,500.0Gbps,10,18, ,0.0,0.0,0.0,0.0,0.0
BitRate blocking probability per pair and bitRate,0,500.0Gbps,14,23, ,0.0,0.0,0.0,0.0,0.0
BitRate blocking probability per pair and bitRate,0,500.0Gbps,21,8, ,0.0,0.0,0.0,0.0,0.0
BitRate blocking probability per pair and bitRate,0,500.0Gbps,11,3, ,0.0,0.0,0.0,0.0,0.0
BitRate blocking probability per pair and bitRate,0,500.0Gbps,13,16, ,0.0,0.0,0.0,0.0,0.0
BitRate blocking probability per pair and bitRate,0,500.0Gbps,22,16, ,0.0,0.0,0.0,0.0,0.0
BitRate blocking probability per pair and bitRate,0,500.0Gbps,21,5, ,0.0,0.0,0.0,0.0,0.0
BitRate blocking probability per pair and bitRate,0,500.0Gbps,23,24, ,0.0,0.0,0.0,0.0,0.0
BitRate blocking probability per pair and bitRate,0,500.0Gbps,9,6, ,0.0,0.0,0.0,0.0,0.0
BitRate blocking probability per pair and bitRate,0,500.0Gbps,20,9, ,0.0,0.0,0.0,0.0,0.0
BitRate blocking probability per pair and bitRate,0,500.0Gbps,16,6, ,0.0,0.0,0.0,0.0,0.0
BitRate blocking probability per pair and bitRate,0,500.0Gbps,15,4, ,0.0,0.0,0.0,0.0,0.0
BitRate blocking probability per pair and bitRate,0,500.0Gbps,3,4, ,0.0,0.0,0.0,0.0,0.0
BitRate blocking probability per pair and bitRate,0,500.0Gbps,17,10, ,0.0,0.0,0.0,0.0,0.0
BitRate blocking probability per pair and bitRate,0,500.0Gbps,12,10, ,0.0,0.0,0.0,0.0,0.0
BitRate blocking probability per pair and bitRate,0,500.0Gbps,12,7, ,0.0,0.0,0.0,0.0,0.0
BitRate blocking probability per pair and bitRate,0,500.0Gbps,3,17, ,0.0,0.0,0.0,0.0,0.0
BitRate blocking probability per pair and bitRate,1,100.0Gbps,11,2, ,0.0,0.0,0.0,0.0,0.0
BitRate blocking probability per pair and bitRate,1,100.0Gbps,1,23, ,0.0,0.0,0.0,0.0,0.0
BitRate blocking probability per pair and bitRate,1,100.0Gbps,2,9, ,0.0,0.0,0.0,0.0,0.0
BitRate blocking probability per pair and bitRate,1,100.0Gbps,1,20, ,0.0,0.0,0.0,0.0,0.0
BitRate blocking probability per pair and bitRate,1,100.0Gbps,17,24, ,0.0,0.0,0.0,0.0,0.0
BitRate blocking probability per pair and bitRate,1,100.0Gbps,21,15, ,0.0,0.0,0.0,0.0,0.0
BitRate blocking probability per pair and bitRate,1,100.0Gbps,19,11, ,0.0,0.0,0.0,0.0,0.0
BitRate blocking probability per pair and bitRate,1,100.0Gbps,3,1, ,0.0,0.0,0.0,0.0,0.0
BitRate blocking probability per pair and bitRate,1,100.0Gbps,24,2, ,0.0,0.0,0.0,0.0,0.0
BitRate blocking probability per pair and bitRate,1,100.0Gbps,23,22, ,0.0,0.0,0.0,0.0,0.0
BitRate blocking probability per pair and bitRate,1,100.0Gbps,17,22, ,0.0,0.0,0.0,0.0,0.0
BitRate blocking probability per pair and bitRate,1,100.0Gbps,15,20, ,0.0,0.0,0.0,0.0,0.0
BitRate blocking probability per pair and bitRate,1,100.0Gbps,2,7, ,0.0,0.0,0.0,0.0,0.0
BitRate blocking probability per pair and bitRate,1,100.0Gbps,10,1, ,0.0,0.0,0.0,0.0,0.0
BitRate blocking probability per pair and bitRate,1,100.0Gbps,14,16, ,0.0,0.0,0.0,0.0,0.0
BitRate blocking probability per pair and bitRate,1,100.0Gbps,13,18, ,0.0,0.0,0.0,0.0,0.0
BitRate blocking probability per pair and bitRate,1,100.0Gbps,11,7, ,0.0,0.0,0.0,0.0,0.0
BitRate blocking probability per pair and bitRate,1,100.0Gbps,15,10, ,0.0,0.0,0.0,0.0,0.0
BitRate blocking probability per pair and bitRate,1,100.0Gbps,17,4, ,0.0,0.0,0.0,0.0,0.0
BitRate blocking probability per pair and bitRate,1,100.0Gbps,15,19, ,0.0,0.0,0.0,0.0,0.0
BitRate blocking probability per pair and bitRate,1,100.0Gbps,9,22, ,0.0,0.0,0.0,0.0,0.0
BitRate blocking probability per pair and bitRate,1,100.0Gbps,9,19, ,0.0,0.0,0.0,0.0,0.0
BitRate blocking probability per pair and bitRate,1,100.0Gbps,24,7, ,0.0,0.0,0.0,0.0,0.0
BitRate blocking probability per pair and bitRate,1,100.0Gbps,1,18, ,0.0,0.0,0.0,0.0,0.0
BitRate blocking probability per pair and bitRate,1,100.0Gbps,19,4, ,0.0,0.0,0.0,0.0,0.0
BitRate blocking probability per pair and bitRate,1,100.0Gbps,5,1, ,0.0,0.0,0.0,0.0,0.0
BitRate blocking probability per pair and bitRate,1,100.0Gbps,5,20, ,0.0,0.0,0.0,0.0,0.0
BitRate blocking probability per pair and bitRate,1,100.0Gbps,21,24, ,0.0,0.0,0.0,0.0,0.0
BitRate blocking probability per pair and bitRate,1,100.0Gbps,9,1, ,0.0,0.0,0.0,0.0,0.0
BitRate blocking probability per pair and bitRate,1,100.0Gbps,9,21, ,0.0,0.0,0.0,0.0,0.0
BitRate blocking probability per pair and bitRate,1,100.0Gbps,14,15, ,0.0,0.0,0.0,0.0,0.0
BitRate blocking probability per pair and bitRate,1,100.0Gbps,8,4, ,0.0,0.0,0.0,0.0,0.0
BitRate blocking probability per pair and bitRate,1,100.0Gbps,8,21, ,0.0,0.0,0.0,0.0,0.0
BitRate blocking probability per pair and bitRate,1,100.0Gbps,6,3, ,0.0,0.0,0.0,0.0,0.0
BitRate blocking probability per pair and bitRate,1,100.0Gbps,9,2, ,0.0,0.0,0.0,0.0,0.0
BitRate blocking probability per pair and bitRate,1,100.0Gbps,16,2, ,0.0,0.0,0.0,0.0,0.0
BitRate blocking probability per pair and bitRate,1,100.0Gbps,9,4, ,0.0,0.0,0.0,0.0,0.0
BitRate blocking probability per pair and bitRate,1,100.0Gbps,23,21, ,0.0,0.0,0.0,0.0,0.0
BitRate blocking probability per pair and bitRate,1,100.0Gbps,19,24, ,0.0,0.0,0.0,0.0,0.0
BitRate blocking probability per pair and bitRate,1,100.0Gbps,22,15, ,0.0,0.0,0.0,0.0,0.0
BitRate blocking probability per pair and bitRate,1,100.0Gbps,23,17, ,0.0,0.0,0.0,0.0,0.0
BitRate blocking probability per pair and bitRate,1,100.0Gbps,8,11, ,0.0,0.0,0.0,0.0,0.0
BitRate blocking probability per pair and bitRate,1,100.0Gbps,24,17, ,0.0,0.0,0.0,0.0,0.0
BitRate blocking probability per pair and bitRate,1,100.0Gbps,22,18, ,0.0,0.0,0.0,0.0,0.0
BitRate blocking probability per pair and bitRate,1,100.0Gbps,5,11, ,0.0,0.0,0.0,0.0,0.0
BitRate blocking probability per pair and bitRate,1,100.0Gbps,4,8, ,0.0,0.0,0.0,0.0,0.0
BitRate blocking probability per pair and bitRate,1,100.0Gbps,23,9, ,0.0,0.0,0.0,0.0,0.0
BitRate blocking probability per pair and bitRate,1,100.0Gbps,6,12, ,0.0,0.0,0.0,0.0,0.0
BitRate blocking probability per pair and bitRate,1,100.0Gbps,4,5, ,0.0,0.0,0.0,0.0,0.0
BitRate blocking probability per pair and bitRate,1,100.0Gbps,16,9, ,0.0,0.0,0.0,0.0,0.0
BitRate blocking probability per pair and bitRate,1,100.0Gbps,16,11, ,0.0,0.0,0.0,0.0,0.0
BitRate blocking probability per pair and bitRate,1,100.0Gbps,24,20, ,0.0,0.0,0.0,0.0,0.0
BitRate blocking probability per pair and bitRate,1,100.0Gbps,12,14, ,0.0,0.0,0.0,0.0,0.0
BitRate blocking probability per pair and bitRate,1,100.0Gbps,20,5, ,0.0,0.0,0.0,0.0,0.0
BitRate blocking probability per pair and bitRate,1,100.0Gbps,11,12, ,0.0,0.0,0.0,0.0,0.0
BitRate blocking probability per pair and bitRate,1,100.0Gbps,7,14, ,0.0,0.0,0.0,0.0,0.0
BitRate blocking probability per pair and bitRate,1,100.0Gbps,10,23, ,0.0,0.0,0.0,0.0,0.0
BitRate blocking probability per pair and bitRate,1,100.0Gbps,22,20, ,0.0,0.0,0.0,0.0,0.0
BitRate blocking probability per pair and bitRate,1,100.0Gbps,17,11, ,0.0,0.0,0.0,0.0,0.0
BitRate blocking probability per pair and bitRate,1,100.0Gbps,3,10, ,0.0,0.0,0.0,0.0,0.0
BitRate blocking probability per pair and bitRate,1,100.0Gbps,17,14, ,0.0,0.0,0.0,0.0,0.0
BitRate blocking probability per pair and bitRate,1,100.0Gbps,10,7, ,0.0,0.0,0.0,0.0,0.0
BitRate blocking probability per pair and bitRate,1,100.0Gbps,3,2, ,0.0,0.0,0.0,0.0,0.0
BitRate blocking probability per pair and bitRate,1,100.0Gbps,3,5, ,0.0,0.0,0.0,0.0,0.0
BitRate blocking probability per pair and bitRate,1,100.0Gbps,22,1, ,0.0,0.0,0.0,0.0,0.0
BitRate blocking probability per pair and bitRate,1,100.0Gbps,1,14, ,0.0,0.0,0.0,0.0,0.0
BitRate blocking probability per pair and bitRate,1,100.0Gbps,24,8, ,0.0,0.0,0.0,0.0,0.0
BitRate blocking probability per pair and bitRate,1,100.0Gbps,11,21, ,0.0,0.0,0.0,0.0,0.0
BitRate blocking probability per pair and bitRate,1,100.0Gbps,20,14, ,0.0,0.0,0.0,0.0,0.0
BitRate blocking probability per pair and bitRate,1,100.0Gbps,8,6, ,0.0,0.0,0.0,0.0,0.0
BitRate blocking probability per pair and bitRate,1,100.0Gbps,21,11, ,0.0,0.0,0.0,0.0,0.0
BitRate blocking probability per pair and bitRate,1,100.0Gbps,11,8, ,0.0,0.0,0.0,0.0,0.0
BitRate blocking probability per pair and bitRate,1,100.0Gbps,21,19, ,0.0,0.0,0.0,0.0,0.0
BitRate blocking probability per pair and bitRate,1,100.0Gbps,17,1, ,0.0,0.0,0.0,0.0,0.0
BitRate blocking probability per pair and bitRate,1,100.0Gbps,11,22, ,0.0,0.0,0.0,0.0,0.0
BitRate blocking probability per pair and bitRate,1,100.0Gbps,24,21, ,0.0,0.0,0.0,0.0,0.0
BitRate blocking probability per pair and bitRate,1,100.0Gbps,19,22, ,0.0,0.0,0.0,0.0,0.0
BitRate blocking probability per pair and bitRate,1,100.0Gbps,7,12, ,0.0,0.0,0.0,0.0,0.0
BitRate blocking probability per pair and bitRate,1,100.0Gbps,7,22, ,0.0,0.0,0.0,0.0,0.0
BitRate blocking probability per pair and bitRate,1,100.0Gbps,23,5, ,0.0,0.0,0.0,0.0,0.0
BitRate blocking probability per pair and bitRate,1,100.0Gbps,21,17, ,0.0,0.0,0.0,0.0,0.0
BitRate blocking probability per pair and bitRate,1,100.0Gbps,1,11, ,0.0,0.0,0.0,0.0,0.0
BitRate blocking probability per pair and bitRate,1,100.0Gbps,18,12, ,0.0,0.0,0.0,0.0,0.0
BitRate blocking probability per pair and bitRate,1,100.0Gbps,23,10, ,0.0,0.0,0.0,0.0,0.0
BitRate blocking probability per pair and bitRate,1,100.0Gbps,18,7, ,0.0,0.0,0.0,0.0,0.0
BitRate blocking probability per pair and bitRate,1,100.0Gbps,24,22, ,0.0,0.0,0.0,0.0,0.0
BitRate blocking probability per pair and bitRate,1,100.0Gbps,21,2, ,0.0,0.0,0.0,0.0,0.0
BitRate blocking probability per pair and bitRate,1,100.0Gbps,16,4, ,0.0,0.0,0.0,0.0,0.0
BitRate blocking probability per pair and bitRate,1,100.0Gbps,10,9, ,0.0,0.0,0.0,0.0,0.0
BitRate blocking probability per pair and bitRate,1,100.0Gbps,22,5, ,0.0,0.0,0.0,0.0,0.0
BitRate blocking probability per pair and bitRate,1,100.0Gbps,9,17, ,0.0,0.0,0.0,0.0,0.0
BitRate blocking probability per pair and bitRate,1,100.0Gbps,8,20, ,0.0,0.0,0.0,0.0,0.0
BitRate blocking probability per pair and bitRate,1,100.0Gbps,1,24, ,0.0,0.0,0.0,0.0,0.0
BitRate blocking probability per pair and bitRate,1,100.0Gbps,2,14, ,0.0,0.0,0.0,0.0,0.0
BitRate blocking probability per pair and bitRate,1,100.0Gbps,5,18, ,0.0,0.0,0.0,0.0,0.0
BitRate blocking probability per pair and bitRate,1,100.0Gbps,8,9, ,0.0,0.0,0.0,0.0,0.0
BitRate blocking probability per pair and bitRate,1,100.0Gbps,9,13, ,0.0,0.0,0.0,0.0,0.0
BitRate blocking probability per pair and bitRate,1,100.0Gbps,24,13, ,0.0,0.0,0.0,0.0,0.0
BitRate blocking probability per pair and bitRate,1,100.0Gbps,2,17, ,0.0,0.0,0.0,0.0,0.0
BitRate blocking probability per pair and bitRate,1,100.0Gbps,20,1, ,0.0,0.0,0.0,0.0,0.0
BitRate blocking probability per pair and bitRate,1,100.0Gbps,19,2, ,0.0,0.0,0.0,0.0,0.0
BitRate blocking probability per pair and bitRate,1,100.0Gbps,4,3, ,0.0,0.0,0.0,0.0,0.0
BitRate blocking probability per pair and bitRate,1,100.0Gbps,22,4, ,0.0,0.0,0.0,0.0,0.0
BitRate blocking probability per pair and bitRate,1,100.0Gbps,5,4, ,0.0,0.0,0.0,0.0,0.0
BitRate blocking probability per pair and bitRate,1,100.0Gbps,16,19, ,0.0,0.0,0.0,0.0,0.0
BitRate blocking probability per pair and bitRate,1,100.0Gbps,12,6, ,0.0,0.0,0.0,0.0,0.0
BitRate blocking probability per pair and bitRate,1,100.0Gbps,17,8, ,0.0,0.0,0.0,0.0,0.0
BitRate blocking probability per pair and bitRate,1,100.0Gbps,12,9, ,0.0,0.0,0.0,0.0,0.0
BitRate blocking probability per pair and bitRate,1,100.0Gbps,11,20, ,0.0,0.0,0.0,0.0,0.0
BitRate blocking probability per pair and bitRate,1,100.0Gbps,15,12, ,0.0,0.0,0.0,0.0,0.0
BitRate blocking probability per pair and bitRate,1,100.0Gbps,9,16, ,0.0,0.0,0.0,0.0,0.0
BitRate blocking probability per pair and bitRate,1,100.0Gbps,7,15, ,0.0,0.0,0.0,0.0,0.0
BitRate blocking probability per pair and bitRate,1,100.0Gbps,6,13, ,0.0,0.0,0.0,0.0,0.0
BitRate blocking probability per pair and bitRate,1,100.0Gbps,19,18, ,0.0,0.0,0.0,0.0,0.0
BitRate blocking probability per pair and bitRate,1,100.0Gbps,3,9, ,0.0,0.0,0.0,0.0,0.0
BitRate blocking probability per pair and bitRate,1,100.0Gbps,21,18, ,0.0,0.0,0.0,0.0,0.0
BitRate blocking probability per pair and bitRate,1,100.0Gbps,1,17, ,0.0,0.0,0.0,0.0,0.0
BitRate blocking probability per pair and bitRate,1,100.0Gbps,8,24, ,0.0,0.0,0.0,0.0,0.0
BitRate blocking probability per pair and bitRate,1,100.0Gbps,7,16, ,0.0,0.0,0.0,0.0,0.0
BitRate blocking probability per pair and bitRate,1,100.0Gbps,15,21, ,0.0,0.0,0.0,0.0,0.0
BitRate blocking probability per pair and bitRate,1,100.0Gbps,18,22, ,0.0,0.0,0.0,0.0,0.0
BitRate blocking probability per pair and bitRate,1,100.0Gbps,14,2, ,0.0,0.0,0.0,0.0,0.0
BitRate blocking probability per pair and bitRate,1,100.0Gbps,2,12, ,0.0,0.0,0.0,0.0,0.0
BitRate blocking probability per pair and bitRate,1,100.0Gbps,12,8, ,0.0,0.0,0.0,0.0,0.0
BitRate blocking probability per pair and bitRate,1,100.0Gbps,1,13, ,0.0,0.0,0.0,0.0,0.0
BitRate blocking probability per pair and bitRate,1,100.0Gbps,8,18, ,0.0,0.0,0.0,0.0,0.0
BitRate blocking probability per pair and bitRate,1,100.0Gbps,15,6, ,0.0,0.0,0.0,0.0,0.0
BitRate blocking probability per pair and bitRate,1,100.0Gbps,6,20, ,0.0,0.0,0.0,0.0,0.0
BitRate blocking probability per pair and bitRate,1,100.0Gbps,7,21, ,0.0,0.0,0.0,0.0,0.0
BitRate blocking probability per pair and bitRate,1,100.0Gbps,9,3, ,0.0,0.0,0.0,0.0,0.0
BitRate blocking probability per pair and bitRate,1,100.0Gbps,12,13, ,0.0,0.0,0.0,0.0,0.0
BitRate blocking probability per pair and bitRate,1,100.0Gbps,8,22, ,0.0,0.0,0.0,0.0,0.0
BitRate blocking probability per pair and bitRate,1,100.0Gbps,2,3, ,0.0,0.0,0.0,0.0,0.0
BitRate blocking probability per pair and bitRate,1,100.0Gbps,14,18, ,0.0,0.0,0.0,0.0,0.0
BitRate blocking probability per pair and bitRate,1,100.0Gbps,23,20, ,0.0,0.0,0.0,0.0,0.0
BitRate blocking probability per pair and bitRate,1,100.0Gbps,4,20, ,0.0,0.0,0.0,0.0,0.0
BitRate blocking probability per pair and bitRate,1,100.0Gbps,4,24, ,0.0,0.0,0.0,0.0,0.0
BitRate blocking probability per pair and bitRate,1,100.0Gbps,16,15, ,0.0,0.0,0.0,0.0,0.0
BitRate blocking probability per pair and bitRate,1,100.0Gbps,24,16, ,0.0,0.0,0.0,0.0,0.0
BitRate blocking probability per pair and bitRate,1,100.0Gbps,19,12, ,0.0,0.0,0.0,0.0,0.0
BitRate blocking probability per pair and bitRate,1,100.0Gbps,6,15, ,0.0,0.0,0.0,0.0,0.0
BitRate blocking probability per pair and bitRate,1,100.0Gbps,8,7, ,0.0,0.0,0.0,0.0,0.0
BitRate blocking probability per pair and bitRate,1,100.0Gbps,2,20, ,0.0,0.0,0.0,0.0,0.0
BitRate blocking probability per pair and bitRate,1,100.0Gbps,11,9, ,0.0,0.0,0.0,0.0,0.0
BitRate blocking probability per pair and bitRate,1,100.0Gbps,4,12, ,0.0,0.0,0.0,0.0,0.0
BitRate blocking probability per pair and bitRate,1,100.0Gbps,13,23, ,0.0,0.0,0.0,0.0,0.0
BitRate blocking probability per pair and bitRate,1,100.0Gbps,11,16, ,0.0,0.0,0.0,0.0,0.0
BitRate blocking probability per pair and bitRate,1,100.0Gbps,3,11, ,0.0,0.0,0.0,0.0,0.0
BitRate blocking probability per pair and bitRate,1,100.0Gbps,2,5, ,0.0,0.0,0.0,0.0,0.0
BitRate blocking probability per pair and bitRate,1,100.0Gbps,3,24, ,0.0,0.0,0.0,0.0,0.0
BitRate blocking probability per pair and bitRate,1,100.0Gbps,18,1, ,0.0,0.0,0.0,0.0,0.0
BitRate blocking probability per pair and bitRate,1,100.0Gbps,10,2, ,0.0,0.0,0.0,0.0,0.0
BitRate blocking probability per pair and bitRate,1,100.0Gbps,15,16, ,0.0,0.0,0.0,0.0,0.0
BitRate blocking probability per pair and bitRate,1,100.0Gbps,20,17, ,0.0,0.0,0.0,0.0,0.0
BitRate blocking probability per pair and bitRate,1,100.0Gbps,5,13, ,0.0,0.0,0.0,0.0,0.0
BitRate blocking probability per pair and bitRate,1,100.0Gbps,24,15, ,0.0,0.0,0.0,0.0,0.0
BitRate blocking probability per pair and bitRate,1,100.0Gbps,12,17, ,0.0,0.0,0.0,0.0,0.0
BitRate blocking probability per pair and bitRate,1,100.0Gbps,20,2, ,0.0,0.0,0.0,0.0,0.0
BitRate blocking probability per pair and bitRate,1,100.0Gbps,5,19, ,0.0,0.0,0.0,0.0,0.0
BitRate blocking probability per pair and bitRate,1,100.0Gbps,6,8, ,0.0,0.0,0.0,0.0,0.0
BitRate blocking probability per pair and bitRate,1,100.0Gbps,4,10, ,0.0,0.0,0.0,0.0,0.0
BitRate blocking probability per pair and bitRate,1,100.0Gbps,1,4, ,0.0,0.0,0.0,0.0,0.0
BitRate blocking probability per pair and bitRate,1,100.0Gbps,12,23, ,0.0,0.0,0.0,0.0,0.0
BitRate blocking probability per pair and bitRate,1,100.0Gbps,23,4, ,0.0,0.0,0.0,0.0,0.0
BitRate blocking probability per pair and bitRate,1,100.0Gbps,12,20, ,0.0,0.0,0.0,0.0,0.0
BitRate blocking probability per pair and bitRate,1,100.0Gbps,11,19, ,0.0,0.0,0.0,0.0,0.0
BitRate blocking probability per pair and bitRate,1,100.0Gbps,2,11, ,0.0,0.0,0.0,0.0,0.0
BitRate blocking probability per pair and bitRate,1,100.0Gbps,8,23, ,0.0,0.0,0.0,0.0,0.0
BitRate blocking probability per pair and bitRate,1,100.0Gbps,10,14, ,0.0,0.0,0.0,0.0,0.0
BitRate blocking probability per pair and bitRate,1,100.0Gbps,21,22, ,0.0,0.0,0.0,0.0,0.0
BitRate blocking probability per pair and bitRate,1,100.0Gbps,9,11, ,0.0,0.0,0.0,0.0,0.0
BitRate blocking probability per pair and bitRate,1,100.0Gbps,23,7, ,0.0,0.0,0.0,0.0,0.0
BitRate blocking probability per pair and bitRate,1,100.0Gbps,24,18, ,0.0,0.0,0.0,0.0,0.0
BitRate blocking probability per pair and bitRate,1,100.0Gbps,14,24, ,0.0,0.0,0.0,0.0,0.0
BitRate blocking probability per pair and bitRate,1,100.0Gbps,6,4, ,0.0,0.0,0.0,0.0,0.0
BitRate blocking probability per pair and bitRate,1,100.0Gbps,21,9, ,0.0,0.0,0.0,0.0,0.0
BitRate blocking probability per pair and bitRate,1,100.0Gbps,15,1, ,0.0,0.0,0.0,0.0,0.0
BitRate blocking probability per pair and bitRate,1,100.0Gbps,13,8, ,0.0,0.0,0.0,0.0,0.0
BitRate blocking probability per pair and bitRate,1,100.0Gbps,13,12, ,0.0,0.0,0.0,0.0,0.0
BitRate blocking probability per pair and bitRate,1,100.0Gbps,12,11, ,0.0,0.0,0.0,0.0,0.0
BitRate blocking probability per pair and bitRate,1,100.0Gbps,23,16, ,0.0,0.0,0.0,0.0,0.0
BitRate blocking probability per pair and bitRate,1,100.0Gbps,16,10, ,0.0,0.0,0.0,0.0,0.0
BitRate blocking probability per pair and bitRate,1,100.0Gbps,14,4, ,0.0,0.0,0.0,0.0,0.0
BitRate blocking probability per pair and bitRate,1,100.0Gbps,10,21, ,0.0,0.0,0.0,0.0,0.0
BitRate blocking probability per pair and bitRate,1,100.0Gbps,1,16, ,0.0,0.0,0.0,0.0,0.0
BitRate blocking probability per pair and bitRate,1,100.0Gbps,5,14, ,0.0,0.0,0.0,0.0,0.0
BitRate blocking probability per pair and bitRate,1,100.0Gbps,14,3, ,0.0,0.0,0.0,0.0,0.0
BitRate blocking probability per pair and bitRate,1,100.0Gbps,9,5, ,0.0,0.0,0.0,0.0,0.0
BitRate blocking probability per pair and bitRate,1,100.0Gbps,11,23, ,0.0,0.0,0.0,0.0,0.0
BitRate blocking probability per pair and bitRate,1,100.0Gbps,23,12, ,0.0,0.0,0.0,0.0,0.0
BitRate blocking probability per pair and bitRate,1,100.0Gbps,18,4, ,0.0,0.0,0.0,0.0,0.0
BitRate blocking probability per pair and bitRate,1,100.0Gbps,19,10, ,0.0,0.0,0.0,0.0,0.0
BitRate blocking probability per pair and bitRate,1,100.0Gbps,14,19, ,0.0,0.0,0.0,0.0,0.0
BitRate blocking probability per pair and bitRate,1,100.0Gbps,3,18, ,0.0,0.0,0.0,0.0,0.0
BitRate blocking probability per pair and bitRate,1,100.0Gbps,1,21, ,0.0,0.0,0.0,0.0,0.0
BitRate blocking probability per pair and bitRate,1,100.0Gbps,10,16, ,0.0,0.0,0.0,0.0,0.0
BitRate blocking probability per pair and bitRate,1,100.0Gbps,24,9, ,0.0,0.0,0.0,0.0,0.0
BitRate blocking probability per pair and bitRate,1,100.0Gbps,3,21, ,0.0,0.0,0.0,0.0,0.0
BitRate blocking probability per pair and bitRate,1,100.0Gbps,12,24, ,0.0,0.0,0.0,0.0,0.0
BitRate blocking probability per pair and bitRate,1,100.0Gbps,15,9, ,0.0,0.0,0.0,0.0,0.0
BitRate blocking probability per pair and bitRate,1,100.0Gbps,18,14, ,0.0,0.0,0.0,0.0,0.0
BitRate blocking probability per pair and bitRate,1,100.0Gbps,16,3, ,0.0,0.0,0.0,0.0,0.0
BitRate blocking probability per pair and bitRate,1,100.0Gbps,15,5, ,0.0,0.0,0.0,0.0,0.0
BitRate blocking probability per pair and bitRate,1,100.0Gbps,16,21, ,0.0,0.0,0.0,0.0,0.0
BitRate blocking probability per pair and bitRate,1,100.0Gbps,8,17, ,0.0,0.0,0.0,0.0,0.0
BitRate blocking probability per pair and bitRate,1,100.0Gbps,5,16, ,0.0,0.0,0.0,0.0,0.0
BitRate blocking probability per pair and bitRate,1,100.0Gbps,21,4, ,0.0,0.0,0.0,0.0,0.0
BitRate blocking probability per pair and bitRate,1,100.0Gbps,17,19, ,0.0,0.0,0.0,0.0,0.0
BitRate blocking probability per pair and bitRate,1,100.0Gbps,16,12, ,0.0,0.0,0.0,0.0,0.0
BitRate blocking probability per pair and bitRate,1,100.0Gbps,7,19, ,0.0,0.0,0.0,0.0,0.0
BitRate blocking probability per pair and bitRate,1,100.0Gbps,8,19, ,0.0,0.0,0.0,0.0,0.0
BitRate blocking probability per pair and bitRate,1,100.0Gbps,9,20, ,0.0,0.0,0.0,0.0,0.0
BitRate blocking probability per pair and bitRate,1,100.0Gbps,13,10, ,0.0,0.0,0.0,0.0,0.0
BitRate blocking probability per pair and bitRate,1,100.0Gbps,17,16, ,0.0,0.0,0.0,0.0,0.0
BitRate blocking probability per pair and bitRate,1,100.0Gbps,5,7, ,0.0,0.0,0.0,0.0,0.0
BitRate blocking probability per pair and bitRate,1,100.0Gbps,5,10, ,0.0,0.0,0.0,0.0,0.0
BitRate blocking probability per pair and bitRate,1,100.0Gbps,22,14, ,0.0,0.0,0.0,0.0,0.0
BitRate blocking probability per pair and bitRate,1,100.0Gbps,2,24, ,0.0,0.0,0.0,0.0,0.0
BitRate blocking probability per pair and bitRate,1,100.0Gbps,11,15, ,0.0,0.0,0.0,0.0,0.0
BitRate blocking probability per pair and bitRate,1,100.0Gbps,19,13, ,0.0,0.0,0.0,0.0,0.0
BitRate blocking probability per pair and bitRate,1,100.0Gbps,9,14, ,0.0,0.0,0.0,0.0,0.0
BitRate blocking probability per pair and bitRate,1,100.0Gbps,13,20, ,0.0,0.0,0.0,0.0,0.0
BitRate blocking probability per pair and bitRate,1,100.0Gbps,20,15, ,0.0,0.0,0.0,0.0,0.0
BitRate blocking probability per pair and bitRate,1,100.0Gbps,1,9, ,0.0,0.0,0.0,0.0,0.0
BitRate blocking probability per pair and bitRate,1,100.0Gbps,4,16, ,0.0,0.0,0.0,0.0,0.0
BitRate blocking probability per pair and bitRate,1,100.0Gbps,21,20, ,0.0,0.0,0.0,0.0,0.0
BitRate blocking probability per pair and bitRate,1,100.0Gbps,6,18, ,0.0,0.0,0.0,0.0,0.0
BitRate blocking probability per pair and bitRate,1,100.0Gbps,3,20, ,0.0,0.0,0.0,0.0,0.0
BitRate blocking probability per pair and bitRate,1,100.0Gbps,21,10, ,0.0,0.0,0.0,0.0,0.0
BitRate blocking probability per pair and bitRate,1,100.0Gbps,2,19, ,0.0,0.0,0.0,0.0,0.0
BitRate blocking probability per pair and bitRate,1,100.0Gbps,7,17, ,0.0,0.0,0.0,0.0,0.0
BitRate blocking probability per pair and bitRate,1,100.0Gbps,14,5, ,0.0,0.0,0.0,0.0,0.0
BitRate blocking probability per pair and bitRate,1,100.0Gbps,7,13, ,0.0,0.0,0.0,0.0,0.0
BitRate blocking probability per pair and bitRate,1,100.0Gbps,5,15, ,0.0,0.0,0.0,0.0,0.0
BitRate blocking probability per pair and bitRate,1,100.0Gbps,18,8, ,0.0,0.0,0.0,0.0,0.0
BitRate blocking probability per pair and bitRate,1,100.0Gbps,19,17, ,0.0,0.0,0.0,0.0,0.0
BitRate blocking probability per pair and bitRate,1,100.0Gbps,19,21, ,0.0,0.0,0.0,0.0,0.0
BitRate blocking probability per pair and bitRate,1,100.0Gbps,19,3, ,0.0,0.0,0.0,0.0,0.0
BitRate blocking probability per pair and bitRate,1,100.0Gbps,13,19, ,0.0,0.0,0.0,0.0,0.0
BitRate blocking probability per pair and bitRate,1,100.0Gbps,12,18, ,0.0,0.0,0.0,0.0,0.0
BitRate blocking probability per pair and bitRate,1,100.0Gbps,13,3, ,0.0,0.0,0.0,0.0,0.0
BitRate blocking probability per pair and bitRate,1,100.0Gbps,7,18, ,0.0,0.0,0.0,0.0,0.0
BitRate blocking probability per pair and bitRate,1,100.0Gbps,17,12, ,0.0,0.0,0.0,0.0,0.0
BitRate blocking probability per pair and bitRate,1,100.0Gbps,13,9, ,0.0,0.0,0.0,0.0,0.0
BitRate blocking probability per pair and bitRate,1,100.0Gbps,6,22, ,0.0,0.0,0.0,0.0,0.0
BitRate blocking probability per pair and bitRate,1,100.0Gbps,1,15, ,0.0,0.0,0.0,0.0,0.0
BitRate blocking probability per pair and bitRate,1,100.0Gbps,3,19, ,0.0,0.0,0.0,0.0,0.0
BitRate blocking probability per pair and bitRate,1,100.0Gbps,12,4, ,0.0,0.0,0.0,0.0,0.0
BitRate blocking probability per pair and bitRate,1,100.0Gbps,16,24, ,0.0,0.0,0.0,0.0,0.0
BitRate blocking probability per pair and bitRate,1,100.0Gbps,6,10, ,0.0,0.0,0.0,0.0,0.0
BitRate blocking probability per pair and bitRate,1,100.0Gbps,2,18, ,0.0,0.0,0.0,0.0,0.0
BitRate blocking probability per pair and bitRate,1,100.0Gbps,18,21, ,0.0,0.0,0.0,0.0,0.0
BitRate blocking probability per pair and bitRate,1,100.0Gbps,18,3, ,0.0,0.0,0.0,0.0,0.0
BitRate blocking probability per pair and bitRate,1,100.0Gbps,15,18, ,0.0,0.0,0.0,0.0,0.0
BitRate blocking probability per pair and bitRate,1,100.0Gbps,4,14, ,0.0,0.0,0.0,0.0,0.0
BitRate blocking probability per pair and bitRate,1,100.0Gbps,7,20, ,0.0,0.0,0.0,0.0,0.0
BitRate blocking probability per pair and bitRate,1,100.0Gbps,13,15, ,0.0,0.0,0.0,0.0,0.0
BitRate blocking probability per pair and bitRate,1,100.0Gbps,13,21, ,0.0,0.0,0.0,0.0,0.0
BitRate blocking probability per pair and bitRate,1,100.0Gbps,15,14, ,0.0,0.0,0.0,0.0,0.0
BitRate blocking probability per pair and bitRate,1,100.0Gbps,3,15, ,0.0,0.0,0.0,0.0,0.0
BitRate blocking probability per pair and bitRate,1,100.0Gbps,18,5, ,0.0,0.0,0.0,0.0,0.0
BitRate blocking probability per pair and bitRate,1,100.0Gbps,12,1, ,0.0,0.0,0.0,0.0,0.0
BitRate blocking probability per pair and bitRate,1,100.0Gbps,6,7, ,0.0,0.0,0.0,0.0,0.0
BitRate blocking probability per pair and bitRate,1,100.0Gbps,24,3, ,0.0,0.0,0.0,0.0,0.0
BitRate blocking probability per pair and bitRate,1,100.0Gbps,19,5, ,0.0,0.0,0.0,0.0,0.0
BitRate blocking probability per pair and bitRate,1,100.0Gbps,20,19, ,0.0,0.0,0.0,0.0,0.0
BitRate blocking probability per pair and bitRate,1,100.0Gbps,5,17, ,0.0,0.0,0.0,0.0,0.0
BitRate blocking probability per pair and bitRate,1,100.0Gbps,20,12, ,0.0,0.0,0.0,0.0,0.0
BitRate blocking probability per pair and bitRate,1,100.0Gbps,4,22, ,0.0,0.0,0.0,0.0,0.0
BitRate blocking probability per pair and bitRate,1,100.0Gbps,7,8, ,0.0,0.0,0.0,0.0,0.0
BitRate blocking probability per pair and bitRate,1,100.0Gbps,14,1, ,0.0,0.0,0.0,0.0,0.0
BitRate blocking probability per pair and bitRate,1,100.0Gbps,20,21, ,0.0,0.0,0.0,0.0,0.0
BitRate blocking probability per pair and bitRate,1,100.0Gbps,1,6, ,0.0,0.0,0.0,0.0,0.0
BitRate blocking probability per pair and bitRate,1,100.0Gbps,13,2, ,0.0,0.0,0.0,0.0,0.0
BitRate blocking probability per pair and bitRate,1,100.0Gbps,14,20, ,0.0,0.0,0.0,0.0,0.0
BitRate blocking probability per pair and bitRate,1,100.0Gbps,16,20, ,0.0,0.0,0.0,0.0,0.0
BitRate blocking probability per pair and bitRate,1,100.0Gbps,18,15, ,0.0,0.0,0.0,0.0,0.0
BitRate blocking probability per pair and bitRate,1,100.0Gbps,6,2, ,0.0,0.0,0.0,0.0,0.0
BitRate blocking probability per pair and bitRate,1,100.0Gbps,9,15, ,0.0,0.0,0.0,0.0,0.0
BitRate blocking probability per pair and bitRate,1,100.0Gbps,15,17, ,0.0,0.0,0.0,0.0,0.0
BitRate blocking probability per pair and bitRate,1,100.0Gbps,18,2, ,0.0,0.0,0.0,0.0,0.0
BitRate blocking probability per pair and bitRate,1,100.0Gbps,15,24, ,0.0,0.0,0.0,0.0,0.0
BitRate blocking probability per pair and bitRate,1,100.0Gbps,7,10, ,0.0,0.0,0.0,0.0,0.0
BitRate blocking probability per pair and bitRate,1,100.0Gbps,14,21, ,0.0,0.0,0.0,0.0,0.0
BitRate blocking probability per pair and bitRate,1,100.0Gbps,23,15, ,0.0,0.0,0.0,0.0,0.0
BitRate blocking probability per pair and bitRate,1,100.0Gbps,11,1, ,0.0,0.0,0.0,0.0,0.0
BitRate blocking probability per pair and bitRate,1,100.0Gbps,19,20, ,0.0,0.0,0.0,0.0,0.0
BitRate blocking probability per pair and bitRate,1,100.0Gbps,1,8, ,0.0,0.0,0.0,0.0,0.0
BitRate blocking probability per pair and bitRate,1,100.0Gbps,16,1, ,0.0,0.0,0.0,0.0,0.0
BitRate blocking probability per pair and bitRate,1,100.0Gbps,24,5, ,0.0,0.0,0.0,0.0,0.0
BitRate blocking probability per pair and bitRate,1,100.0Gbps,2,4, ,0.0,0.0,0.0,0.0,0.0
BitRate blocking probability per pair and bitRate,1,100.0Gbps,10,5, ,0.0,0.0,0.0,0.0,0.0
BitRate blocking probability per pair and bitRate,1,100.0Gbps,21,7, ,0.0,0.0,0.0,0.0,0.0
BitRate blocking probability per pair and bitRate,1,100.0Gbps,23,11, ,0.0,0.0,0.0,0.0,0.0
BitRate blocking probability per pair and bitRate,1,100.0Gbps,19,6, ,0.0,0.0,0.0,0.0,0.0
BitRate blocking probability per pair and bitRate,1,100.0Gbps,10,17, ,0.0,0.0,0.0,0.0,0.0
BitRate blocking probability per pair and bitRate,1,100.0Gbps,3,8, ,0.0,0.0,0.0,0.0,0.0
BitRate blocking probability per pair and bitRate,1,100.0Gbps,3,23, ,0.0,0.0,0.0,0.0,0.0
BitRate blocking probability per pair and bitRate,1,100.0Gbps,17,9, ,0.0,0.0,0.0,0.0,0.0
BitRate blocking probability per pair and bitRate,1,100.0Gbps,9,18, ,0.0,0.0,0.0,0.0,0.0
BitRate blocking probability per pair and bitRate,1,100.0Gbps,1,3, ,0.0,0.0,0.0,0.0,0.0
BitRate blocking probability per pair and bitRate,1,100.0Gbps,10,20, ,0.0,0.0,0.0,0.0,0.0
BitRate blocking probability per pair and bitRate,1,100.0Gbps,21,6, ,0.0,0.0,0.0,0.0,0.0
BitRate blocking probability per pair and bitRate,1,100.0Gbps,8,5, ,0.0,0.0,0.0,0.0,0.0
BitRate blocking probability per pair and bitRate,1,100.0Gbps,9,8, ,0.0,0.0,0.0,0.0,0.0
BitRate blocking probability per pair and bitRate,1,100.0Gbps,24,4, ,0.0,0.0,0.0,0.0,0.0
BitRate blocking probability per pair and bitRate,1,100.0Gbps,1,12, ,0.0,0.0,0.0,0.0,0.0
BitRate blocking probability per pair and bitRate,1,100.0Gbps,11,5, ,0.0,0.0,0.0,0.0,0.0
BitRate blocking probability per pair and bitRate,1,100.0Gbps,22,7, ,0.0,0.0,0.0,0.0,0.0
BitRate blocking probability per pair and bitRate,1,100.0Gbps,22,8, ,0.0,0.0,0.0,0.0,0.0
BitRate blocking probability per pair and bitRate,1,100.0Gbps,20,22, ,0.0,0.0,0.0,0.0,0.0
BitRate blocking probability per pair and bitRate,1,100.0Gbps,13,24, ,0.0,0.0,0.0,0.0,0.0
BitRate blocking probability per pair and bitRate,1,100.0Gbps,1,7, ,0.0,0.0,0.0,0.0,0.0
BitRate blocking probability per pair and bitRate,1,100.0Gbps,17,20, ,0.0,0.0,0.0,0.0,0.0
BitRate blocking probability per pair and bitRate,1,100.0Gbps,16,18, ,0.0,0.0,0.0,0.0,0.0
BitRate blocking probability per pair and bitRate,1,100.0Gbps,16,8, ,0.0,0.0,0.0,0.0,0.0
BitRate blocking probability per pair and bitRate,1,100.0Gbps,12,15, ,0.0,0.0,0.0,0.0,0.0
BitRate blocking probability per pair and bitRate,1,100.0Gbps,17,5, ,0.0,0.0,0.0,0.0,0.0
BitRate blocking probability per pair and bitRate,1,100.0Gbps,23,14, ,0.0,0.0,0.0,0.0,0.0
BitRate blocking probability per pair and bitRate,1,100.0Gbps,1,19, ,0.0,0.0,0.0,0.0,0.0
BitRate blocking probability per pair and bitRate,1,100.0Gbps,17,7, ,0.0,0.0,0.0,0.0,0.0
BitRate blocking probability per pair and bitRate,1,100.0Gbps,18,9, ,0.0,0.0,0.0,0.0,0.0
BitRate blocking probability per pair and bitRate,1,100.0Gbps,18,23, ,0.0,0.0,0.0,0.0,0.0
BitRate blocking probability per pair and bitRate,1,100.0Gbps,13,22, ,0.0,0.0,0.0,0.0,0.0
BitRate blocking probability per pair and bitRate,1,100.0Gbps,7,6, ,0.0,0.0,0.0,0.0,0.0
BitRate blocking probability per pair and bitRate,1,100.0Gbps,9,23, ,0.0,0.0,0.0,0.0,0.0
BitRate blocking probability per pair and bitRate,1,100.0Gbps,13,6, ,0.0,0.0,0.0,0.0,0.0
BitRate blocking probability per pair and bitRate,1,100.0Gbps,15,8, ,0.0,0.0,0.0,0.0,0.0
BitRate blocking probability per pair and bitRate,1,100.0Gbps,13,14, ,0.0,0.0,0.0,0.0,0.0
BitRate blocking probability per pair and bitRate,1,100.0Gbps,20,3, ,0.0,0.0,0.0,0.0,0.0
BitRate blocking probability per pair and bitRate,1,100.0Gbps,21,16, ,0.0,0.0,0.0,0.0,0.0
BitRate blocking probability per pair and bitRate,1,100.0Gbps,3,16, ,0.0,0.0,0.0,0.0,0.0
BitRate blocking probability per pair and bitRate,1,100.0Gbps,22,13, ,0.0,0.0,0.0,0.0,0.0
BitRate blocking probability per pair and bitRate,1,100.0Gbps,3,14, ,0.0,0.0,0.0,0.0,0.0
BitRate blocking probability per pair and bitRate,1,100.0Gbps,3,7, ,0.0,0.0,0.0,0.0,0.0
BitRate blocking probability per pair and bitRate,1,100.0Gbps,10,22, ,0.0,0.0,0.0,0.0,0.0
BitRate blocking probability per pair and bitRate,1,100.0Gbps,8,10, ,0.0,0.0,0.0,0.0,0.0
BitRate blocking probability per pair and bitRate,1,100.0Gbps,22,6, ,0.0,0.0,0.0,0.0,0.0
BitRate blocking probability per pair and bitRate,1,100.0Gbps,5,2, ,0.0,0.0,0.0,0.0,0.0
BitRate blocking probability per pair and bitRate,1,100.0Gbps,13,5, ,0.0,0.0,0.0,0.0,0.0
BitRate blocking probability per pair and bitRate,1,100.0Gbps,23,8, ,0.0,0.0,0.0,0.0,0.0
BitRate blocking probability per pair and bitRate,1,100.0Gbps,13,11, ,0.0,0.0,0.0,0.0,0.0
BitRate blocking probability per pair and bitRate,1,100.0Gbps,13,7, ,0.0,0.0,0.0,0.0,0.0
BitRate blocking probability per pair and bitRate,1,100.0Gbps,3,13, ,0.0,0.0,0.0,0.0,0.0
BitRate blocking probability per pair and bitRate,1,100.0Gbps,10,12, ,0.0,0.0,0.0,0.0,0.0
BitRate blocking probability per pair and bitRate,1,100.0Gbps,24,11, ,0.0,0.0,0.0,0.0,0.0
BitRate blocking probability per pair and bitRate,1,100.0Gbps,9,7, ,0.0,0.0,0.0,0.0,0.0
BitRate blocking probability per pair and bitRate,1,100.0Gbps,24,12, ,0.0,0.0,0.0,0.0,0.0
BitRate blocking probability per pair and bitRate,1,100.0Gbps,15,3, ,0.0,0.0,0.0,0.0,0.0
BitRate blocking probability per pair and bitRate,1,100.0Gbps,22,11, ,0.0,0.0,0.0,0.0,0.0
BitRate blocking probability per pair and bitRate,1,100.0Gbps,18,19, ,0.0,0.0,0.0,0.0,0.0
BitRate blocking probability per pair and bitRate,1,100.0Gbps,16,7, ,0.0,0.0,0.0,0.0,0.0
BitRate blocking probability per pair and bitRate,1,100.0Gbps,5,24, ,0.0,0.0,0.0,0.0,0.0
BitRate blocking probability per pair and bitRate,1,100.0Gbps,10,19, ,0.0,0.0,0.0,0.0,0.0
BitRate blocking probability per pair and bitRate,1,100.0Gbps,23,13, ,0.0,0.0,0.0,0.0,0.0
BitRate blocking probability per pair and bitRate,1,100.0Gbps,12,3, ,0.0,0.0,0.0,0.0,0.0
BitRate blocking probability per pair and bitRate,1,100.0Gbps,9,10, ,0.0,0.0,0.0,0.0,0.0
BitRate blocking probability per pair and bitRate,1,100.0Gbps,4,18, ,0.0,0.0,0.0,0.0,0.0
BitRate blocking probability per pair and bitRate,1,100.0Gbps,4,19, ,0.0,0.0,0.0,0.0,0.0
BitRate blocking probability per pair and bitRate,1,100.0Gbps,17,15, ,0.0,0.0,0.0,0.0,0.0
BitRate blocking probability per pair and bitRate,1,100.0Gbps,2,22, ,0.0,0.0,0.0,0.0,0.0
BitRate blocking probability per pair and bitRate,1,100.0Gbps,11,17, ,0.0,0.0,0.0,0.0,0.0
BitRate blocking probability per pair and bitRate,1,100.0Gbps,18,13, ,0.0,0.0,0.0,0.0,0.0
BitRate blocking probability per pair and bitRate,1,100.0Gbps,24,10, ,0.0,0.0,0.0,0.0,0.0
BitRate blocking probability per pair and bitRate,1,100.0Gbps,11,13, ,0.0,0.0,0.0,0.0,0.0
BitRate blocking probability per pair and bitRate,1,100.0Gbps,12,22, ,0.0,0.0,0.0,0.0,0.0
BitRate blocking probability per pair and bitRate,1,100.0Gbps,20,23, ,0.0,0.0,0.0,0.0,0.0
BitRate blocking probability per pair and bitRate,1,100.0Gbps,4,7, ,0.0,0.0,0.0,0.0,0.0
BitRate blocking probability per pair and bitRate,1,100.0Gbps,9,12, ,0.0,0.0,0.0,0.0,0.0
BitRate blocking probability per pair and bitRate,1,100.0Gbps,4,13, ,0.0,0.0,0.0,0.0,0.0
BitRate blocking probability per pair and bitRate,1,100.0Gbps,20,13, ,0.0,0.0,0.0,0.0,0.0
BitRate blocking probability per pair and bitRate,1,100.0Gbps,10,3, ,0.0,0.0,0.0,0.0,0.0
BitRate blocking probability per pair and bitRate,1,100.0Gbps,21,3, ,0.0,0.0,0.0,0.0,0.0
BitRate blocking probability per pair and bitRate,1,100.0Gbps,7,9, ,0.0,0.0,0.0,0.0,0.0
BitRate blocking probability per pair and bitRate,1,100.0Gbps,12,19, ,0.0,0.0,0.0,0.0,0.0
BitRate blocking probability per pair and bitRate,1,100.0Gbps,19,16, ,0.0,0.0,0.0,0.0,0.0
BitRate blocking probability per pair and bitRate,1,100.0Gbps,20,11, ,0.0,0.0,0.0,0.0,0.0
BitRate blocking probability per pair and bitRate,1,100.0Gbps,22,9, ,0.0,0.0,0.0,0.0,0.0
BitRate blocking probability per pair and bitRate,1,100.0Gbps,7,11, ,0.0,0.0,0.0,0.0,0.0
BitRate blocking probability per pair and bitRate,1,100.0Gbps,6,1, ,0.0,0.0,0.0,0.0,0.0
BitRate blocking probability per pair and bitRate,1,100.0Gbps,6,14, ,0.0,0.0,0.0,0.0,0.0
BitRate blocking probability per pair and bitRate,1,100.0Gbps,21,1, ,0.0,0.0,0.0,0.0,0.0
BitRate blocking probability per pair and bitRate,1,100.0Gbps,4,23, ,0.0,0.0,0.0,0.0,0.0
BitRate blocking probability per pair and bitRate,1,100.0Gbps,1,5, ,0.0,0.0,0.0,0.0,0.0
BitRate blocking probability per pair and bitRate,1,100.0Gbps,3,22, ,0.0,0.0,0.0,0.0,0.0
BitRate blocking probability per pair and bitRate,1,100.0Gbps,5,23, ,0.0,0.0,0.0,0.0,0.0
BitRate blocking probability per pair and bitRate,1,100.0Gbps,14,9, ,0.0,0.0,0.0,0.0,0.0
BitRate blocking probability per pair and bitRate,1,100.0Gbps,23,6, ,0.0,0.0,0.0,0.0,0.0
BitRate blocking probability per pair and bitRate,1,100.0Gbps,6,19, ,0.0,0.0,0.0,0.0,0.0
BitRate blocking probability per pair and bitRate,1,100.0Gbps,14,13, ,0.0,0.0,0.0,0.0,0.0
BitRate blocking probability per pair and bitRate,1,100.0Gbps,14,11, ,0.0,0.0,0.0,0.0,0.0
BitRate blocking probability per pair and bitRate,1,100.0Gbps,12,21, ,0.0,0.0,0.0,0.0,0.0
BitRate blocking probability per pair and bitRate,1,100.0Gbps,2,8, ,0.0,0.0,0.0,0.0,0.0
BitRate blocking probability per pair and bitRate,1,100.0Gbps,16,13, ,0.0,0.0,0.0,0.0,0.0
BitRate blocking probability per pair and bitRate,1,100.0Gbps,20,18, ,0.0,0.0,0.0,0.0,0.0
BitRate blocking probability per pair and bitRate,1,100.0Gbps,6,9, ,0.0,0.0,0.0,0.0,0.0
BitRate blocking probability per pair and bitRate,1,100.0Gbps,6,23, ,0.0,0.0,0.0,0.0,0.0
BitRate blocking probability per pair and bitRate,1,100.0Gbps,10,4, ,0.0,0.0,0.0,0.0,0.0
BitRate blocking probability per pair and bitRate,1,100.0Gbps,17,23, ,0.0,0.0,0.0,0.0,0.0
BitRate blocking probability per pair and bitRate,1,100.0Gbps,17,18, ,0.0,0.0,0.0,0.0,0.0
BitRate blocking probability per pair and bitRate,1,100.0Gbps,14,12, ,0.0,0.0,0.0,0.0,0.0
BitRate blocking probability per pair and bitRate,1,100.0Gbps,14,17, ,0.0,0.0,0.0,0.0,0.0
BitRate blocking probability per pair and bitRate,1,100.0Gbps,19,7, ,0.0,0.0,0.0,0.0,0.0
BitRate blocking probability per pair and bitRate,1,100.0Gbps,7,24, ,0.0,0.0,0.0,0.0,0.0
BitRate blocking probability per pair and bitRate,1,100.0Gbps,11,18, ,0.0,0.0,0.0,0.0,0.0
BitRate blocking probability per pair and bitRate,1,100.0Gbps,11,10, ,0.0,0.0,0.0,0.0,0.0
BitRate blocking probability per pair and bitRate,1,100.0Gbps,14,22, ,0.0,0.0,0.0,0.0,0.0
BitRate blocking probability per pair and bitRate,1,100.0Gbps,4,9, ,0.0,0.0,0.0,0.0,0.0
BitRate blocking probability per pair and bitRate,1,100.0Gbps,22,21, ,0.0,0.0,0.0,0.0,0.0
BitRate blocking probability per pair and bitRate,1,100.0Gbps,22,24, ,0.0,0.0,0.0,0.0,0.0
BitRate blocking probability per pair and bitRate,1,100.0Gbps,8,15, ,0.0,0.0,0.0,0.0,0.0
BitRate blocking probability per pair and bitRate,1,100.0Gbps,12,5, ,0.0,0.0,0.0,0.0,0.0
BitRate blocking probability per pair and bitRate,1,100.0Gbps,7,23, ,0.0,0.0,0.0,0.0,0.0
BitRate blocking probability per pair and bitRate,1,100.0Gbps,24,14, ,0.0,0.0,0.0,0.0,0.0
BitRate blocking probability per pair and bitRate,1,100.0Gbps,1,2, ,0.0,0.0,0.0,0.0,0.0
BitRate blocking probability per pair and bitRate,1,100.0Gbps,15,22, ,0.0,0.0,0.0,0.0,0.0
BitRate blocking probability per pair and bitRate,1,100.0Gbps,19,14, ,0.0,0.0,0.0,0.0,0.0
BitRate blocking probability per pair and bitRate,1,100.0Gbps,21,23, ,0.0,0.0,0.0,0.0,0.0
BitRate blocking probability per pair and bitRate,1,100.0Gbps,8,1, ,0.0,0.0,0.0,0.0,0.0
BitRate blocking probability per pair and bitRate,1,100.0Gbps,18,10, ,0.0,0.0,0.0,0.0,0.0
BitRate blocking probability per pair and bitRate,1,100.0Gbps,17,3, ,0.0,0.0,0.0,0.0,0.0
BitRate blocking probability per pair and bitRate,1,100.0Gbps,5,9, ,0.0,0.0,0.0,0.0,0.0
BitRate blocking probability per pair and bitRate,1,100.0Gbps,19,8, ,0.0,0.0,0.0,0.0,0.0
BitRate blocking probability per pair and bitRate,1,100.0Gbps,4,21, ,0.0,0.0,0.0,0.0,0.0
BitRate blocking probability per pair and bitRate,1,100.0Gbps,8,16, ,0.0,0.0,0.0,0.0,0.0
BitRate blocking probability per pair and bitRate,1,100.0Gbps,5,12, ,0.0,0.0,0.0,0.0,0.0
BitRate blocking probability per pair and bitRate,1,100.0Gbps,6,16, ,0.0,0.0,0.0,0.0,0.0
BitRate blocking probability per pair and bitRate,1,100.0Gbps,20,10, ,0.0,0.0,0.0,0.0,0.0
BitRate blocking probability per pair and bitRate,1,100.0Gbps,2,15, ,0.0,0.0,0.0,0.0,0.0
BitRate blocking probability per pair and bitRate,1,100.0Gbps,20,6, ,0.0,0.0,0.0,0.0,0.0
BitRate blocking probability per pair and bitRate,1,100.0Gbps,21,13, ,0.0,0.0,0.0,0.0,0.0
BitRate blocking probability per pair and bitRate,1,100.0Gbps,6,21, ,0.0,0.0,0.0,0.0,0.0
BitRate blocking probability per pair and bitRate,1,100.0Gbps,18,16, ,0.0,0.0,0.0,0.0,0.0
BitRate blocking probability per pair and bitRate,1,100.0Gbps,5,21, ,0.0,0.0,0.0,0.0,0.0
BitRate blocking probability per pair and bitRate,1,100.0Gbps,15,11, ,0.0,0.0,0.0,0.0,0.0
BitRate blocking probability per pair and bitRate,1,100.0Gbps,8,12, ,0.0,0.0,0.0,0.0,0.0
BitRate blocking probability per pair and bitRate,1,100.0Gbps,19,1, ,0.0,0.0,0.0,0.0,0.0
BitRate blocking probability per pair and bitRate,1,100.0Gbps,21,14, ,0.0,0.0,0.0,0.0,0.0
BitRate blocking probability per pair and bitRate,1,100.0Gbps,2,13, ,0.0,0.0,0.0,0.0,0.0
BitRate blocking probability per pair and bitRate,1,100.0Gbps,17,6, ,0.0,0.0,0.0,0.0,0.0
BitRate blocking probability per pair and bitRate,1,100.0Gbps,24,1, ,0.0,0.0,0.0,0.0,0.0
BitRate blocking probability per pair and bitRate,1,100.0Gbps,8,3, ,0.0,0.0,0.0,0.0,0.0
BitRate blocking probability per pair and bitRate,1,100.0Gbps,1,22, ,0.0,0.0,0.0,0.0,0.0
BitRate blocking probability per pair and bitRate,1,100.0Gbps,23,3, ,0.0,0.0,0.0,0.0,0.0
BitRate blocking probability per pair and bitRate,1,100.0Gbps,2,1, ,0.0,0.0,0.0,0.0,0.0
BitRate blocking probability per pair and bitRate,1,100.0Gbps,15,23, ,0.0,0.0,0.0,0.0,0.0
BitRate blocking probability per pair and bitRate,1,100.0Gbps,19,15, ,0.0,0.0,0.0,0.0,0.0
BitRate blocking probability per pair and bitRate,1,100.0Gbps,2,23, ,0.0,0.0,0.0,0.0,0.0
BitRate blocking probability per pair and bitRate,1,100.0Gbps,13,17, ,0.0,0.0,0.0,0.0,0.0
BitRate blocking probability per pair and bitRate,1,100.0Gbps,1,10, ,0.0,0.0,0.0,0.0,0.0
BitRate blocking probability per pair and bitRate,1,100.0Gbps,5,22, ,0.0,0.0,0.0,0.0,0.0
BitRate blocking probability per pair and bitRate,1,100.0Gbps,18,24, ,0.0,0.0,0.0,0.0,0.0
BitRate blocking probability per pair and bitRate,1,100.0Gbps,19,23, ,0.0,0.0,0.0,0.0,0.0
BitRate blocking probability per pair and bitRate,1,100.0Gbps,20,8, ,0.0,0.0,0.0,0.0,0.0
BitRate blocking probability per pair and bitRate,1,100.0Gbps,10,6, ,0.0,0.0,0.0,0.0,0.0
BitRate blocking probability per pair and bitRate,1,100.0Gbps,2,6, ,0.0,0.0,0.0,0.0,0.0
BitRate blocking probability per pair and bitRate,1,100.0Gbps,16,14, ,0.0,0.0,0.0,0.0,0.0
BitRate blocking probability per pair and bitRate,1,100.0Gbps,24,19, ,0.0,0.0,0.0,0.0,0.0
BitRate blocking probability per pair and bitRate,1,100.0Gbps,23,19, ,0.0,0.0,0.0,0.0,0.0
BitRate blocking probability per pair and bitRate,1,100.0Gbps,12,2, ,0.0,0.0,0.0,0.0,0.0
BitRate blocking probability per pair and bitRate,1,100.0Gbps,23,1, ,0.0,0.0,0.0,0.0,0.0
BitRate blocking probability per pair and bitRate,1,100.0Gbps,15,7, ,0.0,0.0,0.0,0.0,0.0
BitRate blocking probability per pair and bitRate,1,100.0Gbps,22,12, ,0.0,0.0,0.0,0.0,0.0
BitRate blocking probability per pair and bitRate,1,100.0Gbps,3,6, ,0.0,0.0,0.0,0.0,0.0
BitRate blocking probability per pair and bitRate,1,100.0Gbps,4,2, ,0.0,0.0,0.0,0.0,0.0
BitRate blocking probability per pair and bitRate,1,100.0Gbps,13,1, ,0.0,0.0,0.0,0.0,0.0
BitRate blocking probability per pair and bitRate,1,100.0Gbps,6,5, ,0.0,0.0,0.0,0.0,0.0
BitRate blocking probability per pair and bitRate,1,100.0Gbps,16,22, ,0.0,0.0,0.0,0.0,0.0
BitRate blocking probability per pair and bitRate,1,100.0Gbps,7,5, ,0.0,0.0,0.0,0.0,0.0
BitRate blocking probability per pair and bitRate,1,100.0Gbps,6,24, ,0.0,0.0,0.0,0.0,0.0
BitRate blocking probability per pair and bitRate,1,100.0Gbps,18,17, ,0.0,0.0,0.0,0.0,0.0
BitRate blocking probability per pair and bitRate,1,100.0Gbps,22,3, ,0.0,0.0,0.0,0.0,0.0
BitRate blocking probability per pair and bitRate,1,100.0Gbps,13,4, ,0.0,0.0,0.0,0.0,0.0
BitRate blocking probability per pair and bitRate,1,100.0Gbps,16,5, ,0.0,0.0,0.0,0.0,0.0
BitRate blocking probability per pair and bitRate,1,100.0Gbps,18,11, ,0.0,0.0,0.0,0.0,0.0
BitRate blocking probability per pair and bitRate,1,100.0Gbps,6,11, ,0.0,0.0,0.0,0.0,0.0
BitRate blocking probability per pair and bitRate,1,100.0Gbps,17,13, ,0.0,0.0,0.0,0.0,0.0
BitRate blocking probability per pair and bitRate,1,100.0Gbps,7,3, ,0.0,0.0,0.0,0.0,0.0
BitRate blocking probability per pair and bitRate,1,100.0Gbps,22,23, ,0.0,0.0,0.0,0.0,0.0
BitRate blocking probability per pair and bitRate,1,100.0Gbps,10,13, ,0.0,0.0,0.0,0.0,0.0
BitRate blocking probability per pair and bitRate,1,100.0Gbps,14,7, ,0.0,0.0,0.0,0.0,0.0
BitRate blocking probability per pair and bitRate,1,100.0Gbps,20,16, ,0.0,0.0,0.0,0.0,0.0
BitRate blocking probability per pair and bitRate,1,100.0Gbps,14,8, ,0.0,0.0,0.0,0.0,0.0
BitRate blocking probability per pair and bitRate,1,100.0Gbps,7,4, ,0.0,0.0,0.0,0.0,0.0
BitRate blocking probability per pair and bitRate,1,100.0Gbps,8,14, ,0.0,0.0,0.0,0.0,0.0
BitRate blocking probability per pair and bitRate,1,100.0Gbps,3,12, ,0.0,0.0,0.0,0.0,0.0
BitRate blocking probability per pair and bitRate,1,100.0Gbps,7,2, ,0.0,0.0,0.0,0.0,0.0
BitRate blocking probability per pair and bitRate,1,100.0Gbps,10,11, ,0.0,0.0,0.0,0.0,0.0
BitRate blocking probability per pair and bitRate,1,100.0Gbps,11,14, ,0.0,0.0,0.0,0.0,0.0
BitRate blocking probability per pair and bitRate,1,100.0Gbps,20,24, ,0.0,0.0,0.0,0.0,0.0
BitRate blocking probability per pair and bitRate,1,100.0Gbps,20,4, ,0.0,0.0,0.0,0.0,0.0
BitRate blocking probability per pair and bitRate,1,100.0Gbps,23,2, ,0.0,0.0,0.0,0.0,0.0
BitRate blocking probability per pair and bitRate,1,100.0Gbps,22,2, ,0.0,0.0,0.0,0.0,0.0
BitRate blocking probability per pair and bitRate,1,100.0Gbps,22,19, ,0.0,0.0,0.0,0.0,0.0
BitRate blocking probability per pair and bitRate,1,100.0Gbps,24,23, ,0.0,0.0,0.0,0.0,0.0
BitRate blocking probability per pair and bitRate,1,100.0Gbps,6,17, ,0.0,0.0,0.0,0.0,0.0
BitRate blocking probability per pair and bitRate,1,100.0Gbps,4,15, ,0.0,0.0,0.0,0.0,0.0
BitRate blocking probability per pair and bitRate,1,100.0Gbps,20,7, ,0.0,0.0,0.0,0.0,0.0
BitRate blocking probability per pair and bitRate,1,100.0Gbps,10,8, ,0.0,0.0,0.0,0.0,0.0
BitRate blocking probability per pair and bitRate,1,100.0Gbps,10,24, ,0.0,0.0,0.0,0.0,0.0
BitRate blocking probability per pair and bitRate,1,100.0Gbps,12,16, ,0.0,0.0,0.0,0.0,0.0
BitRate blocking probability per pair and bitRate,1,100.0Gbps,8,13, ,0.0,0.0,0.0,0.0,0.0
BitRate blocking probability per pair and bitRate,1,100.0Gbps,11,4, ,0.0,0.0,0.0,0.0,0.0
BitRate blocking probability per pair and bitRate,1,100.0Gbps,22,17, ,0.0,0.0,0.0,0.0,0.0
BitRate blocking probability per pair and bitRate,1,100.0Gbps,4,1, ,0.0,0.0,0.0,0.0,0.0
BitRate blocking probability per pair and bitRate,1,100.0Gbps,14,6, ,0.0,0.0,0.0,0.0,0.0
BitRate blocking probability per pair and bitRate,1,100.0Gbps,14,10, ,0.0,0.0,0.0,0.0,0.0
BitRate blocking probability per pair and bitRate,1,100.0Gbps,24,6, ,0.0,0.0,0.0,0.0,0.0
BitRate blocking probability per pair and bitRate,1,100.0Gbps,15,2, ,0.0,0.0,0.0,0.0,0.0
BitRate blocking probability per pair and bitRate,1,100.0Gbps,22,10, ,0.0,0.0,0.0,0.0,0.0
BitRate blocking probability per pair and bitRate,1,100.0Gbps,4,17, ,0.0,0.0,0.0,0.0,0.0
BitRate blocking probability per pair and bitRate,1,100.0Gbps,17,2, ,0.0,0.0,0.0,0.0,0.0
BitRate blocking probability per pair and bitRate,1,100.0Gbps,18,20, ,0.0,0.0,0.0,0.0,0.0
BitRate blocking probability per pair and bitRate,1,100.0Gbps,17,21, ,0.0,0.0,0.0,0.0,0.0
BitRate blocking probability per pair and bitRate,1,100.0Gbps,18,6, ,0.0,0.0,0.0,0.0,0.0
BitRate blocking probability per pair and bitRate,1,100.0Gbps,10,15, ,0.0,0.0,0.0,0.0,0.0
BitRate blocking probability per pair and bitRate,1,100.0Gbps,4,11, ,0.0,0.0,0.0,0.0,0.0
BitRate blocking probability per pair and bitRate,1,100.0Gbps,2,21, ,0.0,0.0,0.0,0.0,0.0
BitRate blocking probability per pair and bitRate,1,100.0Gbps,19,9, ,0.0,0.0,0.0,0.0,0.0
BitRate blocking probability per pair and bitRate,1,100.0Gbps,5,8, ,0.0,0.0,0.0,0.0,0.0
BitRate blocking probability per pair and bitRate,1,100.0Gbps,5,3, ,0.0,0.0,0.0,0.0,0.0
BitRate blocking probability per pair and bitRate,1,100.0Gbps,11,6, ,0.0,0.0,0.0,0.0,0.0
BitRate blocking probability per pair and bitRate,1,100.0Gbps,8,2, ,0.0,0.0,0.0,0.0,0.0
BitRate blocking probability per pair and bitRate,1,100.0Gbps,9,24, ,0.0,0.0,0.0,0.0,0.0
BitRate blocking probability per pair and bitRate,1,100.0Gbps,16,23, ,0.0,0.0,0.0,0.0,0.0
BitRate blocking probability per pair and bitRate,1,100.0Gbps,2,16, ,0.0,0.0,0.0,0.0,0.0
BitRate blocking probability per pair and bitRate,1,100.0Gbps,16,17, ,0.0,0.0,0.0,0.0,0.0
BitRate blocking probability per pair and bitRate,1,100.0Gbps,23,18, ,0.0,0.0,0.0,0.0,0.0
BitRate blocking probability per pair and bitRate,1,100.0Gbps,7,1, ,0.0,0.0,0.0,0.0,0.0
BitRate blocking probability per pair and bitRate,1,100.0Gbps,11,24, ,0.0,0.0,0.0,0.0,0.0
BitRate blocking probability per pair and bitRate,1,100.0Gbps,2,10, ,0.0,0.0,0.0,0.0,0.0
BitRate blocking probability per pair and bitRate,1,100.0Gbps,4,6, ,0.0,0.0,0.0,0.0,0.0
BitRate blocking probability per pair and bitRate,1,100.0Gbps,15,13, ,0.0,0.0,0.0,0.0,0.0
BitRate blocking probability per pair and bitRate,1,100.0Gbps,21,12, ,0.0,0.0,0.0,0.0,0.0
BitRate blocking probability per pair and bitRate,1,100.0Gbps,5,6, ,0.0,0.0,0.0,0.0,0.0
BitRate blocking probability per pair and bitRate,1,100.0Gbps,10,18, ,0.0,0.0,0.0,0.0,0.0
BitRate blocking probability per pair and bitRate,1,100.0Gbps,14,23, ,0.0,0.0,0.0,0.0,0.0
BitRate blocking probability per pair and bitRate,1,100.0Gbps,21,8, ,0.0,0.0,0.0,0.0,0.0
BitRate blocking probability per pair and bitRate,1,100.0Gbps,11,3, ,0.0,0.0,0.0,0.0,0.0
BitRate blocking probability per pair and bitRate,1,100.0Gbps,13,16, ,0.0,0.0,0.0,0.0,0.0
BitRate blocking probability per pair and bitRate,1,100.0Gbps,22,16, ,0.0,0.0,0.0,0.0,0.0
BitRate blocking probability per pair and bitRate,1,100.0Gbps,21,5, ,0.0,0.0,0.0,0.0,0.0
BitRate blocking probability per pair and bitRate,1,100.0Gbps,23,24, ,0.0,0.0,0.0,0.0,0.0
BitRate blocking probability per pair and bitRate,1,100.0Gbps,9,6, ,0.0,0.0,0.0,0.0,0.0
BitRate blocking probability per pair and bitRate,1,100.0Gbps,20,9, ,0.0,0.0,0.0,0.0,0.0
BitRate blocking probability per pair and bitRate,1,100.0Gbps,16,6, ,0.0,0.0,0.0,0.0,0.0
BitRate blocking probability per pair and bitRate,1,100.0Gbps,15,4, ,0.0,0.0,0.0,0.0,0.0
BitRate blocking probability per pair and bitRate,1,100.0Gbps,3,4, ,0.0,0.0,0.0,0.0,0.0
BitRate blocking probability per pair and bitRate,1,100.0Gbps,17,10, ,0.0,0.0,0.0,0.0,0.0
BitRate blocking probability per pair and bitRate,1,100.0Gbps,12,10, ,0.0,0.0,0.0,0.0,0.0
BitRate blocking probability per pair and bitRate,1,100.0Gbps,12,7, ,0.0,0.0,0.0,0.0,0.0
BitRate blocking probability per pair and bitRate,1,100.0Gbps,3,17, ,0.0,0.0,0.0,0.0,0.0
BitRate blocking probability per pair and bitRate,1,200.0Gbps,11,2, ,0.0,0.0,0.0,0.0,0.0
BitRate blocking probability per pair and bitRate,1,200.0Gbps,1,23, ,0.0,0.0,0.0,0.0,0.0
BitRate blocking probability per pair and bitRate,1,200.0Gbps,2,9, ,0.0,0.0,0.0,0.0,0.0
BitRate blocking probability per pair and bitRate,1,200.0Gbps,1,20, ,0.0,0.0,0.0,0.0,0.0
BitRate blocking probability per pair and bitRate,1,200.0Gbps,17,24, ,0.0,0.0,0.0,0.0,0.0
BitRate blocking probability per pair and bitRate,1,200.0Gbps,21,15, ,0.0,0.0,0.0,0.0,0.0
BitRate blocking probability per pair and bitRate,1,200.0Gbps,19,11, ,0.0,0.0,0.0,0.0,0.0
BitRate blocking probability per pair and bitRate,1,200.0Gbps,3,1, ,0.0,0.0,0.0,0.0,0.0
BitRate blocking probability per pair and bitRate,1,200.0Gbps,24,2, ,0.0,0.0,0.0,0.0,0.0
BitRate blocking probability per pair and bitRate,1,200.0Gbps,23,22, ,0.0,0.0,0.0,0.0,0.0
BitRate blocking probability per pair and bitRate,1,200.0Gbps,17,22, ,0.0,0.0,0.0,0.0,0.0
BitRate blocking probability per pair and bitRate,1,200.0Gbps,15,20, ,0.0,0.0,0.0,0.0,0.0
BitRate blocking probability per pair and bitRate,1,200.0Gbps,2,7, ,0.0,0.0,0.0,0.0,0.0
BitRate blocking probability per pair and bitRate,1,200.0Gbps,10,1, ,0.0,0.0,0.0,0.0,0.0
BitRate blocking probability per pair and bitRate,1,200.0Gbps,14,16, ,0.0,0.0,0.0,0.0,0.0
BitRate blocking probability per pair and bitRate,1,200.0Gbps,13,18, ,0.0,0.0,0.0,0.0,0.0
BitRate blocking probability per pair and bitRate,1,200.0Gbps,11,7, ,0.0,0.0,0.0,0.0,0.0
BitRate blocking probability per pair and bitRate,1,200.0Gbps,15,10, ,0.0,0.0,0.0,0.0,0.0
BitRate blocking probability per pair and bitRate,1,200.0Gbps,17,4, ,0.0,0.0,0.0,0.0,0.0
BitRate blocking probability per pair and bitRate,1,200.0Gbps,15,19, ,0.0,0.0,0.0,0.0,0.0
BitRate blocking probability per pair and bitRate,1,200.0Gbps,9,22, ,0.0,0.0,0.0,0.0,0.0
BitRate blocking probability per pair and bitRate,1,200.0Gbps,9,19, ,0.0,0.0,0.0,0.0,0.0
BitRate blocking probability per pair and bitRate,1,200.0Gbps,24,7, ,0.0,0.0,0.0,0.0,0.0
BitRate blocking probability per pair and bitRate,1,200.0Gbps,1,18, ,0.0,0.0,0.0,0.0,0.0
BitRate blocking probability per pair and bitRate,1,200.0Gbps,19,4, ,0.0,0.0,0.0,0.0,0.0
BitRate blocking probability per pair and bitRate,1,200.0Gbps,5,1, ,0.0,0.0,0.0,0.0,0.0
BitRate blocking probability per pair and bitRate,1,200.0Gbps,5,20, ,0.0,0.0,0.0,0.0,0.0
BitRate blocking probability per pair and bitRate,1,200.0Gbps,21,24, ,0.0,0.0,0.0,0.0,0.0
BitRate blocking probability per pair and bitRate,1,200.0Gbps,9,1, ,0.0,0.0,0.0,0.0,0.0
BitRate blocking probability per pair and bitRate,1,200.0Gbps,9,21, ,0.0,0.0,0.0,0.0,0.0
BitRate blocking probability per pair and bitRate,1,200.0Gbps,14,15, ,0.0,0.0,0.0,0.0,0.0
BitRate blocking probability per pair and bitRate,1,200.0Gbps,8,4, ,0.0,0.0,0.0,0.0,0.0
BitRate blocking probability per pair and bitRate,1,200.0Gbps,8,21, ,0.0,0.0,0.0,0.0,0.0
BitRate blocking probability per pair and bitRate,1,200.0Gbps,6,3, ,0.0,0.0,0.0,0.0,0.0
BitRate blocking probability per pair and bitRate,1,200.0Gbps,9,2, ,0.0,0.0,0.0,0.0,0.0
BitRate blocking probability per pair and bitRate,1,200.0Gbps,16,2, ,0.0,0.0,0.0,0.0,0.0
BitRate blocking probability per pair and bitRate,1,200.0Gbps,9,4, ,0.0,0.0,0.0,0.0,0.0
BitRate blocking probability per pair and bitRate,1,200.0Gbps,23,21, ,0.0,0.0,0.0,0.0,0.0
BitRate blocking probability per pair and bitRate,1,200.0Gbps,19,24, ,0.0,0.0,0.0,0.0,0.0
BitRate blocking probability per pair and bitRate,1,200.0Gbps,22,15, ,0.0,0.0,0.0,0.0,0.0
BitRate blocking probability per pair and bitRate,1,200.0Gbps,23,17, ,0.0,0.0,0.0,0.0,0.0
BitRate blocking probability per pair and bitRate,1,200.0Gbps,8,11, ,0.0,0.0,0.0,0.0,0.0
BitRate blocking probability per pair and bitRate,1,200.0Gbps,24,17, ,0.0,0.0,0.0,0.0,0.0
BitRate blocking probability per pair and bitRate,1,200.0Gbps,22,18, ,0.0,0.0,0.0,0.0,0.0
BitRate blocking probability per pair and bitRate,1,200.0Gbps,5,11, ,0.0,0.0,0.0,0.0,0.0
BitRate blocking probability per pair and bitRate,1,200.0Gbps,4,8, ,0.0,0.0,0.0,0.0,0.0
BitRate blocking probability per pair and bitRate,1,200.0Gbps,23,9, ,0.0,0.0,0.0,0.0,0.0
BitRate blocking probability per pair and bitRate,1,200.0Gbps,6,12, ,0.0,0.0,0.0,0.0,0.0
BitRate blocking probability per pair and bitRate,1,200.0Gbps,4,5, ,0.0,0.0,0.0,0.0,0.0
BitRate blocking probability per pair and bitRate,1,200.0Gbps,16,9, ,0.0,0.0,0.0,0.0,0.0
BitRate blocking probability per pair and bitRate,1,200.0Gbps,16,11, ,0.0,0.0,0.0,0.0,0.0
BitRate blocking probability per pair and bitRate,1,200.0Gbps,24,20, ,0.0,0.0,0.0,0.0,0.0
BitRate blocking probability per pair and bitRate,1,200.0Gbps,12,14, ,0.0,0.0,0.0,0.0,0.0
BitRate blocking probability per pair and bitRate,1,200.0Gbps,20,5, ,0.0,0.0,0.0,0.0,0.0
BitRate blocking probability per pair and bitRate,1,200.0Gbps,11,12, ,0.0,0.0,0.0,0.0,0.0
BitRate blocking probability per pair and bitRate,1,200.0Gbps,7,14, ,0.0,0.0,0.0,0.0,0.0
BitRate blocking probability per pair and bitRate,1,200.0Gbps,10,23, ,0.0,0.0,0.0,0.0,0.0
BitRate blocking probability per pair and bitRate,1,200.0Gbps,22,20, ,0.0,0.0,0.0,0.0,0.0
BitRate blocking probability per pair and bitRate,1,200.0Gbps,17,11, ,0.0,0.0,0.0,0.0,0.0
BitRate blocking probability per pair and bitRate,1,200.0Gbps,3,10, ,0.0,0.0,0.0,0.0,0.0
BitRate blocking probability per pair and bitRate,1,200.0Gbps,17,14, ,0.0,0.0,0.0,0.0,0.0
BitRate blocking probability per pair and bitRate,1,200.0Gbps,10,7, ,0.0,0.0,0.0,0.0,0.0
BitRate blocking probability per pair and bitRate,1,200.0Gbps,3,2, ,0.0,0.0,0.0,0.0,0.0
BitRate blocking probability per pair and bitRate,1,200.0Gbps,3,5, ,0.0,0.0,0.0,0.0,0.0
BitRate blocking probability per pair and bitRate,1,200.0Gbps,22,1, ,0.0,0.0,0.0,0.0,0.0
BitRate blocking probability per pair and bitRate,1,200.0Gbps,1,14, ,0.0,0.0,0.0,0.0,0.0
BitRate blocking probability per pair and bitRate,1,200.0Gbps,24,8, ,0.0,0.0,0.0,0.0,0.0
BitRate blocking probability per pair and bitRate,1,200.0Gbps,11,21, ,0.0,0.0,0.0,0.0,0.0
BitRate blocking probability per pair and bitRate,1,200.0Gbps,20,14, ,0.0,0.0,0.0,0.0,0.0
BitRate blocking probability per pair and bitRate,1,200.0Gbps,8,6, ,0.0,0.0,0.0,0.0,0.0
BitRate blocking probability per pair and bitRate,1,200.0Gbps,21,11, ,0.0,0.0,0.0,0.0,0.0
BitRate blocking probability per pair and bitRate,1,200.0Gbps,11,8, ,0.0,0.0,0.0,0.0,0.0
BitRate blocking probability per pair and bitRate,1,200.0Gbps,21,19, ,0.0,0.0,0.0,0.0,0.0
BitRate blocking probability per pair and bitRate,1,200.0Gbps,17,1, ,0.0,0.0,0.0,0.0,0.0
BitRate blocking probability per pair and bitRate,1,200.0Gbps,11,22, ,0.0,0.0,0.0,0.0,0.0
BitRate blocking probability per pair and bitRate,1,200.0Gbps,24,21, ,0.0,0.0,0.0,0.0,0.0
BitRate blocking probability per pair and bitRate,1,200.0Gbps,19,22, ,0.0,0.0,0.0,0.0,0.0
BitRate blocking probability per pair and bitRate,1,200.0Gbps,7,12, ,0.0,0.0,0.0,0.0,0.0
BitRate blocking probability per pair and bitRate,1,200.0Gbps,7,22, ,0.0,0.0,0.0,0.0,0.0
BitRate blocking probability per pair and bitRate,1,200.0Gbps,23,5, ,0.0,0.0,0.0,0.0,0.0
BitRate blocking probability per pair and bitRate,1,200.0Gbps,21,17, ,0.0,0.0,0.0,0.0,0.0
BitRate blocking probability per pair and bitRate,1,200.0Gbps,1,11, ,0.0,0.0,0.0,0.0,0.0
BitRate blocking probability per pair and bitRate,1,200.0Gbps,18,12, ,0.0,0.0,0.0,0.0,0.0
BitRate blocking probability per pair and bitRate,1,200.0Gbps,23,10, ,0.0,0.0,0.0,0.0,0.0
BitRate blocking probability per pair and bitRate,1,200.0Gbps,18,7, ,0.0,0.0,0.0,0.0,0.0
BitRate blocking probability per pair and bitRate,1,200.0Gbps,24,22, ,0.0,0.0,0.0,0.0,0.0
BitRate blocking probability per pair and bitRate,1,200.0Gbps,21,2, ,0.0,0.0,0.0,0.0,0.0
BitRate blocking probability per pair and bitRate,1,200.0Gbps,16,4, ,0.0,0.0,0.0,0.0,0.0
BitRate blocking probability per pair and bitRate,1,200.0Gbps,10,9, ,0.0,0.0,0.0,0.0,0.0
BitRate blocking probability per pair and bitRate,1,200.0Gbps,22,5, ,0.0,0.0,0.0,0.0,0.0
BitRate blocking probability per pair and bitRate,1,200.0Gbps,9,17, ,0.0,0.0,0.0,0.0,0.0
BitRate blocking probability per pair and bitRate,1,200.0Gbps,8,20, ,0.0,0.0,0.0,0.0,0.0
BitRate blocking probability per pair and bitRate,1,200.0Gbps,1,24, ,0.0,0.0,0.0,0.0,0.0
BitRate blocking probability per pair and bitRate,1,200.0Gbps,2,14, ,0.0,0.0,0.0,0.0,0.0
BitRate blocking probability per pair and bitRate,1,200.0Gbps,5,18, ,0.0,0.0,0.0,0.0,0.0
BitRate blocking probability per pair and bitRate,1,200.0Gbps,8,9, ,0.0,0.0,0.0,0.0,0.0
BitRate blocking probability per pair and bitRate,1,200.0Gbps,9,13, ,0.0,0.0,0.0,0.0,0.0
BitRate blocking probability per pair and bitRate,1,200.0Gbps,24,13, ,0.0,0.0,0.0,0.0,0.0
BitRate blocking probability per pair and bitRate,1,200.0Gbps,2,17, ,0.0,0.0,0.0,0.0,0.0
BitRate blocking probability per pair and bitRate,1,200.0Gbps,20,1, ,0.0,0.0,0.0,0.0,0.0
BitRate blocking probability per pair and bitRate,1,200.0Gbps,19,2, ,0.0,0.0,0.0,0.0,0.0
BitRate blocking probability per pair and bitRate,1,200.0Gbps,4,3, ,0.0,0.0,0.0,0.0,0.0
BitRate blocking probability per pair and bitRate,1,200.0Gbps,22,4, ,0.0,0.0,0.0,0.0,0.0
BitRate blocking probability per pair and bitRate,1,200.0Gbps,5,4, ,0.0,0.0,0.0,0.0,0.0
BitRate blocking probability per pair and bitRate,1,200.0Gbps,16,19, ,0.0,0.0,0.0,0.0,0.0
BitRate blocking probability per pair and bitRate,1,200.0Gbps,12,6, ,0.0,0.0,0.0,0.0,0.0
BitRate blocking probability per pair and bitRate,1,200.0Gbps,17,8, ,0.0,0.0,0.0,0.0,0.0
BitRate blocking probability per pair and bitRate,1,200.0Gbps,12,9, ,0.0,0.0,0.0,0.0,0.0
BitRate blocking probability per pair and bitRate,1,200.0Gbps,11,20, ,0.0,0.0,0.0,0.0,0.0
BitRate blocking probability per pair and bitRate,1,200.0Gbps,15,12, ,0.0,0.0,0.0,0.0,0.0
BitRate blocking probability per pair and bitRate,1,200.0Gbps,9,16, ,0.0,0.0,0.0,0.0,0.0
BitRate blocking probability per pair and bitRate,1,200.0Gbps,7,15, ,0.0,0.0,0.0,0.0,0.0
BitRate blocking probability per pair and bitRate,1,200.0Gbps,6,13, ,0.0,0.0,0.0,0.0,0.0
BitRate blocking probability per pair and bitRate,1,200.0Gbps,19,18, ,0.0,0.0,0.0,0.0,0.0
BitRate blocking probability per pair and bitRate,1,200.0Gbps,3,9, ,0.0,0.0,0.0,0.0,0.0
BitRate blocking probability per pair and bitRate,1,200.0Gbps,21,18, ,0.0,0.0,0.0,0.0,0.0
BitRate blocking probability per pair and bitRate,1,200.0Gbps,1,17, ,0.0,0.0,0.0,0.0,0.0
BitRate blocking probability per pair and bitRate,1,200.0Gbps,8,24, ,0.0,0.0,0.0,0.0,0.0
BitRate blocking probability per pair and bitRate,1,200.0Gbps,7,16, ,0.0,0.0,0.0,0.0,0.0
BitRate blocking probability per pair and bitRate,1,200.0Gbps,15,21, ,0.0,0.0,0.0,0.0,0.0
BitRate blocking probability per pair and bitRate,1,200.0Gbps,18,22, ,0.0,0.0,0.0,0.0,0.0
BitRate blocking probability per pair and bitRate,1,200.0Gbps,14,2, ,0.0,0.0,0.0,0.0,0.0
BitRate blocking probability per pair and bitRate,1,200.0Gbps,2,12, ,0.0,0.0,0.0,0.0,0.0
BitRate blocking probability per pair and bitRate,1,200.0Gbps,12,8, ,0.0,0.0,0.0,0.0,0.0
BitRate blocking probability per pair and bitRate,1,200.0Gbps,1,13, ,0.0,0.0,0.0,0.0,0.0
BitRate blocking probability per pair and bitRate,1,200.0Gbps,8,18, ,0.0,0.0,0.0,0.0,0.0
BitRate blocking probability per pair and bitRate,1,200.0Gbps,15,6, ,0.0,0.0,0.0,0.0,0.0
BitRate blocking probability per pair and bitRate,1,200.0Gbps,6,20, ,0.0,0.0,0.0,0.0,0.0
BitRate blocking probability per pair and bitRate,1,200.0Gbps,7,21, ,0.0,0.0,0.0,0.0,0.0
BitRate blocking probability per pair and bitRate,1,200.0Gbps,9,3, ,0.0,0.0,0.0,0.0,0.0
BitRate blocking probability per pair and bitRate,1,200.0Gbps,12,13, ,0.0,0.0,0.0,0.0,0.0
BitRate blocking probability per pair and bitRate,1,200.0Gbps,8,22, ,0.0,0.0,0.0,0.0,0.0
BitRate blocking probability per pair and bitRate,1,200.0Gbps,2,3, ,0.0,0.0,0.0,0.0,0.0
BitRate blocking probability per pair and bitRate,1,200.0Gbps,14,18, ,0.0,0.0,0.0,0.0,0.0
BitRate blocking probability per pair and bitRate,1,200.0Gbps,23,20, ,0.0,0.0,0.0,0.0,0.0
BitRate blocking probability per pair and bitRate,1,200.0Gbps,4,20, ,0.0,0.0,0.0,0.0,0.0
BitRate blocking probability per pair and bitRate,1,200.0Gbps,4,24, ,0.0,0.0,0.0,0.0,0.0
BitRate blocking probability per pair and bitRate,1,200.0Gbps,16,15, ,0.0,0.0,0.0,0.0,0.0
BitRate blocking probability per pair and bitRate,1,200.0Gbps,24,16, ,0.0,0.0,0.0,0.0,0.0
BitRate blocking probability per pair and bitRate,1,200.0Gbps,19,12, ,0.0,0.0,0.0,0.0,0.0
BitRate blocking probability per pair and bitRate,1,200.0Gbps,6,15, ,0.0,0.0,0.0,0.0,0.0
BitRate blocking probability per pair and bitRate,1,200.0Gbps,8,7, ,0.0,0.0,0.0,0.0,0.0
BitRate blocking probability per pair and bitRate,1,200.0Gbps,2,20, ,0.0,0.0,0.0,0.0,0.0
BitRate blocking probability per pair and bitRate,1,200.0Gbps,11,9, ,0.0,0.0,0.0,0.0,0.0
BitRate blocking probability per pair and bitRate,1,200.0Gbps,4,12, ,0.0,0.0,0.0,0.0,0.0
BitRate blocking probability per pair and bitRate,1,200.0Gbps,13,23, ,0.0,0.0,0.0,0.0,0.0
BitRate blocking probability per pair and bitRate,1,200.0Gbps,11,16, ,0.0,0.0,0.0,0.0,0.0
BitRate blocking probability per pair and bitRate,1,200.0Gbps,3,11, ,0.0,0.0,0.0,0.0,0.0
BitRate blocking probability per pair and bitRate,1,200.0Gbps,2,5, ,0.0,0.0,0.0,0.0,0.0
BitRate blocking probability per pair and bitRate,1,200.0Gbps,3,24, ,0.0,0.0,0.0,0.0,0.0
BitRate blocking probability per pair and bitRate,1,200.0Gbps,18,1, ,0.0,0.0,0.0,0.0,0.0
BitRate blocking probability per pair and bitRate,1,200.0Gbps,10,2, ,0.0,0.0,0.0,0.0,0.0
BitRate blocking probability per pair and bitRate,1,200.0Gbps,15,16, ,0.0,0.0,0.0,0.0,0.0
BitRate blocking probability per pair and bitRate,1,200.0Gbps,20,17, ,0.0,0.0,0.0,0.0,0.0
BitRate blocking probability per pair and bitRate,1,200.0Gbps,5,13, ,0.0,0.0,0.0,0.0,0.0
BitRate blocking probability per pair and bitRate,1,200.0Gbps,24,15, ,0.0,0.0,0.0,0.0,0.0
BitRate blocking probability per pair and bitRate,1,200.0Gbps,12,17, ,0.0,0.0,0.0,0.0,0.0
BitRate blocking probability per pair and bitRate,1,200.0Gbps,20,2, ,0.0,0.0,0.0,0.0,0.0
BitRate blocking probability per pair and bitRate,1,200.0Gbps,5,19, ,0.0,0.0,0.0,0.0,0.0
BitRate blocking probability per pair and bitRate,1,200.0Gbps,6,8, ,0.0,0.0,0.0,0.0,0.0
BitRate blocking probability per pair and bitRate,1,200.0Gbps,4,10, ,0.0,0.0,0.0,0.0,0.0
BitRate blocking probability per pair and bitRate,1,200.0Gbps,1,4, ,0.0,0.0,0.0,0.0,0.0
BitRate blocking probability per pair and bitRate,1,200.0Gbps,12,23, ,0.0,0.0,0.0,0.0,0.0
BitRate blocking probability per pair and bitRate,1,200.0Gbps,23,4, ,0.0,0.0,0.0,0.0,0.0
BitRate blocking probability per pair and bitRate,1,200.0Gbps,12,20, ,0.0,0.0,0.0,0.0,0.0
BitRate blocking probability per pair and bitRate,1,200.0Gbps,11,19, ,0.0,0.0,0.0,0.0,0.0
BitRate blocking probability per pair and bitRate,1,200.0Gbps,2,11, ,0.0,0.0,0.0,0.0,0.0
BitRate blocking probability per pair and bitRate,1,200.0Gbps,8,23, ,0.0,0.0,0.0,0.0,0.0
BitRate blocking probability per pair and bitRate,1,200.0Gbps,10,14, ,0.0,0.0,0.0,0.0,0.0
BitRate blocking probability per pair and bitRate,1,200.0Gbps,21,22, ,0.0,0.0,0.0,0.0,0.0
BitRate blocking probability per pair and bitRate,1,200.0Gbps,9,11, ,0.0,0.0,0.0,0.0,0.0
BitRate blocking probability per pair and bitRate,1,200.0Gbps,23,7, ,0.0,0.0,0.0,0.0,0.0
BitRate blocking probability per pair and bitRate,1,200.0Gbps,24,18, ,0.0,0.0,0.0,0.0,0.0
BitRate blocking probability per pair and bitRate,1,200.0Gbps,14,24, ,0.0,0.0,0.0,0.0,0.0
BitRate blocking probability per pair and bitRate,1,200.0Gbps,6,4, ,0.0,0.0,0.0,0.0,0.0
BitRate blocking probability per pair and bitRate,1,200.0Gbps,21,9, ,0.0,0.0,0.0,0.0,0.0
BitRate blocking probability per pair and bitRate,1,200.0Gbps,15,1, ,0.0,0.0,0.0,0.0,0.0
BitRate blocking probability per pair and bitRate,1,200.0Gbps,13,8, ,0.0,0.0,0.0,0.0,0.0
BitRate blocking probability per pair and bitRate,1,200.0Gbps,13,12, ,0.0,0.0,0.0,0.0,0.0
BitRate blocking probability per pair and bitRate,1,200.0Gbps,12,11, ,0.0,0.0,0.0,0.0,0.0
BitRate blocking probability per pair and bitRate,1,200.0Gbps,23,16, ,0.0,0.0,0.0,0.0,0.0
BitRate blocking probability per pair and bitRate,1,200.0Gbps,16,10, ,0.0,0.0,0.0,0.0,0.0
BitRate blocking probability per pair and bitRate,1,200.0Gbps,14,4, ,0.0,0.0,0.0,0.0,0.0
BitRate blocking probability per pair and bitRate,1,200.0Gbps,10,21, ,0.0,0.0,0.0,0.0,0.0
BitRate blocking probability per pair and bitRate,1,200.0Gbps,1,16, ,0.0,0.0,0.0,0.0,0.0
BitRate blocking probability per pair and bitRate,1,200.0Gbps,5,14, ,0.0,0.0,0.0,0.0,0.0
BitRate blocking probability per pair and bitRate,1,200.0Gbps,14,3, ,0.0,0.0,0.0,0.0,0.0
BitRate blocking probability per pair and bitRate,1,200.0Gbps,9,5, ,0.0,0.0,0.0,0.0,0.0
BitRate blocking probability per pair and bitRate,1,200.0Gbps,11,23, ,0.0,0.0,0.0,0.0,0.0
BitRate blocking probability per pair and bitRate,1,200.0Gbps,23,12, ,0.0,0.0,0.0,0.0,0.0
BitRate blocking probability per pair and bitRate,1,200.0Gbps,18,4, ,0.0,0.0,0.0,0.0,0.0
BitRate blocking probability per pair and bitRate,1,200.0Gbps,19,10, ,0.0,0.0,0.0,0.0,0.0
BitRate blocking probability per pair and bitRate,1,200.0Gbps,14,19, ,0.0,0.0,0.0,0.0,0.0
BitRate blocking probability per pair and bitRate,1,200.0Gbps,3,18, ,0.0,0.0,0.0,0.0,0.0
BitRate blocking probability per pair and bitRate,1,200.0Gbps,1,21, ,0.0,0.0,0.0,0.0,0.0
BitRate blocking probability per pair and bitRate,1,200.0Gbps,10,16, ,0.0,0.0,0.0,0.0,0.0
BitRate blocking probability per pair and bitRate,1,200.0Gbps,24,9, ,0.0,0.0,0.0,0.0,0.0
BitRate blocking probability per pair and bitRate,1,200.0Gbps,3,21, ,0.0,0.0,0.0,0.0,0.0
BitRate blocking probability per pair and bitRate,1,200.0Gbps,12,24, ,0.0,0.0,0.0,0.0,0.0
BitRate blocking probability per pair and bitRate,1,200.0Gbps,15,9, ,0.0,0.0,0.0,0.0,0.0
BitRate blocking probability per pair and bitRate,1,200.0Gbps,18,14, ,0.0,0.0,0.0,0.0,0.0
BitRate blocking probability per pair and bitRate,1,200.0Gbps,16,3, ,0.0,0.0,0.0,0.0,0.0
BitRate blocking probability per pair and bitRate,1,200.0Gbps,15,5, ,0.0,0.0,0.0,0.0,0.0
BitRate blocking probability per pair and bitRate,1,200.0Gbps,16,21, ,0.0,0.0,0.0,0.0,0.0
BitRate blocking probability per pair and bitRate,1,200.0Gbps,8,17, ,0.0,0.0,0.0,0.0,0.0
BitRate blocking probability per pair and bitRate,1,200.0Gbps,5,16, ,0.0,0.0,0.0,0.0,0.0
BitRate blocking probability per pair and bitRate,1,200.0Gbps,21,4, ,0.0,0.0,0.0,0.0,0.0
BitRate blocking probability per pair and bitRate,1,200.0Gbps,17,19, ,0.0,0.0,0.0,0.0,0.0
BitRate blocking probability per pair and bitRate,1,200.0Gbps,16,12, ,0.0,0.0,0.0,0.0,0.0
BitRate blocking probability per pair and bitRate,1,200.0Gbps,7,19, ,0.0,0.0,0.0,0.0,0.0
BitRate blocking probability per pair and bitRate,1,200.0Gbps,8,19, ,0.0,0.0,0.0,0.0,0.0
BitRate blocking probability per pair and bitRate,1,200.0Gbps,9,20, ,0.0,0.0,0.0,0.0,0.0
BitRate blocking probability per pair and bitRate,1,200.0Gbps,13,10, ,0.0,0.0,0.0,0.0,0.0
BitRate blocking probability per pair and bitRate,1,200.0Gbps,17,16, ,0.0,0.0,0.0,0.0,0.0
BitRate blocking probability per pair and bitRate,1,200.0Gbps,5,7, ,0.0,0.0,0.0,0.0,0.0
BitRate blocking probability per pair and bitRate,1,200.0Gbps,5,10, ,0.0,0.0,0.0,0.0,0.0
BitRate blocking probability per pair and bitRate,1,200.0Gbps,22,14, ,0.0,0.0,0.0,0.0,0.0
BitRate blocking probability per pair and bitRate,1,200.0Gbps,2,24, ,0.0,0.0,0.0,0.0,0.0
BitRate blocking probability per pair and bitRate,1,200.0Gbps,11,15, ,0.0,0.0,0.0,0.0,0.0
BitRate blocking probability per pair and bitRate,1,200.0Gbps,19,13, ,0.0,0.0,0.0,0.0,0.0
BitRate blocking probability per pair and bitRate,1,200.0Gbps,9,14, ,0.0,0.0,0.0,0.0,0.0
BitRate blocking probability per pair and bitRate,1,200.0Gbps,13,20, ,0.0,0.0,0.0,0.0,0.0
BitRate blocking probability per pair and bitRate,1,200.0Gbps,20,15, ,0.0,0.0,0.0,0.0,0.0
BitRate blocking probability per pair and bitRate,1,200.0Gbps,1,9, ,0.0,0.0,0.0,0.0,0.0
BitRate blocking probability per pair and bitRate,1,200.0Gbps,4,16, ,0.0,0.0,0.0,0.0,0.0
BitRate blocking probability per pair and bitRate,1,200.0Gbps,21,20, ,0.0,0.0,0.0,0.0,0.0
BitRate blocking probability per pair and bitRate,1,200.0Gbps,6,18, ,0.0,0.0,0.0,0.0,0.0
BitRate blocking probability per pair and bitRate,1,200.0Gbps,3,20, ,0.0,0.0,0.0,0.0,0.0
BitRate blocking probability per pair and bitRate,1,200.0Gbps,21,10, ,0.0,0.0,0.0,0.0,0.0
BitRate blocking probability per pair and bitRate,1,200.0Gbps,2,19, ,0.0,0.0,0.0,0.0,0.0
BitRate blocking probability per pair and bitRate,1,200.0Gbps,7,17, ,0.0,0.0,0.0,0.0,0.0
BitRate blocking probability per pair and bitRate,1,200.0Gbps,14,5, ,0.0,0.0,0.0,0.0,0.0
BitRate blocking probability per pair and bitRate,1,200.0Gbps,7,13, ,0.0,0.0,0.0,0.0,0.0
BitRate blocking probability per pair and bitRate,1,200.0Gbps,5,15, ,0.0,0.0,0.0,0.0,0.0
BitRate blocking probability per pair and bitRate,1,200.0Gbps,18,8, ,0.0,0.0,0.0,0.0,0.0
BitRate blocking probability per pair and bitRate,1,200.0Gbps,19,17, ,0.0,0.0,0.0,0.0,0.0
BitRate blocking probability per pair and bitRate,1,200.0Gbps,19,21, ,0.0,0.0,0.0,0.0,0.0
BitRate blocking probability per pair and bitRate,1,200.0Gbps,19,3, ,0.0,0.0,0.0,0.0,0.0
BitRate blocking probability per pair and bitRate,1,200.0Gbps,13,19, ,0.0,0.0,0.0,0.0,0.0
BitRate blocking probability per pair and bitRate,1,200.0Gbps,12,18, ,0.0,0.0,0.0,0.0,0.0
BitRate blocking probability per pair and bitRate,1,200.0Gbps,13,3, ,0.0,0.0,0.0,0.0,0.0
BitRate blocking probability per pair and bitRate,1,200.0Gbps,7,18, ,0.0,0.0,0.0,0.0,0.0
BitRate blocking probability per pair and bitRate,1,200.0Gbps,17,12, ,0.0,0.0,0.0,0.0,0.0
BitRate blocking probability per pair and bitRate,1,200.0Gbps,13,9, ,0.0,0.0,0.0,0.0,0.0
BitRate blocking probability per pair and bitRate,1,200.0Gbps,6,22, ,0.0,0.0,0.0,0.0,0.0
BitRate blocking probability per pair and bitRate,1,200.0Gbps,1,15, ,0.0,0.0,0.0,0.0,0.0
BitRate blocking probability per pair and bitRate,1,200.0Gbps,3,19, ,0.0,0.0,0.0,0.0,0.0
BitRate blocking probability per pair and bitRate,1,200.0Gbps,12,4, ,0.0,0.0,0.0,0.0,0.0
BitRate blocking probability per pair and bitRate,1,200.0Gbps,16,24, ,0.0,0.0,0.0,0.0,0.0
BitRate blocking probability per pair and bitRate,1,200.0Gbps,6,10, ,0.0,0.0,0.0,0.0,0.0
BitRate blocking probability per pair and bitRate,1,200.0Gbps,2,18, ,0.0,0.0,0.0,0.0,0.0
BitRate blocking probability per pair and bitRate,1,200.0Gbps,18,21, ,0.0,0.0,0.0,0.0,0.0
BitRate blocking probability per pair and bitRate,1,200.0Gbps,18,3, ,0.0,0.0,0.0,0.0,0.0
BitRate blocking probability per pair and bitRate,1,200.0Gbps,15,18, ,0.0,0.0,0.0,0.0,0.0
BitRate blocking probability per pair and bitRate,1,200.0Gbps,4,14, ,0.0,0.0,0.0,0.0,0.0
BitRate blocking probability per pair and bitRate,1,200.0Gbps,7,20, ,0.0,0.0,0.0,0.0,0.0
BitRate blocking probability per pair and bitRate,1,200.0Gbps,13,15, ,0.0,0.0,0.0,0.0,0.0
BitRate blocking probability per pair and bitRate,1,200.0Gbps,13,21, ,0.0,0.0,0.0,0.0,0.0
BitRate blocking probability per pair and bitRate,1,200.0Gbps,15,14, ,0.0,0.0,0.0,0.0,0.0
BitRate blocking probability per pair and bitRate,1,200.0Gbps,3,15, ,0.0,0.0,0.0,0.0,0.0
BitRate blocking probability per pair and bitRate,1,200.0Gbps,18,5, ,0.0,0.0,0.0,0.0,0.0
BitRate blocking probability per pair and bitRate,1,200.0Gbps,12,1, ,0.0,0.0,0.0,0.0,0.0
BitRate blocking probability per pair and bitRate,1,200.0Gbps,6,7, ,0.0,0.0,0.0,0.0,0.0
BitRate blocking probability per pair and bitRate,1,200.0Gbps,24,3, ,0.0,0.0,0.0,0.0,0.0
BitRate blocking probability per pair and bitRate,1,200.0Gbps,19,5, ,0.0,0.0,0.0,0.0,0.0
BitRate blocking probability per pair and bitRate,1,200.0Gbps,20,19, ,0.0,0.0,0.0,0.0,0.0
BitRate blocking probability per pair and bitRate,1,200.0Gbps,5,17, ,0.0,0.0,0.0,0.0,0.0
BitRate blocking probability per pair and bitRate,1,200.0Gbps,20,12, ,0.0,0.0,0.0,0.0,0.0
BitRate blocking probability per pair and bitRate,1,200.0Gbps,4,22, ,0.0,0.0,0.0,0.0,0.0
BitRate blocking probability per pair and bitRate,1,200.0Gbps,7,8, ,0.0,0.0,0.0,0.0,0.0
BitRate blocking probability per pair and bitRate,1,200.0Gbps,14,1, ,0.0,0.0,0.0,0.0,0.0
BitRate blocking probability per pair and bitRate,1,200.0Gbps,20,21, ,0.0,0.0,0.0,0.0,0.0
BitRate blocking probability per pair and bitRate,1,200.0Gbps,1,6, ,0.0,0.0,0.0,0.0,0.0
BitRate blocking probability per pair and bitRate,1,200.0Gbps,13,2, ,0.0,0.0,0.0,0.0,0.0
BitRate blocking probability per pair and bitRate,1,200.0Gbps,14,20, ,0.0,0.0,0.0,0.0,0.0
BitRate blocking probability per pair and bitRate,1,200.0Gbps,16,20, ,0.0,0.0,0.0,0.0,0.0
BitRate blocking probability per pair and bitRate,1,200.0Gbps,18,15, ,0.0,0.0,0.0,0.0,0.0
BitRate blocking probability per pair and bitRate,1,200.0Gbps,6,2, ,0.0,0.0,0.0,0.0,0.0
BitRate blocking probability per pair and bitRate,1,200.0Gbps,9,15, ,0.0,0.0,0.0,0.0,0.0
BitRate blocking probability per pair and bitRate,1,200.0Gbps,15,17, ,0.0,0.0,0.0,0.0,0.0
BitRate blocking probability per pair and bitRate,1,200.0Gbps,18,2, ,0.0,0.0,0.0,0.0,0.0
BitRate blocking probability per pair and bitRate,1,200.0Gbps,15,24, ,0.0,0.0,0.0,0.0,0.0
BitRate blocking probability per pair and bitRate,1,200.0Gbps,7,10, ,0.0,0.0,0.0,0.0,0.0
BitRate blocking probability per pair and bitRate,1,200.0Gbps,14,21, ,0.0,0.0,0.0,0.0,0.0
BitRate blocking probability per pair and bitRate,1,200.0Gbps,23,15, ,0.0,0.0,0.0,0.0,0.0
BitRate blocking probability per pair and bitRate,1,200.0Gbps,11,1, ,0.0,0.0,0.0,0.0,0.0
BitRate blocking probability per pair and bitRate,1,200.0Gbps,19,20, ,0.0,0.0,0.0,0.0,0.0
BitRate blocking probability per pair and bitRate,1,200.0Gbps,1,8, ,0.0,0.0,0.0,0.0,0.0
BitRate blocking probability per pair and bitRate,1,200.0Gbps,16,1, ,0.0,0.0,0.0,0.0,0.0
BitRate blocking probability per pair and bitRate,1,200.0Gbps,24,5, ,0.0,0.0,0.0,0.0,0.0
BitRate blocking probability per pair and bitRate,1,200.0Gbps,2,4, ,0.0,0.0,0.0,0.0,0.0
BitRate blocking probability per pair and bitRate,1,200.0Gbps,10,5, ,0.0,0.0,0.0,0.0,0.0
BitRate blocking probability per pair and bitRate,1,200.0Gbps,21,7, ,0.0,0.0,0.0,0.0,0.0
BitRate blocking probability per pair and bitRate,1,200.0Gbps,23,11, ,0.0,0.0,0.0,0.0,0.0
BitRate blocking probability per pair and bitRate,1,200.0Gbps,19,6, ,0.0,0.0,0.0,0.0,0.0
BitRate blocking probability per pair and bitRate,1,200.0Gbps,10,17, ,0.0,0.0,0.0,0.0,0.0
BitRate blocking probability per pair and bitRate,1,200.0Gbps,3,8, ,0.0,0.0,0.0,0.0,0.0
BitRate blocking probability per pair and bitRate,1,200.0Gbps,3,23, ,0.0,0.0,0.0,0.0,0.0
BitRate blocking probability per pair and bitRate,1,200.0Gbps,17,9, ,0.0,0.0,0.0,0.0,0.0
BitRate blocking probability per pair and bitRate,1,200.0Gbps,9,18, ,0.0,0.0,0.0,0.0,0.0
BitRate blocking probability per pair and bitRate,1,200.0Gbps,1,3, ,0.0,0.0,0.0,0.0,0.0
BitRate blocking probability per pair and bitRate,1,200.0Gbps,10,20, ,0.0,0.0,0.0,0.0,0.0
BitRate blocking probability per pair and bitRate,1,200.0Gbps,21,6, ,0.0,0.0,0.0,0.0,0.0
BitRate blocking probability per pair and bitRate,1,200.0Gbps,8,5, ,0.0,0.0,0.0,0.0,0.0
BitRate blocking probability per pair and bitRate,1,200.0Gbps,9,8, ,0.0,0.0,0.0,0.0,0.0
BitRate blocking probability per pair and bitRate,1,200.0Gbps,24,4, ,0.0,0.0,0.0,0.0,0.0
BitRate blocking probability per pair and bitRate,1,200.0Gbps,1,12, ,0.0,0.0,0.0,0.0,0.0
BitRate blocking probability per pair and bitRate,1,200.0Gbps,11,5, ,0.0,0.0,0.0,0.0,0.0
BitRate blocking probability per pair and bitRate,1,200.0Gbps,22,7, ,0.0,0.0,0.0,0.0,0.0
BitRate blocking probability per pair and bitRate,1,200.0Gbps,22,8, ,0.0,0.0,0.0,0.0,0.0
BitRate blocking probability per pair and bitRate,1,200.0Gbps,20,22, ,0.0,0.0,0.0,0.0,0.0
BitRate blocking probability per pair and bitRate,1,200.0Gbps,13,24, ,0.0,0.0,0.0,0.0,0.0
BitRate blocking probability per pair and bitRate,1,200.0Gbps,1,7, ,0.0,0.0,0.0,0.0,0.0
BitRate blocking probability per pair and bitRate,1,200.0Gbps,17,20, ,0.0,0.0,0.0,0.0,0.0
BitRate blocking probability per pair and bitRate,1,200.0Gbps,16,18, ,0.0,0.0,0.0,0.0,0.0
BitRate blocking probability per pair and bitRate,1,200.0Gbps,16,8, ,0.0,0.0,0.0,0.0,0.0
BitRate blocking probability per pair and bitRate,1,200.0Gbps,12,15, ,0.0,0.0,0.0,0.0,0.0
BitRate blocking probability per pair and bitRate,1,200.0Gbps,17,5, ,0.0,0.0,0.0,0.0,0.0
BitRate blocking probability per pair and bitRate,1,200.0Gbps,23,14, ,0.0,0.0,0.0,0.0,0.0
BitRate blocking probability per pair and bitRate,1,200.0Gbps,1,19, ,0.0,0.0,0.0,0.0,0.0
BitRate blocking probability per pair and bitRate,1,200.0Gbps,17,7, ,0.0,0.0,0.0,0.0,0.0
BitRate blocking probability per pair and bitRate,1,200.0Gbps,18,9, ,0.0,0.0,0.0,0.0,0.0
BitRate blocking probability per pair and bitRate,1,200.0Gbps,18,23, ,0.0,0.0,0.0,0.0,0.0
BitRate blocking probability per pair and bitRate,1,200.0Gbps,13,22, ,0.0,0.0,0.0,0.0,0.0
BitRate blocking probability per pair and bitRate,1,200.0Gbps,7,6, ,0.0,0.0,0.0,0.0,0.0
BitRate blocking probability per pair and bitRate,1,200.0Gbps,9,23, ,0.0,0.0,0.0,0.0,0.0
BitRate blocking probability per pair and bitRate,1,200.0Gbps,13,6, ,0.0,0.0,0.0,0.0,0.0
BitRate blocking probability per pair and bitRate,1,200.0Gbps,15,8, ,0.0,0.0,0.0,0.0,0.0
BitRate blocking probability per pair and bitRate,1,200.0Gbps,13,14, ,0.0,0.0,0.0,0.0,0.0
BitRate blocking probability per pair and bitRate,1,200.0Gbps,20,3, ,0.0,0.0,0.0,0.0,0.0
BitRate blocking probability per pair and bitRate,1,200.0Gbps,21,16, ,0.0,0.0,0.0,0.0,0.0
BitRate blocking probability per pair and bitRate,1,200.0Gbps,3,16, ,0.0,0.0,0.0,0.0,0.0
BitRate blocking probability per pair and bitRate,1,200.0Gbps,22,13, ,0.0,0.0,0.0,0.0,0.0
BitRate blocking probability per pair and bitRate,1,200.0Gbps,3,14, ,0.0,0.0,0.0,0.0,0.0
BitRate blocking probability per pair and bitRate,1,200.0Gbps,3,7, ,0.0,0.0,0.0,0.0,0.0
BitRate blocking probability per pair and bitRate,1,200.0Gbps,10,22, ,0.0,0.0,0.0,0.0,0.0
BitRate blocking probability per pair and bitRate,1,200.0Gbps,8,10, ,0.0,0.0,0.0,0.0,0.0
BitRate blocking probability per pair and bitRate,1,200.0Gbps,22,6, ,0.0,0.0,0.0,0.0,0.0
BitRate blocking probability per pair and bitRate,1,200.0Gbps,5,2, ,0.0,0.0,0.0,0.0,0.0
BitRate blocking probability per pair and bitRate,1,200.0Gbps,13,5, ,0.0,0.0,0.0,0.0,0.0
BitRate blocking probability per pair and bitRate,1,200.0Gbps,23,8, ,0.0,0.0,0.0,0.0,0.0
BitRate blocking probability per pair and bitRate,1,200.0Gbps,13,11, ,0.0,0.0,0.0,0.0,0.0
BitRate blocking probability per pair and bitRate,1,200.0Gbps,13,7, ,0.0,0.0,0.0,0.0,0.0
BitRate blocking probability per pair and bitRate,1,200.0Gbps,3,13, ,0.0,0.0,0.0,0.0,0.0
BitRate blocking probability per pair and bitRate,1,200.0Gbps,10,12, ,0.0,0.0,0.0,0.0,0.0
BitRate blocking probability per pair and bitRate,1,200.0Gbps,24,11, ,0.0,0.0,0.0,0.0,0.0
BitRate blocking probability per pair and bitRate,1,200.0Gbps,9,7, ,0.0,0.0,0.0,0.0,0.0
BitRate blocking probability per pair and bitRate,1,200.0Gbps,24,12, ,0.0,0.0,0.0,0.0,0.0
BitRate blocking probability per pair and bitRate,1,200.0Gbps,15,3, ,0.0,0.0,0.0,0.0,0.0
BitRate blocking probability per pair and bitRate,1,200.0Gbps,22,11, ,0.0,0.0,0.0,0.0,0.0
BitRate blocking probability per pair and bitRate,1,200.0Gbps,18,19, ,0.0,0.0,0.0,0.0,0.0
BitRate blocking probability per pair and bitRate,1,200.0Gbps,16,7, ,0.0,0.0,0.0,0.0,0.0
BitRate blocking probability per pair and bitRate,1,200.0Gbps,5,24, ,0.0,0.0,0.0,0.0,0.0
BitRate blocking probability per pair and bitRate,1,200.0Gbps,10,19, ,0.0,0.0,0.0,0.0,0.0
BitRate blocking probability per pair and bitRate,1,200.0Gbps,23,13, ,0.0,0.0,0.0,0.0,0.0
BitRate blocking probability per pair and bitRate,1,200.0Gbps,12,3, ,0.0,0.0,0.0,0.0,0.0
BitRate blocking probability per pair and bitRate,1,200.0Gbps,9,10, ,0.0,0.0,0.0,0.0,0.0
BitRate blocking probability per pair and bitRate,1,200.0Gbps,4,18, ,0.0,0.0,0.0,0.0,0.0
BitRate blocking probability per pair and bitRate,1,200.0Gbps,4,19, ,0.0,0.0,0.0,0.0,0.0
BitRate blocking probability per pair and bitRate,1,200.0Gbps,17,15, ,0.0,0.0,0.0,0.0,0.0
BitRate blocking probability per pair and bitRate,1,200.0Gbps,2,22, ,0.0,0.0,0.0,0.0,0.0
BitRate blocking probability per pair and bitRate,1,200.0Gbps,11,17, ,0.0,0.0,0.0,0.0,0.0
BitRate blocking probability per pair and bitRate,1,200.0Gbps,18,13, ,0.0,0.0,0.0,0.0,0.0
BitRate blocking probability per pair and bitRate,1,200.0Gbps,24,10, ,0.0,0.0,0.0,0.0,0.0
BitRate blocking probability per pair and bitRate,1,200.0Gbps,11,13, ,0.0,0.0,0.0,0.0,0.0
BitRate blocking probability per pair and bitRate,1,200.0Gbps,12,22, ,0.0,0.0,0.0,0.0,0.0
BitRate blocking probability per pair and bitRate,1,200.0Gbps,20,23, ,0.0,0.0,0.0,0.0,0.0
BitRate blocking probability per pair and bitRate,1,200.0Gbps,4,7, ,0.0,0.0,0.0,0.0,0.0
BitRate blocking probability per pair and bitRate,1,200.0Gbps,9,12, ,0.0,0.0,0.0,0.0,0.0
BitRate blocking probability per pair and bitRate,1,200.0Gbps,4,13, ,0.0,0.0,0.0,0.0,0.0
BitRate blocking probability per pair and bitRate,1,200.0Gbps,20,13, ,0.0,0.0,0.0,0.0,0.0
BitRate blocking probability per pair and bitRate,1,200.0Gbps,10,3, ,0.0,0.0,0.0,0.0,0.0
BitRate blocking probability per pair and bitRate,1,200.0Gbps,21,3, ,0.0,0.0,0.0,0.0,0.0
BitRate blocking probability per pair and bitRate,1,200.0Gbps,7,9, ,0.0,0.0,0.0,0.0,0.0
BitRate blocking probability per pair and bitRate,1,200.0Gbps,12,19, ,0.0,0.0,0.0,0.0,0.0
BitRate blocking probability per pair and bitRate,1,200.0Gbps,19,16, ,0.0,0.0,0.0,0.0,0.0
BitRate blocking probability per pair and bitRate,1,200.0Gbps,20,11, ,0.0,0.0,0.0,0.0,0.0
BitRate blocking probability per pair and bitRate,1,200.0Gbps,22,9, ,0.0,0.0,0.0,0.0,0.0
BitRate blocking probability per pair and bitRate,1,200.0Gbps,7,11, ,0.0,0.0,0.0,0.0,0.0
BitRate blocking probability per pair and bitRate,1,200.0Gbps,6,1, ,0.0,0.0,0.0,0.0,0.0
BitRate blocking probability per pair and bitRate,1,200.0Gbps,6,14, ,0.0,0.0,0.0,0.0,0.0
BitRate blocking probability per pair and bitRate,1,200.0Gbps,21,1, ,0.0,0.0,0.0,0.0,0.0
BitRate blocking probability per pair and bitRate,1,200.0Gbps,4,23, ,0.0,0.0,0.0,0.0,0.0
BitRate blocking probability per pair and bitRate,1,200.0Gbps,1,5, ,0.0,0.0,0.0,0.0,0.0
BitRate blocking probability per pair and bitRate,1,200.0Gbps,3,22, ,0.0,0.0,0.0,0.0,0.0
BitRate blocking probability per pair and bitRate,1,200.0Gbps,5,23, ,0.0,0.0,0.0,0.0,0.0
BitRate blocking probability per pair and bitRate,1,200.0Gbps,14,9, ,0.0,0.0,0.0,0.0,0.0
BitRate blocking probability per pair and bitRate,1,200.0Gbps,23,6, ,0.0,0.0,0.0,0.0,0.0
BitRate blocking probability per pair and bitRate,1,200.0Gbps,6,19, ,0.0,0.0,0.0,0.0,0.0
BitRate blocking probability per pair and bitRate,1,200.0Gbps,14,13, ,0.0,0.0,0.0,0.0,0.0
BitRate blocking probability per pair and bitRate,1,200.0Gbps,14,11, ,0.0,0.0,0.0,0.0,0.0
BitRate blocking probability per pair and bitRate,1,200.0Gbps,12,21, ,0.0,0.0,0.0,0.0,0.0
BitRate blocking probability per pair and bitRate,1,200.0Gbps,2,8, ,0.0,0.0,0.0,0.0,0.0
BitRate blocking probability per pair and bitRate,1,200.0Gbps,16,13, ,0.0,0.0,0.0,0.0,0.0
BitRate blocking probability per pair and bitRate,1,200.0Gbps,20,18, ,0.0,0.0,0.0,0.0,0.0
BitRate blocking probability per pair and bitRate,1,200.0Gbps,6,9, ,0.0,0.0,0.0,0.0,0.0
BitRate blocking probability per pair and bitRate,1,200.0Gbps,6,23, ,0.0,0.0,0.0,0.0,0.0
BitRate blocking probability per pair and bitRate,1,200.0Gbps,10,4, ,0.0,0.0,0.0,0.0,0.0
BitRate blocking probability per pair and bitRate,1,200.0Gbps,17,23, ,0.0,0.0,0.0,0.0,0.0
BitRate blocking probability per pair and bitRate,1,200.0Gbps,17,18, ,0.0,0.0,0.0,0.0,0.0
BitRate blocking probability per pair and bitRate,1,200.0Gbps,14,12, ,0.0,0.0,0.0,0.0,0.0
BitRate blocking probability per pair and bitRate,1,200.0Gbps,14,17, ,0.0,0.0,0.0,0.0,0.0
BitRate blocking probability per pair and bitRate,1,200.0Gbps,19,7, ,0.0,0.0,0.0,0.0,0.0
BitRate blocking probability per pair and bitRate,1,200.0Gbps,7,24, ,0.0,0.0,0.0,0.0,0.0
BitRate blocking probability per pair and bitRate,1,200.0Gbps,11,18, ,0.0,0.0,0.0,0.0,0.0
BitRate blocking probability per pair and bitRate,1,200.0Gbps,11,10, ,0.0,0.0,0.0,0.0,0.0
BitRate blocking probability per pair and bitRate,1,200.0Gbps,14,22, ,0.0,0.0,0.0,0.0,0.0
BitRate blocking probability per pair and bitRate,1,200.0Gbps,4,9, ,0.0,0.0,0.0,0.0,0.0
BitRate blocking probability per pair and bitRate,1,200.0Gbps,22,21, ,0.0,0.0,0.0,0.0,0.0
BitRate blocking probability per pair and bitRate,1,200.0Gbps,22,24, ,0.0,0.0,0.0,0.0,0.0
BitRate blocking probability per pair and bitRate,1,200.0Gbps,8,15, ,0.0,0.0,0.0,0.0,0.0
BitRate blocking probability per pair and bitRate,1,200.0Gbps,12,5, ,0.0,0.0,0.0,0.0,0.0
BitRate blocking probability per pair and bitRate,1,200.0Gbps,7,23, ,0.0,0.0,0.0,0.0,0.0
BitRate blocking probability per pair and bitRate,1,200.0Gbps,24,14, ,0.0,0.0,0.0,0.0,0.0
BitRate blocking probability per pair and bitRate,1,200.0Gbps,1,2, ,0.0,0.0,0.0,0.0,0.0
BitRate blocking probability per pair and bitRate,1,200.0Gbps,15,22, ,0.0,0.0,0.0,0.0,0.0
BitRate blocking probability per pair and bitRate,1,200.0Gbps,19,14, ,0.0,0.0,0.0,0.0,0.0
BitRate blocking probability per pair and bitRate,1,200.0Gbps,21,23, ,0.0,0.0,0.0,0.0,0.0
BitRate blocking probability per pair and bitRate,1,200.0Gbps,8,1, ,0.0,0.0,0.0,0.0,0.0
BitRate blocking probability per pair and bitRate,1,200.0Gbps,18,10, ,0.0,0.0,0.0,0.0,0.0
BitRate blocking probability per pair and bitRate,1,200.0Gbps,17,3, ,0.0,0.0,0.0,0.0,0.0
BitRate blocking probability per pair and bitRate,1,200.0Gbps,5,9, ,0.0,0.0,0.0,0.0,0.0
BitRate blocking probability per pair and bitRate,1,200.0Gbps,19,8, ,0.0,0.0,0.0,0.0,0.0
BitRate blocking probability per pair and bitRate,1,200.0Gbps,4,21, ,0.0,0.0,0.0,0.0,0.0
BitRate blocking probability per pair and bitRate,1,200.0Gbps,8,16, ,0.0,0.0,0.0,0.0,0.0
BitRate blocking probability per pair and bitRate,1,200.0Gbps,5,12, ,0.0,0.0,0.0,0.0,0.0
BitRate blocking probability per pair and bitRate,1,200.0Gbps,6,16, ,0.0,0.0,0.0,0.0,0.0
BitRate blocking probability per pair and bitRate,1,200.0Gbps,20,10, ,0.0,0.0,0.0,0.0,0.0
BitRate blocking probability per pair and bitRate,1,200.0Gbps,2,15, ,0.0,0.0,0.0,0.0,0.0
BitRate blocking probability per pair and bitRate,1,200.0Gbps,20,6, ,0.0,0.0,0.0,0.0,0.0
BitRate blocking probability per pair and bitRate,1,200.0Gbps,21,13, ,0.0,0.0,0.0,0.0,0.0
BitRate blocking probability per pair and bitRate,1,200.0Gbps,6,21, ,0.0,0.0,0.0,0.0,0.0
BitRate blocking probability per pair and bitRate,1,200.0Gbps,18,16, ,0.0,0.0,0.0,0.0,0.0
BitRate blocking probability per pair and bitRate,1,200.0Gbps,5,21, ,0.0,0.0,0.0,0.0,0.0
BitRate blocking probability per pair and bitRate,1,200.0Gbps,15,11, ,0.0,0.0,0.0,0.0,0.0
BitRate blocking probability per pair and bitRate,1,200.0Gbps,8,12, ,0.0,0.0,0.0,0.0,0.0
BitRate blocking probability per pair and bitRate,1,200.0Gbps,19,1, ,0.0,0.0,0.0,0.0,0.0
BitRate blocking probability per pair and bitRate,1,200.0Gbps,21,14, ,0.0,0.0,0.0,0.0,0.0
BitRate blocking probability per pair and bitRate,1,200.0Gbps,2,13, ,0.0,0.0,0.0,0.0,0.0
BitRate blocking probability per pair and bitRate,1,200.0Gbps,17,6, ,0.0,0.0,0.0,0.0,0.0
BitRate blocking probability per pair and bitRate,1,200.0Gbps,24,1, ,0.0,0.0,0.0,0.0,0.0
BitRate blocking probability per pair and bitRate,1,200.0Gbps,8,3, ,0.0,0.0,0.0,0.0,0.0
BitRate blocking probability per pair and bitRate,1,200.0Gbps,1,22, ,0.0,0.0,0.0,0.0,0.0
BitRate blocking probability per pair and bitRate,1,200.0Gbps,23,3, ,0.0,0.0,0.0,0.0,0.0
BitRate blocking probability per pair and bitRate,1,200.0Gbps,2,1, ,0.0,0.0,0.0,0.0,0.0
BitRate blocking probability per pair and bitRate,1,200.0Gbps,15,23, ,0.0,0.0,0.0,0.0,0.0
BitRate blocking probability per pair and bitRate,1,200.0Gbps,19,15, ,0.0,0.0,0.0,0.0,0.0
BitRate blocking probability per pair and bitRate,1,200.0Gbps,2,23, ,0.0,0.0,0.0,0.0,0.0
BitRate blocking probability per pair and bitRate,1,200.0Gbps,13,17, ,0.0,0.0,0.0,0.0,0.0
BitRate blocking probability per pair and bitRate,1,200.0Gbps,1,10, ,0.0,0.0,0.0,0.0,0.0
BitRate blocking probability per pair and bitRate,1,200.0Gbps,5,22, ,0.0,0.0,0.0,0.0,0.0
BitRate blocking probability per pair and bitRate,1,200.0Gbps,18,24, ,0.0,0.0,0.0,0.0,0.0
BitRate blocking probability per pair and bitRate,1,200.0Gbps,19,23, ,0.0,0.0,0.0,0.0,0.0
BitRate blocking probability per pair and bitRate,1,200.0Gbps,20,8, ,0.0,0.0,0.0,0.0,0.0
BitRate blocking probability per pair and bitRate,1,200.0Gbps,10,6, ,0.0,0.0,0.0,0.0,0.0
BitRate blocking probability per pair and bitRate,1,200.0Gbps,2,6, ,0.0,0.0,0.0,0.0,0.0
BitRate blocking probability per pair and bitRate,1,200.0Gbps,16,14, ,0.0,0.0,0.0,0.0,0.0
BitRate blocking probability per pair and bitRate,1,200.0Gbps,24,19, ,0.0,0.0,0.0,0.0,0.0
BitRate blocking probability per pair and bitRate,1,200.0Gbps,23,19, ,0.0,0.0,0.0,0.0,0.0
BitRate blocking probability per pair and bitRate,1,200.0Gbps,12,2, ,0.0,0.0,0.0,0.0,0.0
BitRate blocking probability per pair and bitRate,1,200.0Gbps,23,1, ,0.0,0.0,0.0,0.0,0.0
BitRate blocking probability per pair and bitRate,1,200.0Gbps,15,7, ,0.0,0.0,0.0,0.0,0.0
BitRate blocking probability per pair and bitRate,1,200.0Gbps,22,12, ,0.0,0.0,0.0,0.0,0.0
BitRate blocking probability per pair and bitRate,1,200.0Gbps,3,6, ,0.0,0.0,0.0,0.0,0.0
BitRate blocking probability per pair and bitRate,1,200.0Gbps,4,2, ,0.0,0.0,0.0,0.0,0.0
BitRate blocking probability per pair and bitRate,1,200.0Gbps,13,1, ,0.0,0.0,0.0,0.0,0.0
BitRate blocking probability per pair and bitRate,1,200.0Gbps,6,5, ,0.0,0.0,0.0,0.0,0.0
BitRate blocking probability per pair and bitRate,1,200.0Gbps,16,22, ,0.0,0.0,0.0,0.0,0.0
BitRate blocking probability per pair and bitRate,1,200.0Gbps,7,5, ,0.0,0.0,0.0,0.0,0.0
BitRate blocking probability per pair and bitRate,1,200.0Gbps,6,24, ,0.0,0.0,0.0,0.0,0.0
BitRate blocking probability per pair and bitRate,1,200.0Gbps,18,17, ,0.0,0.0,0.0,0.0,0.0
BitRate blocking probability per pair and bitRate,1,200.0Gbps,22,3, ,0.0,0.0,0.0,0.0,0.0
BitRate blocking probability per pair and bitRate,1,200.0Gbps,13,4, ,0.0,0.0,0.0,0.0,0.0
BitRate blocking probability per pair and bitRate,1,200.0Gbps,16,5, ,0.0,0.0,0.0,0.0,0.0
BitRate blocking probability per pair and bitRate,1,200.0Gbps,18,11, ,0.0,0.0,0.0,0.0,0.0
BitRate blocking probability per pair and bitRate,1,200.0Gbps,6,11, ,0.0,0.0,0.0,0.0,0.0
BitRate blocking probability per pair and bitRate,1,200.0Gbps,17,13, ,0.0,0.0,0.0,0.0,0.0
BitRate blocking probability per pair and bitRate,1,200.0Gbps,7,3, ,0.0,0.0,0.0,0.0,0.0
BitRate blocking probability per pair and bitRate,1,200.0Gbps,22,23, ,0.0,0.0,0.0,0.0,0.0
BitRate blocking probability per pair and bitRate,1,200.0Gbps,10,13, ,0.0,0.0,0.0,0.0,0.0
BitRate blocking probability per pair and bitRate,1,200.0Gbps,14,7, ,0.0,0.0,0.0,0.0,0.0
BitRate blocking probability per pair and bitRate,1,200.0Gbps,20,16, ,0.0,0.0,0.0,0.0,0.0
BitRate blocking probability per pair and bitRate,1,200.0Gbps,14,8, ,0.0,0.0,0.0,0.0,0.0
BitRate blocking probability per pair and bitRate,1,200.0Gbps,7,4, ,0.0,0.0,0.0,0.0,0.0
BitRate blocking probability per pair and bitRate,1,200.0Gbps,8,14, ,0.0,0.0,0.0,0.0,0.0
BitRate blocking probability per pair and bitRate,1,200.0Gbps,3,12, ,0.0,0.0,0.0,0.0,0.0
BitRate blocking probability per pair and bitRate,1,200.0Gbps,7,2, ,0.0,0.0,0.0,0.0,0.0
BitRate blocking probability per pair and bitRate,1,200.0Gbps,10,11, ,0.0,0.0,0.0,0.0,0.0
BitRate blocking probability per pair and bitRate,1,200.0Gbps,11,14, ,0.0,0.0,0.0,0.0,0.0
BitRate blocking probability per pair and bitRate,1,200.0Gbps,20,24, ,0.0,0.0,0.0,0.0,0.0
BitRate blocking probability per pair and bitRate,1,200.0Gbps,20,4, ,0.0,0.0,0.0,0.0,0.0
BitRate blocking probability per pair and bitRate,1,200.0Gbps,23,2, ,0.0,0.0,0.0,0.0,0.0
BitRate blocking probability per pair and bitRate,1,200.0Gbps,22,2, ,0.0,0.0,0.0,0.0,0.0
BitRate blocking probability per pair and bitRate,1,200.0Gbps,22,19, ,0.0,0.0,0.0,0.0,0.0
BitRate blocking probability per pair and bitRate,1,200.0Gbps,24,23, ,0.0,0.0,0.0,0.0,0.0
BitRate blocking probability per pair and bitRate,1,200.0Gbps,6,17, ,0.0,0.0,0.0,0.0,0.0
BitRate blocking probability per pair and bitRate,1,200.0Gbps,4,15, ,0.0,0.0,0.0,0.0,0.0
BitRate blocking probability per pair and bitRate,1,200.0Gbps,20,7, ,0.0,0.0,0.0,0.0,0.0
BitRate blocking probability per pair and bitRate,1,200.0Gbps,10,8, ,0.0,0.0,0.0,0.0,0.0
BitRate blocking probability per pair and bitRate,1,200.0Gbps,10,24, ,0.0,0.0,0.0,0.0,0.0
BitRate blocking probability per pair and bitRate,1,200.0Gbps,12,16, ,0.0,0.0,0.0,0.0,0.0
BitRate blocking probability per pair and bitRate,1,200.0Gbps,8,13, ,0.0,0.0,0.0,0.0,0.0
BitRate blocking probability per pair and bitRate,1,200.0Gbps,11,4, ,0.0,0.0,0.0,0.0,0.0
BitRate blocking probability per pair and bitRate,1,200.0Gbps,22,17, ,0.0,0.0,0.0,0.0,0.0
BitRate blocking probability per pair and bitRate,1,200.0Gbps,4,1, ,0.0,0.0,0.0,0.0,0.0
BitRate blocking probability per pair and bitRate,1,200.0Gbps,14,6, ,0.0,0.0,0.0,0.0,0.0
BitRate blocking probability per pair and bitRate,1,200.0Gbps,14,10, ,0.0,0.0,0.0,0.0,0.0
BitRate blocking probability per pair and bitRate,1,200.0Gbps,24,6, ,0.0,0.0,0.0,0.0,0.0
BitRate blocking probability per pair and bitRate,1,200.0Gbps,15,2, ,0.0,0.0,0.0,0.0,0.0
BitRate blocking probability per pair and bitRate,1,200.0Gbps,22,10, ,0.0,0.0,0.0,0.0,0.0
BitRate blocking probability per pair and bitRate,1,200.0Gbps,4,17, ,0.0,0.0,0.0,0.0,0.0
BitRate blocking probability per pair and bitRate,1,200.0Gbps,17,2, ,0.0,0.0,0.0,0.0,0.0
BitRate blocking probability per pair and bitRate,1,200.0Gbps,18,20, ,0.0,0.0,0.0,0.0,0.0
BitRate blocking probability per pair and bitRate,1,200.0Gbps,17,21, ,0.0,0.0,0.0,0.0,0.0
BitRate blocking probability per pair and bitRate,1,200.0Gbps,18,6, ,0.0,0.0,0.0,0.0,0.0
BitRate blocking probability per pair and bitRate,1,200.0Gbps,10,15, ,0.0,0.0,0.0,0.0,0.0
BitRate blocking probability per pair and bitRate,1,200.0Gbps,4,11, ,0.0,0.0,0.0,0.0,0.0
BitRate blocking probability per pair and bitRate,1,200.0Gbps,2,21, ,0.0,0.0,0.0,0.0,0.0
BitRate blocking probability per pair and bitRate,1,200.0Gbps,19,9, ,0.0,0.0,0.0,0.0,0.0
BitRate blocking probability per pair and bitRate,1,200.0Gbps,5,8, ,0.0,0.0,0.0,0.0,0.0
BitRate blocking probability per pair and bitRate,1,200.0Gbps,5,3, ,0.0,0.0,0.0,0.0,0.0
BitRate blocking probability per pair and bitRate,1,200.0Gbps,11,6, ,0.0,0.0,0.0,0.0,0.0
BitRate blocking probability per pair and bitRate,1,200.0Gbps,8,2, ,0.0,0.0,0.0,0.0,0.0
BitRate blocking probability per pair and bitRate,1,200.0Gbps,9,24, ,0.0,0.0,0.0,0.0,0.0
BitRate blocking probability per pair and bitRate,1,200.0Gbps,16,23, ,0.0,0.0,0.0,0.0,0.0
BitRate blocking probability per pair and bitRate,1,200.0Gbps,2,16, ,0.0,0.0,0.0,0.0,0.0
BitRate blocking probability per pair and bitRate,1,200.0Gbps,16,17, ,0.0,0.0,0.0,0.0,0.0
BitRate blocking probability per pair and bitRate,1,200.0Gbps,23,18, ,0.0,0.0,0.0,0.0,0.0
BitRate blocking probability per pair and bitRate,1,200.0Gbps,7,1, ,0.0,0.0,0.0,0.0,0.0
BitRate blocking probability per pair and bitRate,1,200.0Gbps,11,24, ,0.0,0.0,0.0,0.0,0.0
BitRate blocking probability per pair and bitRate,1,200.0Gbps,2,10, ,0.0,0.0,0.0,0.0,0.0
BitRate blocking probability per pair and bitRate,1,200.0Gbps,4,6, ,0.0,0.0,0.0,0.0,0.0
BitRate blocking probability per pair and bitRate,1,200.0Gbps,15,13, ,0.0,0.0,0.0,0.0,0.0
BitRate blocking probability per pair and bitRate,1,200.0Gbps,21,12, ,0.0,0.0,0.0,0.0,0.0
BitRate blocking probability per pair and bitRate,1,200.0Gbps,5,6, ,0.0,0.0,0.0,0.0,0.0
BitRate blocking probability per pair and bitRate,1,200.0Gbps,10,18, ,0.0,0.0,0.0,0.0,0.0
BitRate blocking probability per pair and bitRate,1,200.0Gbps,14,23, ,0.0,0.0,0.0,0.0,0.0
BitRate blocking probability per pair and bitRate,1,200.0Gbps,21,8, ,0.0,0.0,0.0,0.0,0.0
BitRate blocking probability per pair and bitRate,1,200.0Gbps,11,3, ,0.0,0.0,0.0,0.0,0.0
BitRate blocking probability per pair and bitRate,1,200.0Gbps,13,16, ,0.0,0.0,0.0,0.0,0.0
BitRate blocking probability per pair and bitRate,1,200.0Gbps,22,16, ,0.0,0.0,0.0,0.0,0.0
BitRate blocking probability per pair and bitRate,1,200.0Gbps,21,5, ,0.0,0.0,0.0,0.0,0.0
BitRate blocking probability per pair and bitRate,1,200.0Gbps,23,24, ,0.0,0.0,0.0,0.0,0.0
BitRate blocking probability per pair and bitRate,1,200.0Gbps,9,6, ,0.0,0.0,0.0,0.0,0.0
BitRate blocking probability per pair and bitRate,1,200.0Gbps,20,9, ,0.0,0.0,0.0,0.0,0.0
BitRate blocking probability per pair and bitRate,1,200.0Gbps,16,6, ,0.0,0.0,0.0,0.0,0.0
BitRate blocking probability per pair and bitRate,1,200.0Gbps,15,4, ,0.0,0.0,0.0,0.0,0.0
BitRate blocking probability per pair and bitRate,1,200.0Gbps,3,4, ,0.0,0.0,0.0,0.0,0.0
BitRate blocking probability per pair and bitRate,1,200.0Gbps,17,10, ,0.0,0.0,0.0,0.0,0.0
BitRate blocking probability per pair and bitRate,1,200.0Gbps,12,10, ,0.0,0.0,0.0,0.0,0.0
BitRate blocking probability per pair and bitRate,1,200.0Gbps,12,7, ,0.0,0.0,0.0,0.0,0.0
BitRate blocking probability per pair and bitRate,1,200.0Gbps,3,17, ,0.0,0.0,0.0,0.0,0.0
BitRate blocking probability per pair and bitRate,1,400.0Gbps,11,2, ,0.0,0.0,0.0,0.0,0.0
BitRate blocking probability per pair and bitRate,1,400.0Gbps,1,23, ,0.0,0.0,0.0,0.0,0.0
BitRate blocking probability per pair and bitRate,1,400.0Gbps,2,9, ,0.0,0.0,0.0,0.0,0.0
BitRate blocking probability per pair and bitRate,1,400.0Gbps,1,20, ,0.0,0.0,0.0,0.0,0.0
BitRate blocking probability per pair and bitRate,1,400.0Gbps,17,24, ,0.0,0.0,0.0,0.0,0.0
BitRate blocking probability per pair and bitRate,1,400.0Gbps,21,15, ,0.0,0.0,0.0,0.0,0.0
BitRate blocking probability per pair and bitRate,1,400.0Gbps,19,11, ,0.0,0.0,0.0,0.0,0.0
BitRate blocking probability per pair and bitRate,1,400.0Gbps,3,1, ,0.0,0.0,0.0,0.0,0.0
BitRate blocking probability per pair and bitRate,1,400.0Gbps,24,2, ,0.0,0.0,0.0,0.0,0.0
BitRate blocking probability per pair and bitRate,1,400.0Gbps,23,22, ,0.0,0.0,0.0,0.0,0.0
BitRate blocking probability per pair and bitRate,1,400.0Gbps,17,22, ,0.0,0.0,0.0,0.0,0.0
BitRate blocking probability per pair and bitRate,1,400.0Gbps,15,20, ,0.0,0.0,0.0,0.0,0.0
BitRate blocking probability per pair and bitRate,1,400.0Gbps,2,7, ,0.0,0.0,0.0,0.0,0.0
BitRate blocking probability per pair and bitRate,1,400.0Gbps,10,1, ,0.0,0.0,0.0,0.0,0.0
BitRate blocking probability per pair and bitRate,1,400.0Gbps,14,16, ,0.0,0.0,0.0,0.0,0.0
BitRate blocking probability per pair and bitRate,1,400.0Gbps,13,18, ,0.0,0.0,0.0,0.0,0.0
BitRate blocking probability per pair and bitRate,1,400.0Gbps,11,7, ,0.0,0.0,0.0,0.0,0.0
BitRate blocking probability per pair and bitRate,1,400.0Gbps,15,10, ,0.0,0.0,0.0,0.0,0.0
BitRate blocking probability per pair and bitRate,1,400.0Gbps,17,4, ,0.0,0.0,0.0,0.0,0.0
BitRate blocking probability per pair and bitRate,1,400.0Gbps,15,19, ,0.0,0.0,0.0,0.0,0.0
BitRate blocking probability per pair and bitRate,1,400.0Gbps,9,22, ,0.0,0.0,0.0,0.0,0.0
BitRate blocking probability per pair and bitRate,1,400.0Gbps,9,19, ,0.0,0.0,0.0,0.0,0.0
BitRate blocking probability per pair and bitRate,1,400.0Gbps,24,7, ,0.0,0.0,0.0,0.0,0.0
BitRate blocking probability per pair and bitRate,1,400.0Gbps,1,18, ,0.0,0.0,0.0,0.0,0.0
BitRate blocking probability per pair and bitRate,1,400.0Gbps,19,4, ,0.0,0.0,0.0,0.0,0.0
BitRate blocking probability per pair and bitRate,1,400.0Gbps,5,1, ,0.0,0.0,0.0,0.0,0.0
BitRate blocking probability per pair and bitRate,1,400.0Gbps,5,20, ,0.0,0.0,0.0,0.0,0.0
BitRate blocking probability per pair and bitRate,1,400.0Gbps,21,24, ,0.0,0.0,0.0,0.0,0.0
BitRate blocking probability per pair and bitRate,1,400.0Gbps,9,1, ,0.0,0.0,0.0,0.0,0.0
BitRate blocking probability per pair and bitRate,1,400.0Gbps,9,21, ,0.0,0.0,0.0,0.0,0.0
BitRate blocking probability per pair and bitRate,1,400.0Gbps,14,15, ,0.0,0.0,0.0,0.0,0.0
BitRate blocking probability per pair and bitRate,1,400.0Gbps,8,4, ,0.0,0.0,0.0,0.0,0.0
BitRate blocking probability per pair and bitRate,1,400.0Gbps,8,21, ,0.0,0.0,0.0,0.0,0.0
BitRate blocking probability per pair and bitRate,1,400.0Gbps,6,3, ,0.0,0.0,0.0,0.0,0.0
BitRate blocking probability per pair and bitRate,1,400.0Gbps,9,2, ,0.0,0.0,0.0,0.0,0.0
BitRate blocking probability per pair and bitRate,1,400.0Gbps,16,2, ,0.0,0.0,0.0,0.0,0.0
BitRate blocking probability per pair and bitRate,1,400.0Gbps,9,4, ,0.0,0.0,0.0,0.0,0.0
BitRate blocking probability per pair and bitRate,1,400.0Gbps,23,21, ,0.0,0.0,0.0,0.0,0.0
BitRate blocking probability per pair and bitRate,1,400.0Gbps,19,24, ,0.0,0.0,0.0,0.0,0.0
BitRate blocking probability per pair and bitRate,1,400.0Gbps,22,15, ,0.0,0.0,0.0,0.0,0.0
BitRate blocking probability per pair and bitRate,1,400.0Gbps,23,17, ,0.0,0.0,0.0,0.0,0.0
BitRate blocking probability per pair and bitRate,1,400.0Gbps,8,11, ,0.0,0.0,0.0,0.0,0.0
BitRate blocking probability per pair and bitRate,1,400.0Gbps,24,17, ,0.0,0.0,0.0,0.0,0.0
BitRate blocking probability per pair and bitRate,1,400.0Gbps,22,18, ,0.0,0.0,0.0,0.0,0.0
BitRate blocking probability per pair and bitRate,1,400.0Gbps,5,11, ,0.0,0.0,0.0,0.0,0.0
BitRate blocking probability per pair and bitRate,1,400.0Gbps,4,8, ,0.0,0.0,0.0,0.0,0.0
BitRate blocking probability per pair and bitRate,1,400.0Gbps,23,9, ,0.0,0.0,0.0,0.0,0.0
BitRate blocking probability per pair and bitRate,1,400.0Gbps,6,12, ,0.0,0.0,0.0,0.0,0.0
BitRate blocking probability per pair and bitRate,1,400.0Gbps,4,5, ,0.0,0.0,0.0,0.0,0.0
BitRate blocking probability per pair and bitRate,1,400.0Gbps,16,9, ,0.0,0.0,0.0,0.0,0.0
BitRate blocking probability per pair and bitRate,1,400.0Gbps,16,11, ,0.0,0.0,0.0,0.0,0.0
BitRate blocking probability per pair and bitRate,1,400.0Gbps,24,20, ,0.0,0.0,0.0,0.0,0.0
BitRate blocking probability per pair and bitRate,1,400.0Gbps,12,14, ,0.0,0.0,0.0,0.0,0.0
BitRate blocking probability per pair and bitRate,1,400.0Gbps,20,5, ,0.0,0.0,0.0,0.0,0.0
BitRate blocking probability per pair and bitRate,1,400.0Gbps,11,12, ,0.0,0.0,0.0,0.0,0.0
BitRate blocking probability per pair and bitRate,1,400.0Gbps,7,14, ,0.0,0.0,0.0,0.0,0.0
BitRate blocking probability per pair and bitRate,1,400.0Gbps,10,23, ,0.0,0.0,0.0,0.0,0.0
BitRate blocking probability per pair and bitRate,1,400.0Gbps,22,20, ,0.0,0.0,0.0,0.0,0.0
BitRate blocking probability per pair and bitRate,1,400.0Gbps,17,11, ,0.0,0.0,0.0,0.0,0.0
BitRate blocking probability per pair and bitRate,1,400.0Gbps,3,10, ,0.0,0.0,0.0,0.0,0.0
BitRate blocking probability per pair and bitRate,1,400.0Gbps,17,14, ,0.0,0.0,0.0,0.0,0.0
BitRate blocking probability per pair and bitRate,1,400.0Gbps,10,7, ,0.0,0.0,0.0,0.0,0.0
BitRate blocking probability per pair and bitRate,1,400.0Gbps,3,2, ,0.0,0.0,0.0,0.0,0.0
BitRate blocking probability per pair and bitRate,1,400.0Gbps,3,5, ,0.0,0.0,0.0,0.0,0.0
BitRate blocking probability per pair and bitRate,1,400.0Gbps,22,1, ,0.0,0.0,0.0,0.0,0.0
BitRate blocking probability per pair and bitRate,1,400.0Gbps,1,14, ,0.0,0.0,0.0,0.0,0.0
BitRate blocking probability per pair and bitRate,1,400.0Gbps,24,8, ,0.0,0.0,0.0,0.0,0.0
BitRate blocking probability per pair and bitRate,1,400.0Gbps,11,21, ,0.0,0.0,0.0,0.0,0.0
BitRate blocking probability per pair and bitRate,1,400.0Gbps,20,14, ,0.0,0.0,0.0,0.0,0.0
BitRate blocking probability per pair and bitRate,1,400.0Gbps,8,6, ,0.0,0.0,0.0,0.0,0.0
BitRate blocking probability per pair and bitRate,1,400.0Gbps,21,11, ,0.0,0.0,0.0,0.0,0.0
BitRate blocking probability per pair and bitRate,1,400.0Gbps,11,8, ,0.0,0.0,0.0,0.0,0.0
BitRate blocking probability per pair and bitRate,1,400.0Gbps,21,19, ,0.0,0.0,0.0,0.0,0.0
BitRate blocking probability per pair and bitRate,1,400.0Gbps,17,1, ,0.0,0.0,0.0,0.0,0.0
BitRate blocking probability per pair and bitRate,1,400.0Gbps,11,22, ,0.0,0.0,0.0,0.0,0.0
BitRate blocking probability per pair and bitRate,1,400.0Gbps,24,21, ,0.0,0.0,0.0,0.0,0.0
BitRate blocking probability per pair and bitRate,1,400.0Gbps,19,22, ,0.0,0.0,0.0,0.0,0.0
BitRate blocking probability per pair and bitRate,1,400.0Gbps,7,12, ,0.0,0.0,0.0,0.0,0.0
BitRate blocking probability per pair and bitRate,1,400.0Gbps,7,22, ,0.0,0.0,0.0,0.0,0.0
BitRate blocking probability per pair and bitRate,1,400.0Gbps,23,5, ,0.0,0.0,0.0,0.0,0.0
BitRate blocking probability per pair and bitRate,1,400.0Gbps,21,17, ,0.0,0.0,0.0,0.0,0.0
BitRate blocking probability per pair and bitRate,1,400.0Gbps,1,11, ,0.0,0.0,0.0,0.0,0.0
BitRate blocking probability per pair and bitRate,1,400.0Gbps,18,12, ,0.0,0.0,0.0,0.0,0.0
BitRate blocking probability per pair and bitRate,1,400.0Gbps,23,10, ,0.0,0.0,0.0,0.0,0.0
BitRate blocking probability per pair and bitRate,1,400.0Gbps,18,7, ,0.0,0.0,0.0,0.0,0.0
BitRate blocking probability per pair and bitRate,1,400.0Gbps,24,22, ,0.0,0.0,0.0,0.0,0.0
BitRate blocking probability per pair and bitRate,1,400.0Gbps,21,2, ,0.0,0.0,0.0,0.0,0.0
BitRate blocking probability per pair and bitRate,1,400.0Gbps,16,4, ,0.0,0.0,0.0,0.0,0.0
BitRate blocking probability per pair and bitRate,1,400.0Gbps,10,9, ,0.0,0.0,0.0,0.0,0.0
BitRate blocking probability per pair and bitRate,1,400.0Gbps,22,5, ,0.0,0.0,0.0,0.0,0.0
BitRate blocking probability per pair and bitRate,1,400.0Gbps,9,17, ,0.0,0.0,0.0,0.0,0.0
BitRate blocking probability per pair and bitRate,1,400.0Gbps,8,20, ,0.0,0.0,0.0,0.0,0.0
BitRate blocking probability per pair and bitRate,1,400.0Gbps,1,24, ,0.0,0.0,0.0,0.0,0.0
BitRate blocking probability per pair and bitRate,1,400.0Gbps,2,14, ,0.0,0.0,0.0,0.0,0.0
BitRate blocking probability per pair and bitRate,1,400.0Gbps,5,18, ,0.0,0.0,0.0,0.0,0.0
BitRate blocking probability per pair and bitRate,1,400.0Gbps,8,9, ,0.0,0.0,0.0,0.0,0.0
BitRate blocking probability per pair and bitRate,1,400.0Gbps,9,13, ,0.0,0.0,0.0,0.0,0.0
BitRate blocking probability per pair and bitRate,1,400.0Gbps,24,13, ,0.0,0.0,0.0,0.0,0.0
BitRate blocking probability per pair and bitRate,1,400.0Gbps,2,17, ,0.0,0.0,0.0,0.0,0.0
BitRate blocking probability per pair and bitRate,1,400.0Gbps,20,1, ,0.0,0.0,0.0,0.0,0.0
BitRate blocking probability per pair and bitRate,1,400.0Gbps,19,2, ,0.0,0.0,0.0,0.0,0.0
BitRate blocking probability per pair and bitRate,1,400.0Gbps,4,3, ,0.0,0.0,0.0,0.0,0.0
BitRate blocking probability per pair and bitRate,1,400.0Gbps,22,4, ,0.0,0.0,0.0,0.0,0.0
BitRate blocking probability per pair and bitRate,1,400.0Gbps,5,4, ,0.0,0.0,0.0,0.0,0.0
BitRate blocking probability per pair and bitRate,1,400.0Gbps,16,19, ,0.0,0.0,0.0,0.0,0.0
BitRate blocking probability per pair and bitRate,1,400.0Gbps,12,6, ,0.0,0.0,0.0,0.0,0.0
BitRate blocking probability per pair and bitRate,1,400.0Gbps,17,8, ,0.0,0.0,0.0,0.0,0.0
BitRate blocking probability per pair and bitRate,1,400.0Gbps,12,9, ,0.0,0.0,0.0,0.0,0.0
BitRate blocking probability per pair and bitRate,1,400.0Gbps,11,20, ,0.0,0.0,0.0,0.0,0.0
BitRate blocking probability per pair and bitRate,1,400.0Gbps,15,12, ,0.0,0.0,0.0,0.0,0.0
BitRate blocking probability per pair and bitRate,1,400.0Gbps,9,16, ,0.0,0.0,0.0,0.0,0.0
BitRate blocking probability per pair and bitRate,1,400.0Gbps,7,15, ,0.0,0.0,0.0,0.0,0.0
BitRate blocking probability per pair and bitRate,1,400.0Gbps,6,13, ,0.0,0.0,0.0,0.0,0.0
BitRate blocking probability per pair and bitRate,1,400.0Gbps,19,18, ,0.0,0.0,0.0,0.0,0.0
BitRate blocking probability per pair and bitRate,1,400.0Gbps,3,9, ,0.0,0.0,0.0,0.0,0.0
BitRate blocking probability per pair and bitRate,1,400.0Gbps,21,18, ,0.0,0.0,0.0,0.0,0.0
BitRate blocking probability per pair and bitRate,1,400.0Gbps,1,17, ,0.0,0.0,0.0,0.0,0.0
BitRate blocking probability per pair and bitRate,1,400.0Gbps,8,24, ,0.0,0.0,0.0,0.0,0.0
BitRate blocking probability per pair and bitRate,1,400.0Gbps,7,16, ,0.0,0.0,0.0,0.0,0.0
BitRate blocking probability per pair and bitRate,1,400.0Gbps,15,21, ,0.0,0.0,0.0,0.0,0.0
BitRate blocking probability per pair and bitRate,1,400.0Gbps,18,22, ,0.0,0.0,0.0,0.0,0.0
BitRate blocking probability per pair and bitRate,1,400.0Gbps,14,2, ,0.0,0.0,0.0,0.0,0.0
BitRate blocking probability per pair and bitRate,1,400.0Gbps,2,12, ,0.0,0.0,0.0,0.0,0.0
BitRate blocking probability per pair and bitRate,1,400.0Gbps,12,8, ,0.0,0.0,0.0,0.0,0.0
BitRate blocking probability per pair and bitRate,1,400.0Gbps,1,13, ,0.0,0.0,0.0,0.0,0.0
BitRate blocking probability per pair and bitRate,1,400.0Gbps,8,18, ,0.0,0.0,0.0,0.0,0.0
BitRate blocking probability per pair and bitRate,1,400.0Gbps,15,6, ,0.0,0.0,0.0,0.0,0.0
BitRate blocking probability per pair and bitRate,1,400.0Gbps,6,20, ,0.0,0.0,0.0,0.0,0.0
BitRate blocking probability per pair and bitRate,1,400.0Gbps,7,21, ,0.0,0.0,0.0,0.0,0.0
BitRate blocking probability per pair and bitRate,1,400.0Gbps,9,3, ,0.0,0.0,0.0,0.0,0.0
BitRate blocking probability per pair and bitRate,1,400.0Gbps,12,13, ,0.0,0.0,0.0,0.0,0.0
BitRate blocking probability per pair and bitRate,1,400.0Gbps,8,22, ,0.0,0.0,0.0,0.0,0.0
BitRate blocking probability per pair and bitRate,1,400.0Gbps,2,3, ,0.0,0.0,0.0,0.0,0.0
BitRate blocking probability per pair and bitRate,1,400.0Gbps,14,18, ,0.0,0.0,0.0,0.0,0.0
BitRate blocking probability per pair and bitRate,1,400.0Gbps,23,20, ,0.0,0.0,0.0,0.0,0.0
BitRate blocking probability per pair and bitRate,1,400.0Gbps,4,20, ,0.0,0.0,0.0,0.0,0.0
BitRate blocking probability per pair and bitRate,1,400.0Gbps,4,24, ,0.0,0.0,0.0,0.0,0.0
BitRate blocking probability per pair and bitRate,1,400.0Gbps,16,15, ,0.0,0.0,0.0,0.0,0.0
BitRate blocking probability per pair and bitRate,1,400.0Gbps,24,16, ,0.0,0.0,0.0,0.0,0.0
BitRate blocking probability per pair and bitRate,1,400.0Gbps,19,12, ,0.0,0.0,0.0,0.0,0.0
BitRate blocking probability per pair and bitRate,1,400.0Gbps,6,15, ,0.0,0.0,0.0,0.0,0.0
BitRate blocking probability per pair and bitRate,1,400.0Gbps,8,7, ,0.0,0.0,0.0,0.0,0.0
BitRate blocking probability per pair and bitRate,1,400.0Gbps,2,20, ,0.0,0.0,0.0,0.0,0.0
BitRate blocking probability per pair and bitRate,1,400.0Gbps,11,9, ,0.0,0.0,0.0,0.0,0.0
BitRate blocking probability per pair and bitRate,1,400.0Gbps,4,12, ,0.0,0.0,0.0,0.0,0.0
BitRate blocking probability per pair and bitRate,1,400.0Gbps,13,23, ,0.0,0.0,0.0,0.0,0.0
BitRate blocking probability per pair and bitRate,1,400.0Gbps,11,16, ,0.0,0.0,0.0,0.0,0.0
BitRate blocking probability per pair and bitRate,1,400.0Gbps,3,11, ,0.0,0.0,0.0,0.0,0.0
BitRate blocking probability per pair and bitRate,1,400.0Gbps,2,5, ,0.0,0.0,0.0,0.0,0.0
BitRate blocking probability per pair and bitRate,1,400.0Gbps,3,24, ,0.0,0.0,0.0,0.0,0.0
BitRate blocking probability per pair and bitRate,1,400.0Gbps,18,1, ,0.0,0.0,0.0,0.0,0.0
BitRate blocking probability per pair and bitRate,1,400.0Gbps,10,2, ,0.0,0.0,0.0,0.0,0.0
BitRate blocking probability per pair and bitRate,1,400.0Gbps,15,16, ,0.0,0.0,0.0,0.0,0.0
BitRate blocking probability per pair and bitRate,1,400.0Gbps,20,17, ,0.0,0.0,0.0,0.0,0.0
BitRate blocking probability per pair and bitRate,1,400.0Gbps,5,13, ,0.0,0.0,0.0,0.0,0.0
BitRate blocking probability per pair and bitRate,1,400.0Gbps,24,15, ,0.0,0.0,0.0,0.0,0.0
BitRate blocking probability per pair and bitRate,1,400.0Gbps,12,17, ,0.0,0.0,0.0,0.0,0.0
BitRate blocking probability per pair and bitRate,1,400.0Gbps,20,2, ,0.0,0.0,0.0,0.0,0.0
BitRate blocking probability per pair and bitRate,1,400.0Gbps,5,19, ,0.0,0.0,0.0,0.0,0.0
BitRate blocking probability per pair and bitRate,1,400.0Gbps,6,8, ,0.0,0.0,0.0,0.0,0.0
BitRate blocking probability per pair and bitRate,1,400.0Gbps,4,10, ,0.0,0.0,0.0,0.0,0.0
BitRate blocking probability per pair and bitRate,1,400.0Gbps,1,4, ,0.0,0.0,0.0,0.0,0.0
BitRate blocking probability per pair and bitRate,1,400.0Gbps,12,23, ,0.0,0.0,0.0,0.0,0.0
BitRate blocking probability per pair and bitRate,1,400.0Gbps,23,4, ,0.0,0.0,0.0,0.0,0.0
BitRate blocking probability per pair and bitRate,1,400.0Gbps,12,20, ,0.0,0.0,0.0,0.0,0.0
BitRate blocking probability per pair and bitRate,1,400.0Gbps,11,19, ,0.0,0.0,0.0,0.0,0.0
BitRate blocking probability per pair and bitRate,1,400.0Gbps,2,11, ,0.0,0.0,0.0,0.0,0.0
BitRate blocking probability per pair and bitRate,1,400.0Gbps,8,23, ,0.0,0.0,0.0,0.0,0.0
BitRate blocking probability per pair and bitRate,1,400.0Gbps,10,14, ,0.0,0.0,0.0,0.0,0.0
BitRate blocking probability per pair and bitRate,1,400.0Gbps,21,22, ,0.0,0.0,0.0,0.0,0.0
BitRate blocking probability per pair and bitRate,1,400.0Gbps,9,11, ,0.0,0.0,0.0,0.0,0.0
BitRate blocking probability per pair and bitRate,1,400.0Gbps,23,7, ,0.0,0.0,0.0,0.0,0.0
BitRate blocking probability per pair and bitRate,1,400.0Gbps,24,18, ,0.0,0.0,0.0,0.0,0.0
BitRate blocking probability per pair and bitRate,1,400.0Gbps,14,24, ,0.0,0.0,0.0,0.0,0.0
BitRate blocking probability per pair and bitRate,1,400.0Gbps,6,4, ,0.0,0.0,0.0,0.0,0.0
BitRate blocking probability per pair and bitRate,1,400.0Gbps,21,9, ,0.0,0.0,0.0,0.0,0.0
BitRate blocking probability per pair and bitRate,1,400.0Gbps,15,1, ,0.0,0.0,0.0,0.0,0.0
BitRate blocking probability per pair and bitRate,1,400.0Gbps,13,8, ,0.0,0.0,0.0,0.0,0.0
BitRate blocking probability per pair and bitRate,1,400.0Gbps,13,12, ,0.0,0.0,0.0,0.0,0.0
BitRate blocking probability per pair and bitRate,1,400.0Gbps,12,11, ,0.0,0.0,0.0,0.0,0.0
BitRate blocking probability per pair and bitRate,1,400.0Gbps,23,16, ,0.0,0.0,0.0,0.0,0.0
BitRate blocking probability per pair and bitRate,1,400.0Gbps,16,10, ,0.0,0.0,0.0,0.0,0.0
BitRate blocking probability per pair and bitRate,1,400.0Gbps,14,4, ,0.0,0.0,0.0,0.0,0.0
BitRate blocking probability per pair and bitRate,1,400.0Gbps,10,21, ,0.0,0.0,0.0,0.0,0.0
BitRate blocking probability per pair and bitRate,1,400.0Gbps,1,16, ,0.0,0.0,0.0,0.0,0.0
BitRate blocking probability per pair and bitRate,1,400.0Gbps,5,14, ,0.0,0.0,0.0,0.0,0.0
BitRate blocking probability per pair and bitRate,1,400.0Gbps,14,3, ,0.0,0.0,0.0,0.0,0.0
BitRate blocking probability per pair and bitRate,1,400.0Gbps,9,5, ,0.0,0.0,0.0,0.0,0.0
BitRate blocking probability per pair and bitRate,1,400.0Gbps,11,23, ,0.0,0.0,0.0,0.0,0.0
BitRate blocking probability per pair and bitRate,1,400.0Gbps,23,12, ,0.0,0.0,0.0,0.0,0.0
BitRate blocking probability per pair and bitRate,1,400.0Gbps,18,4, ,0.0,0.0,0.0,0.0,0.0
BitRate blocking probability per pair and bitRate,1,400.0Gbps,19,10, ,0.0,0.0,0.0,0.0,0.0
BitRate blocking probability per pair and bitRate,1,400.0Gbps,14,19, ,0.0,0.0,0.0,0.0,0.0
BitRate blocking probability per pair and bitRate,1,400.0Gbps,3,18, ,0.0,0.0,0.0,0.0,0.0
BitRate blocking probability per pair and bitRate,1,400.0Gbps,1,21, ,0.0,0.0,0.0,0.0,0.0
BitRate blocking probability per pair and bitRate,1,400.0Gbps,10,16, ,0.0,0.0,0.0,0.0,0.0
BitRate blocking probability per pair and bitRate,1,400.0Gbps,24,9, ,0.0,0.0,0.0,0.0,0.0
BitRate blocking probability per pair and bitRate,1,400.0Gbps,3,21, ,0.0,0.0,0.0,0.0,0.0
BitRate blocking probability per pair and bitRate,1,400.0Gbps,12,24, ,0.0,0.0,0.0,0.0,0.0
BitRate blocking probability per pair and bitRate,1,400.0Gbps,15,9, ,0.0,0.0,0.0,0.0,0.0
BitRate blocking probability per pair and bitRate,1,400.0Gbps,18,14, ,0.0,0.0,0.0,0.0,0.0
BitRate blocking probability per pair and bitRate,1,400.0Gbps,16,3, ,0.0,0.0,0.0,0.0,0.0
BitRate blocking probability per pair and bitRate,1,400.0Gbps,15,5, ,0.0,0.0,0.0,0.0,0.0
BitRate blocking probability per pair and bitRate,1,400.0Gbps,16,21, ,0.0,0.0,0.0,0.0,0.0
BitRate blocking probability per pair and bitRate,1,400.0Gbps,8,17, ,0.0,0.0,0.0,0.0,0.0
BitRate blocking probability per pair and bitRate,1,400.0Gbps,5,16, ,0.0,0.0,0.0,0.0,0.0
BitRate blocking probability per pair and bitRate,1,400.0Gbps,21,4, ,0.0,0.0,0.0,0.0,0.0
BitRate blocking probability per pair and bitRate,1,400.0Gbps,17,19, ,0.0,0.0,0.0,0.0,0.0
BitRate blocking probability per pair and bitRate,1,400.0Gbps,16,12, ,0.0,0.0,0.0,0.0,0.0
BitRate blocking probability per pair and bitRate,1,400.0Gbps,7,19, ,0.0,0.0,0.0,0.0,0.0
BitRate blocking probability per pair and bitRate,1,400.0Gbps,8,19, ,0.0,0.0,0.0,0.0,0.0
BitRate blocking probability per pair and bitRate,1,400.0Gbps,9,20, ,0.0,0.0,0.0,0.0,0.0
BitRate blocking probability per pair and bitRate,1,400.0Gbps,13,10, ,0.0,0.0,0.0,0.0,0.0
BitRate blocking probability per pair and bitRate,1,400.0Gbps,17,16, ,0.0,0.0,0.0,0.0,0.0
BitRate blocking probability per pair and bitRate,1,400.0Gbps,5,7, ,0.0,0.0,0.0,0.0,0.0
BitRate blocking probability per pair and bitRate,1,400.0Gbps,5,10, ,0.0,0.0,0.0,0.0,0.0
BitRate blocking probability per pair and bitRate,1,400.0Gbps,22,14, ,0.0,0.0,0.0,0.0,0.0
BitRate blocking probability per pair and bitRate,1,400.0Gbps,2,24, ,0.0,0.0,0.0,0.0,0.0
BitRate blocking probability per pair and bitRate,1,400.0Gbps,11,15, ,0.0,0.0,0.0,0.0,0.0
BitRate blocking probability per pair and bitRate,1,400.0Gbps,19,13, ,0.0,0.0,0.0,0.0,0.0
BitRate blocking probability per pair and bitRate,1,400.0Gbps,9,14, ,0.0,0.0,0.0,0.0,0.0
BitRate blocking probability per pair and bitRate,1,400.0Gbps,13,20, ,0.0,0.0,0.0,0.0,0.0
BitRate blocking probability per pair and bitRate,1,400.0Gbps,20,15, ,0.0,0.0,0.0,0.0,0.0
BitRate blocking probability per pair and bitRate,1,400.0Gbps,1,9, ,0.0,0.0,0.0,0.0,0.0
BitRate blocking probability per pair and bitRate,1,400.0Gbps,4,16, ,0.0,0.0,0.0,0.0,0.0
BitRate blocking probability per pair and bitRate,1,400.0Gbps,21,20, ,0.0,0.0,0.0,0.0,0.0
BitRate blocking probability per pair and bitRate,1,400.0Gbps,6,18, ,0.0,0.0,0.0,0.0,0.0
BitRate blocking probability per pair and bitRate,1,400.0Gbps,3,20, ,0.0,0.0,0.0,0.0,0.0
BitRate blocking probability per pair and bitRate,1,400.0Gbps,21,10, ,0.0,0.0,0.0,0.0,0.0
BitRate blocking probability per pair and bitRate,1,400.0Gbps,2,19, ,0.0,0.0,0.0,0.0,0.0
BitRate blocking probability per pair and bitRate,1,400.0Gbps,7,17, ,0.0,0.0,0.0,0.0,0.0
BitRate blocking probability per pair and bitRate,1,400.0Gbps,14,5, ,0.0,0.0,0.0,0.0,0.0
BitRate blocking probability per pair and bitRate,1,400.0Gbps,7,13, ,0.0,0.0,0.0,0.0,0.0
BitRate blocking probability per pair and bitRate,1,400.0Gbps,5,15, ,0.0,0.0,0.0,0.0,0.0
BitRate blocking probability per pair and bitRate,1,400.0Gbps,18,8, ,0.0,0.0,0.0,0.0,0.0
BitRate blocking probability per pair and bitRate,1,400.0Gbps,19,17, ,0.0,0.0,0.0,0.0,0.0
BitRate blocking probability per pair and bitRate,1,400.0Gbps,19,21, ,0.0,0.0,0.0,0.0,0.0
BitRate blocking probability per pair and bitRate,1,400.0Gbps,19,3, ,0.0,0.0,0.0,0.0,0.0
BitRate blocking probability per pair and bitRate,1,400.0Gbps,13,19, ,0.0,0.0,0.0,0.0,0.0
BitRate blocking probability per pair and bitRate,1,400.0Gbps,12,18, ,0.0,0.0,0.0,0.0,0.0
BitRate blocking probability per pair and bitRate,1,400.0Gbps,13,3, ,0.0,0.0,0.0,0.0,0.0
BitRate blocking probability per pair and bitRate,1,400.0Gbps,7,18, ,0.0,0.0,0.0,0.0,0.0
BitRate blocking probability per pair and bitRate,1,400.0Gbps,17,12, ,0.0,0.0,0.0,0.0,0.0
BitRate blocking probability per pair and bitRate,1,400.0Gbps,13,9, ,0.0,0.0,0.0,0.0,0.0
BitRate blocking probability per pair and bitRate,1,400.0Gbps,6,22, ,0.0,0.0,0.0,0.0,0.0
BitRate blocking probability per pair and bitRate,1,400.0Gbps,1,15, ,0.0,0.0,0.0,0.0,0.0
BitRate blocking probability per pair and bitRate,1,400.0Gbps,3,19, ,0.0,0.0,0.0,0.0,0.0
BitRate blocking probability per pair and bitRate,1,400.0Gbps,12,4, ,0.0,0.0,0.0,0.0,0.0
BitRate blocking probability per pair and bitRate,1,400.0Gbps,16,24, ,0.0,0.0,0.0,0.0,0.0
BitRate blocking probability per pair and bitRate,1,400.0Gbps,6,10, ,0.0,0.0,0.0,0.0,0.0
BitRate blocking probability per pair and bitRate,1,400.0Gbps,2,18, ,0.0,0.0,0.0,0.0,0.0
BitRate blocking probability per pair and bitRate,1,400.0Gbps,18,21, ,0.0,0.0,0.0,0.0,0.0
BitRate blocking probability per pair and bitRate,1,400.0Gbps,18,3, ,0.0,0.0,0.0,0.0,0.0
BitRate blocking probability per pair and bitRate,1,400.0Gbps,15,18, ,0.0,0.0,0.0,0.0,0.0
BitRate blocking probability per pair and bitRate,1,400.0Gbps,4,14, ,0.0,0.0,0.0,0.0,0.0
BitRate blocking probability per pair and bitRate,1,400.0Gbps,7,20, ,0.0,0.0,0.0,0.0,0.0
BitRate blocking probability per pair and bitRate,1,400.0Gbps,13,15, ,0.0,0.0,0.0,0.0,0.0
BitRate blocking probability per pair and bitRate,1,400.0Gbps,13,21, ,0.0,0.0,0.0,0.0,0.0
BitRate blocking probability per pair and bitRate,1,400.0Gbps,15,14, ,0.0,0.0,0.0,0.0,0.0
BitRate blocking probability per pair and bitRate,1,400.0Gbps,3,15, ,0.0,0.0,0.0,0.0,0.0
BitRate blocking probability per pair and bitRate,1,400.0Gbps,18,5, ,0.0,0.0,0.0,0.0,0.0
BitRate blocking probability per pair and bitRate,1,400.0Gbps,12,1, ,0.0,0.0,0.0,0.0,0.0
BitRate blocking probability per pair and bitRate,1,400.0Gbps,6,7, ,0.0,0.0,0.0,0.0,0.0
BitRate blocking probability per pair and bitRate,1,400.0Gbps,24,3, ,0.0,0.0,0.0,0.0,0.0
BitRate blocking probability per pair and bitRate,1,400.0Gbps,19,5, ,0.0,0.0,0.0,0.0,0.0
BitRate blocking probability per pair and bitRate,1,400.0Gbps,20,19, ,0.0,0.0,0.0,0.0,0.0
BitRate blocking probability per pair and bitRate,1,400.0Gbps,5,17, ,0.0,0.0,0.0,0.0,0.0
BitRate blocking probability per pair and bitRate,1,400.0Gbps,20,12, ,0.0,0.0,0.0,0.0,0.0
BitRate blocking probability per pair and bitRate,1,400.0Gbps,4,22, ,0.0,0.0,0.0,0.0,0.0
BitRate blocking probability per pair and bitRate,1,400.0Gbps,7,8, ,0.0,0.0,0.0,0.0,0.0
BitRate blocking probability per pair and bitRate,1,400.0Gbps,14,1, ,0.0,0.0,0.0,0.0,0.0
BitRate blocking probability per pair and bitRate,1,400.0Gbps,20,21, ,0.0,0.0,0.0,0.0,0.0
BitRate blocking probability per pair and bitRate,1,400.0Gbps,1,6, ,0.0,0.0,0.0,0.0,0.0
BitRate blocking probability per pair and bitRate,1,400.0Gbps,13,2, ,0.0,0.0,0.0,0.0,0.0
BitRate blocking probability per pair and bitRate,1,400.0Gbps,14,20, ,0.0,0.0,0.0,0.0,0.0
BitRate blocking probability per pair and bitRate,1,400.0Gbps,16,20, ,0.0,0.0,0.0,0.0,0.0
BitRate blocking probability per pair and bitRate,1,400.0Gbps,18,15, ,0.0,0.0,0.0,0.0,0.0
BitRate blocking probability per pair and bitRate,1,400.0Gbps,6,2, ,0.0,0.0,0.0,0.0,0.0
BitRate blocking probability per pair and bitRate,1,400.0Gbps,9,15, ,0.0,0.0,0.0,0.0,0.0
BitRate blocking probability per pair and bitRate,1,400.0Gbps,15,17, ,0.0,0.0,0.0,0.0,0.0
BitRate blocking probability per pair and bitRate,1,400.0Gbps,18,2, ,0.0,0.0,0.0,0.0,0.0
BitRate blocking probability per pair and bitRate,1,400.0Gbps,15,24, ,0.0,0.0,0.0,0.0,0.0
BitRate blocking probability per pair and bitRate,1,400.0Gbps,7,10, ,0.0,0.0,0.0,0.0,0.0
BitRate blocking probability per pair and bitRate,1,400.0Gbps,14,21, ,0.0,0.0,0.0,0.0,0.0
BitRate blocking probability per pair and bitRate,1,400.0Gbps,23,15, ,0.0,0.0,0.0,0.0,0.0
BitRate blocking probability per pair and bitRate,1,400.0Gbps,11,1, ,0.0,0.0,0.0,0.0,0.0
BitRate blocking probability per pair and bitRate,1,400.0Gbps,19,20, ,0.0,0.0,0.0,0.0,0.0
BitRate blocking probability per pair and bitRate,1,400.0Gbps,1,8, ,0.0,0.0,0.0,0.0,0.0
BitRate blocking probability per pair and bitRate,1,400.0Gbps,16,1, ,0.0,0.0,0.0,0.0,0.0
BitRate blocking probability per pair and bitRate,1,400.0Gbps,24,5, ,0.0,0.0,0.0,0.0,0.0
BitRate blocking probability per pair and bitRate,1,400.0Gbps,2,4, ,0.0,0.0,0.0,0.0,0.0
BitRate blocking probability per pair and bitRate,1,400.0Gbps,10,5, ,0.0,0.0,0.0,0.0,0.0
BitRate blocking probability per pair and bitRate,1,400.0Gbps,21,7, ,0.0,0.0,0.0,0.0,0.0
BitRate blocking probability per pair and bitRate,1,400.0Gbps,23,11, ,0.0,0.0,0.0,0.0,0.0
BitRate blocking probability per pair and bitRate,1,400.0Gbps,19,6, ,0.0,0.0,0.0,0.0,0.0
BitRate blocking probability per pair and bitRate,1,400.0Gbps,10,17, ,0.0,0.0,0.0,0.0,0.0
BitRate blocking probability per pair and bitRate,1,400.0Gbps,3,8, ,0.0,0.0,0.0,0.0,0.0
BitRate blocking probability per pair and bitRate,1,400.0Gbps,3,23, ,0.0,0.0,0.0,0.0,0.0
BitRate blocking probability per pair and bitRate,1,400.0Gbps,17,9, ,0.0,0.0,0.0,0.0,0.0
BitRate blocking probability per pair and bitRate,1,400.0Gbps,9,18, ,0.0,0.0,0.0,0.0,0.0
BitRate blocking probability per pair and bitRate,1,400.0Gbps,1,3, ,0.0,0.0,0.0,0.0,0.0
BitRate blocking probability per pair and bitRate,1,400.0Gbps,10,20, ,0.0,0.0,0.0,0.0,0.0
BitRate blocking probability per pair and bitRate,1,400.0Gbps,21,6, ,0.0,0.0,0.0,0.0,0.0
BitRate blocking probability per pair and bitRate,1,400.0Gbps,8,5, ,0.0,0.0,0.0,0.0,0.0
BitRate blocking probability per pair and bitRate,1,400.0Gbps,9,8, ,0.0,0.0,0.0,0.0,0.0
BitRate blocking probability per pair and bitRate,1,400.0Gbps,24,4, ,0.0,0.0,0.0,0.0,0.0
BitRate blocking probability per pair and bitRate,1,400.0Gbps,1,12, ,0.0,0.0,0.0,0.0,0.0
BitRate blocking probability per pair and bitRate,1,400.0Gbps,11,5, ,0.0,0.0,0.0,0.0,0.0
BitRate blocking probability per pair and bitRate,1,400.0Gbps,22,7, ,0.0,0.0,0.0,0.0,0.0
BitRate blocking probability per pair and bitRate,1,400.0Gbps,22,8, ,0.0,0.0,0.0,0.0,0.0
BitRate blocking probability per pair and bitRate,1,400.0Gbps,20,22, ,0.0,0.0,0.0,0.0,0.0
BitRate blocking probability per pair and bitRate,1,400.0Gbps,13,24, ,0.0,0.0,0.0,0.0,0.0
BitRate blocking probability per pair and bitRate,1,400.0Gbps,1,7, ,0.0,0.0,0.0,0.0,0.0
BitRate blocking probability per pair and bitRate,1,400.0Gbps,17,20, ,0.0,0.0,0.0,0.0,0.0
BitRate blocking probability per pair and bitRate,1,400.0Gbps,16,18, ,0.0,0.0,0.0,0.0,0.0
BitRate blocking probability per pair and bitRate,1,400.0Gbps,16,8, ,0.0,0.0,0.0,0.0,0.0
BitRate blocking probability per pair and bitRate,1,400.0Gbps,12,15, ,0.0,0.0,0.0,0.0,0.0
BitRate blocking probability per pair and bitRate,1,400.0Gbps,17,5, ,0.0,0.0,0.0,0.0,0.0
BitRate blocking probability per pair and bitRate,1,400.0Gbps,23,14, ,0.0,0.0,0.0,0.0,0.0
BitRate blocking probability per pair and bitRate,1,400.0Gbps,1,19, ,0.0,0.0,0.0,0.0,0.0
BitRate blocking probability per pair and bitRate,1,400.0Gbps,17,7, ,0.0,0.0,0.0,0.0,0.0
BitRate blocking probability per pair and bitRate,1,400.0Gbps,18,9, ,0.0,0.0,0.0,0.0,0.0
BitRate blocking probability per pair and bitRate,1,400.0Gbps,18,23, ,0.0,0.0,0.0,0.0,0.0
BitRate blocking probability per pair and bitRate,1,400.0Gbps,13,22, ,0.0,0.0,0.0,0.0,0.0
BitRate blocking probability per pair and bitRate,1,400.0Gbps,7,6, ,0.0,0.0,0.0,0.0,0.0
BitRate blocking probability per pair and bitRate,1,400.0Gbps,9,23, ,0.0,0.0,0.0,0.0,0.0
BitRate blocking probability per pair and bitRate,1,400.0Gbps,13,6, ,0.0,0.0,0.0,0.0,0.0
BitRate blocking probability per pair and bitRate,1,400.0Gbps,15,8, ,0.0,0.0,0.0,0.0,0.0
BitRate blocking probability per pair and bitRate,1,400.0Gbps,13,14, ,0.0,0.0,0.0,0.0,0.0
BitRate blocking probability per pair and bitRate,1,400.0Gbps,20,3, ,0.0,0.0,0.0,0.0,0.0
BitRate blocking probability per pair and bitRate,1,400.0Gbps,21,16, ,0.0,0.0,0.0,0.0,0.0
BitRate blocking probability per pair and bitRate,1,400.0Gbps,3,16, ,0.0,0.0,0.0,0.0,0.0
BitRate blocking probability per pair and bitRate,1,400.0Gbps,22,13, ,0.0,0.0,0.0,0.0,0.0
BitRate blocking probability per pair and bitRate,1,400.0Gbps,3,14, ,0.0,0.0,0.0,0.0,0.0
BitRate blocking probability per pair and bitRate,1,400.0Gbps,3,7, ,0.0,0.0,0.0,0.0,0.0
BitRate blocking probability per pair and bitRate,1,400.0Gbps,10,22, ,0.0,0.0,0.0,0.0,0.0
BitRate blocking probability per pair and bitRate,1,400.0Gbps,8,10, ,0.0,0.0,0.0,0.0,0.0
BitRate blocking probability per pair and bitRate,1,400.0Gbps,22,6, ,0.0,0.0,0.0,0.0,0.0
BitRate blocking probability per pair and bitRate,1,400.0Gbps,5,2, ,0.0,0.0,0.0,0.0,0.0
BitRate blocking probability per pair and bitRate,1,400.0Gbps,13,5, ,0.0,0.0,0.0,0.0,0.0
BitRate blocking probability per pair and bitRate,1,400.0Gbps,23,8, ,0.0,0.0,0.0,0.0,0.0
BitRate blocking probability per pair and bitRate,1,400.0Gbps,13,11, ,0.0,0.0,0.0,0.0,0.0
BitRate blocking probability per pair and bitRate,1,400.0Gbps,13,7, ,0.0,0.0,0.0,0.0,0.0
BitRate blocking probability per pair and bitRate,1,400.0Gbps,3,13, ,0.0,0.0,0.0,0.0,0.0
BitRate blocking probability per pair and bitRate,1,400.0Gbps,10,12, ,0.0,0.0,0.0,0.0,0.0
BitRate blocking probability per pair and bitRate,1,400.0Gbps,24,11, ,0.0,0.0,0.0,0.0,0.0
BitRate blocking probability per pair and bitRate,1,400.0Gbps,9,7, ,0.0,0.0,0.0,0.0,0.0
BitRate blocking probability per pair and bitRate,1,400.0Gbps,24,12, ,0.0,0.0,0.0,0.0,0.0
BitRate blocking probability per pair and bitRate,1,400.0Gbps,15,3, ,0.0,0.0,0.0,0.0,0.0
BitRate blocking probability per pair and bitRate,1,400.0Gbps,22,11, ,0.0,0.0,0.0,0.0,0.0
BitRate blocking probability per pair and bitRate,1,400.0Gbps,18,19, ,0.0,0.0,0.0,0.0,0.0
BitRate blocking probability per pair and bitRate,1,400.0Gbps,16,7, ,0.0,0.0,0.0,0.0,0.0
BitRate blocking probability per pair and bitRate,1,400.0Gbps,5,24, ,0.0,0.0,0.0,0.0,0.0
BitRate blocking probability per pair and bitRate,1,400.0Gbps,10,19, ,0.0,0.0,0.0,0.0,0.0
BitRate blocking probability per pair and bitRate,1,400.0Gbps,23,13, ,0.0,0.0,0.0,0.0,0.0
BitRate blocking probability per pair and bitRate,1,400.0Gbps,12,3, ,0.0,0.0,0.0,0.0,0.0
BitRate blocking probability per pair and bitRate,1,400.0Gbps,9,10, ,0.0,0.0,0.0,0.0,0.0
BitRate blocking probability per pair and bitRate,1,400.0Gbps,4,18, ,0.0,0.0,0.0,0.0,0.0
BitRate blocking probability per pair and bitRate,1,400.0Gbps,4,19, ,0.0,0.0,0.0,0.0,0.0
BitRate blocking probability per pair and bitRate,1,400.0Gbps,17,15, ,0.0,0.0,0.0,0.0,0.0
BitRate blocking probability per pair and bitRate,1,400.0Gbps,2,22, ,0.0,0.0,0.0,0.0,0.0
BitRate blocking probability per pair and bitRate,1,400.0Gbps,11,17, ,0.0,0.0,0.0,0.0,0.0
BitRate blocking probability per pair and bitRate,1,400.0Gbps,18,13, ,0.0,0.0,0.0,0.0,0.0
BitRate blocking probability per pair and bitRate,1,400.0Gbps,24,10, ,0.0,0.0,0.0,0.0,0.0
BitRate blocking probability per pair and bitRate,1,400.0Gbps,11,13, ,0.0,0.0,0.0,0.0,0.0
BitRate blocking probability per pair and bitRate,1,400.0Gbps,12,22, ,0.0,0.0,0.0,0.0,0.0
BitRate blocking probability per pair and bitRate,1,400.0Gbps,20,23, ,0.0,0.0,0.0,0.0,0.0
BitRate blocking probability per pair and bitRate,1,400.0Gbps,4,7, ,0.0,0.0,0.0,0.0,0.0
BitRate blocking probability per pair and bitRate,1,400.0Gbps,9,12, ,0.0,0.0,0.0,0.0,0.0
BitRate blocking probability per pair and bitRate,1,400.0Gbps,4,13, ,0.0,0.0,0.0,0.0,0.0
BitRate blocking probability per pair and bitRate,1,400.0Gbps,20,13, ,0.0,0.0,0.0,0.0,0.0
BitRate blocking probability per pair and bitRate,1,400.0Gbps,10,3, ,0.0,0.0,0.0,0.0,0.0
BitRate blocking probability per pair and bitRate,1,400.0Gbps,21,3, ,0.0,0.0,0.0,0.0,0.0
BitRate blocking probability per pair and bitRate,1,400.0Gbps,7,9, ,0.0,0.0,0.0,0.0,0.0
BitRate blocking probability per pair and bitRate,1,400.0Gbps,12,19, ,0.0,0.0,0.0,0.0,0.0
BitRate blocking probability per pair and bitRate,1,400.0Gbps,19,16, ,0.0,0.0,0.0,0.0,0.0
BitRate blocking probability per pair and bitRate,1,400.0Gbps,20,11, ,0.0,0.0,0.0,0.0,0.0
BitRate blocking probability per pair and bitRate,1,400.0Gbps,22,9, ,0.0,0.0,0.0,0.0,0.0
BitRate blocking probability per pair and bitRate,1,400.0Gbps,7,11, ,0.0,0.0,0.0,0.0,0.0
BitRate blocking probability per pair and bitRate,1,400.0Gbps,6,1, ,0.0,0.0,0.0,0.0,0.0
BitRate blocking probability per pair and bitRate,1,400.0Gbps,6,14, ,0.0,0.0,0.0,0.0,0.0
BitRate blocking probability per pair and bitRate,1,400.0Gbps,21,1, ,0.0,0.0,0.0,0.0,0.0
BitRate blocking probability per pair and bitRate,1,400.0Gbps,4,23, ,0.0,0.0,0.0,0.0,0.0
BitRate blocking probability per pair and bitRate,1,400.0Gbps,1,5, ,0.0,0.0,0.0,0.0,0.0
BitRate blocking probability per pair and bitRate,1,400.0Gbps,3,22, ,0.0,0.0,0.0,0.0,0.0
BitRate blocking probability per pair and bitRate,1,400.0Gbps,5,23, ,0.0,0.0,0.0,0.0,0.0
BitRate blocking probability per pair and bitRate,1,400.0Gbps,14,9, ,0.0,0.0,0.0,0.0,0.0
BitRate blocking probability per pair and bitRate,1,400.0Gbps,23,6, ,0.0,0.0,0.0,0.0,0.0
BitRate blocking probability per pair and bitRate,1,400.0Gbps,6,19, ,0.0,0.0,0.0,0.0,0.0
BitRate blocking probability per pair and bitRate,1,400.0Gbps,14,13, ,0.0,0.0,0.0,0.0,0.0
BitRate blocking probability per pair and bitRate,1,400.0Gbps,14,11, ,0.0,0.0,0.0,0.0,0.0
BitRate blocking probability per pair and bitRate,1,400.0Gbps,12,21, ,0.0,0.0,0.0,0.0,0.0
BitRate blocking probability per pair and bitRate,1,400.0Gbps,2,8, ,0.0,0.0,0.0,0.0,0.0
BitRate blocking probability per pair and bitRate,1,400.0Gbps,16,13, ,0.0,0.0,0.0,0.0,0.0
BitRate blocking probability per pair and bitRate,1,400.0Gbps,20,18, ,0.0,0.0,0.0,0.0,0.0
BitRate blocking probability per pair and bitRate,1,400.0Gbps,6,9, ,0.0,0.0,0.0,0.0,0.0
BitRate blocking probability per pair and bitRate,1,400.0Gbps,6,23, ,0.0,0.0,0.0,0.0,0.0
BitRate blocking probability per pair and bitRate,1,400.0Gbps,10,4, ,0.0,0.0,0.0,0.0,0.0
BitRate blocking probability per pair and bitRate,1,400.0Gbps,17,23, ,0.0,0.0,0.0,0.0,0.0
BitRate blocking probability per pair and bitRate,1,400.0Gbps,17,18, ,0.0,0.0,0.0,0.0,0.0
BitRate blocking probability per pair and bitRate,1,400.0Gbps,14,12, ,0.0,0.0,0.0,0.0,0.0
BitRate blocking probability per pair and bitRate,1,400.0Gbps,14,17, ,0.0,0.0,0.0,0.0,0.0
BitRate blocking probability per pair and bitRate,1,400.0Gbps,19,7, ,0.0,0.0,0.0,0.0,0.0
BitRate blocking probability per pair and bitRate,1,400.0Gbps,7,24, ,0.0,0.0,0.0,0.0,0.0
BitRate blocking probability per pair and bitRate,1,400.0Gbps,11,18, ,0.0,0.0,0.0,0.0,0.0
BitRate blocking probability per pair and bitRate,1,400.0Gbps,11,10, ,0.0,0.0,0.0,0.0,0.0
BitRate blocking probability per pair and bitRate,1,400.0Gbps,14,22, ,0.0,0.0,0.0,0.0,0.0
BitRate blocking probability per pair and bitRate,1,400.0Gbps,4,9, ,0.0,0.0,0.0,0.0,0.0
BitRate blocking probability per pair and bitRate,1,400.0Gbps,22,21, ,0.0,0.0,0.0,0.0,0.0
BitRate blocking probability per pair and bitRate,1,400.0Gbps,22,24, ,0.0,0.0,0.0,0.0,0.0
BitRate blocking probability per pair and bitRate,1,400.0Gbps,8,15, ,0.0,0.0,0.0,0.0,0.0
BitRate blocking probability per pair and bitRate,1,400.0Gbps,12,5, ,0.0,0.0,0.0,0.0,0.0
BitRate blocking probability per pair and bitRate,1,400.0Gbps,7,23, ,0.0,0.0,0.0,0.0,0.0
BitRate blocking probability per pair and bitRate,1,400.0Gbps,24,14, ,0.0,0.0,0.0,0.0,0.0
BitRate blocking probability per pair and bitRate,1,400.0Gbps,1,2, ,0.0,0.0,0.0,0.0,0.0
BitRate blocking probability per pair and bitRate,1,400.0Gbps,15,22, ,0.0,0.0,0.0,0.0,0.0
BitRate blocking probability per pair and bitRate,1,400.0Gbps,19,14, ,0.0,0.0,0.0,0.0,0.0
BitRate blocking probability per pair and bitRate,1,400.0Gbps,21,23, ,0.0,0.0,0.0,0.0,0.0
BitRate blocking probability per pair and bitRate,1,400.0Gbps,8,1, ,0.0,0.0,0.0,0.0,0.0
BitRate blocking probability per pair and bitRate,1,400.0Gbps,18,10, ,0.0,0.0,0.0,0.0,0.0
BitRate blocking probability per pair and bitRate,1,400.0Gbps,17,3, ,0.0,0.0,0.0,0.0,0.0
BitRate blocking probability per pair and bitRate,1,400.0Gbps,5,9, ,0.0,0.0,0.0,0.0,0.0
BitRate blocking probability per pair and bitRate,1,400.0Gbps,19,8, ,0.0,0.0,0.0,0.0,0.0
BitRate blocking probability per pair and bitRate,1,400.0Gbps,4,21, ,0.0,0.0,0.0,0.0,0.0
BitRate blocking probability per pair and bitRate,1,400.0Gbps,8,16, ,0.0,0.0,0.0,0.0,0.0
BitRate blocking probability per pair and bitRate,1,400.0Gbps,5,12, ,0.0,0.0,0.0,0.0,0.0
BitRate blocking probability per pair and bitRate,1,400.0Gbps,6,16, ,0.0,0.0,0.0,0.0,0.0
BitRate blocking probability per pair and bitRate,1,400.0Gbps,20,10, ,0.0,0.0,0.0,0.0,0.0
BitRate blocking probability per pair and bitRate,1,400.0Gbps,2,15, ,0.0,0.0,0.0,0.0,0.0
BitRate blocking probability per pair and bitRate,1,400.0Gbps,20,6, ,0.0,0.0,0.0,0.0,0.0
BitRate blocking probability per pair and bitRate,1,400.0Gbps,21,13, ,0.0,0.0,0.0,0.0,0.0
BitRate blocking probability per pair and bitRate,1,400.0Gbps,6,21, ,0.0,0.0,0.0,0.0,0.0
BitRate blocking probability per pair and bitRate,1,400.0Gbps,18,16, ,0.0,0.0,0.0,0.0,0.0
BitRate blocking probability per pair and bitRate,1,400.0Gbps,5,21, ,0.0,0.0,0.0,0.0,0.0
BitRate blocking probability per pair and bitRate,1,400.0Gbps,15,11, ,0.0,0.0,0.0,0.0,0.0
BitRate blocking probability per pair and bitRate,1,400.0Gbps,8,12, ,0.0,0.0,0.0,0.0,0.0
BitRate blocking probability per pair and bitRate,1,400.0Gbps,19,1, ,0.0,0.0,0.0,0.0,0.0
BitRate blocking probability per pair and bitRate,1,400.0Gbps,21,14, ,0.0,0.0,0.0,0.0,0.0
BitRate blocking probability per pair and bitRate,1,400.0Gbps,2,13, ,0.0,0.0,0.0,0.0,0.0
BitRate blocking probability per pair and bitRate,1,400.0Gbps,17,6, ,0.0,0.0,0.0,0.0,0.0
BitRate blocking probability per pair and bitRate,1,400.0Gbps,24,1, ,0.0,0.0,0.0,0.0,0.0
BitRate blocking probability per pair and bitRate,1,400.0Gbps,8,3, ,0.0,0.0,0.0,0.0,0.0
BitRate blocking probability per pair and bitRate,1,400.0Gbps,1,22, ,0.0,0.0,0.0,0.0,0.0
BitRate blocking probability per pair and bitRate,1,400.0Gbps,23,3, ,0.0,0.0,0.0,0.0,0.0
BitRate blocking probability per pair and bitRate,1,400.0Gbps,2,1, ,0.0,0.0,0.0,0.0,0.0
BitRate blocking probability per pair and bitRate,1,400.0Gbps,15,23, ,0.0,0.0,0.0,0.0,0.0
BitRate blocking probability per pair and bitRate,1,400.0Gbps,19,15, ,0.0,0.0,0.0,0.0,0.0
BitRate blocking probability per pair and bitRate,1,400.0Gbps,2,23, ,0.0,0.0,0.0,0.0,0.0
BitRate blocking probability per pair and bitRate,1,400.0Gbps,13,17, ,0.0,0.0,0.0,0.0,0.0
BitRate blocking probability per pair and bitRate,1,400.0Gbps,1,10, ,0.0,0.0,0.0,0.0,0.0
BitRate blocking probability per pair and bitRate,1,400.0Gbps,5,22, ,0.0,0.0,0.0,0.0,0.0
BitRate blocking probability per pair and bitRate,1,400.0Gbps,18,24, ,0.0,0.0,0.0,0.0,0.0
BitRate blocking probability per pair and bitRate,1,400.0Gbps,19,23, ,0.0,0.0,0.0,0.0,0.0
BitRate blocking probability per pair and bitRate,1,400.0Gbps,20,8, ,0.0,0.0,0.0,0.0,0.0
BitRate blocking probability per pair and bitRate,1,400.0Gbps,10,6, ,0.0,0.0,0.0,0.0,0.0
BitRate blocking probability per pair and bitRate,1,400.0Gbps,2,6, ,0.0,0.0,0.0,0.0,0.0
BitRate blocking probability per pair and bitRate,1,400.0Gbps,16,14, ,0.0,0.0,0.0,0.0,0.0
BitRate blocking probability per pair and bitRate,1,400.0Gbps,24,19, ,0.0,0.0,0.0,0.0,0.0
BitRate blocking probability per pair and bitRate,1,400.0Gbps,23,19, ,0.0,0.0,0.0,0.0,0.0
BitRate blocking probability per pair and bitRate,1,400.0Gbps,12,2, ,0.0,0.0,0.0,0.0,0.0
BitRate blocking probability per pair and bitRate,1,400.0Gbps,23,1, ,0.0,0.0,0.0,0.0,0.0
BitRate blocking probability per pair and bitRate,1,400.0Gbps,15,7, ,0.0,0.0,0.0,0.0,0.0
BitRate blocking probability per pair and bitRate,1,400.0Gbps,22,12, ,0.0,0.0,0.0,0.0,0.0
BitRate blocking probability per pair and bitRate,1,400.0Gbps,3,6, ,0.0,0.0,0.0,0.0,0.0
BitRate blocking probability per pair and bitRate,1,400.0Gbps,4,2, ,0.0,0.0,0.0,0.0,0.0
BitRate blocking probability per pair and bitRate,1,400.0Gbps,13,1, ,0.0,0.0,0.0,0.0,0.0
BitRate blocking probability per pair and bitRate,1,400.0Gbps,6,5, ,0.0,0.0,0.0,0.0,0.0
BitRate blocking probability per pair and bitRate,1,400.0Gbps,16,22, ,0.0,0.0,0.0,0.0,0.0
BitRate blocking probability per pair and bitRate,1,400.0Gbps,7,5, ,0.0,0.0,0.0,0.0,0.0
BitRate blocking probability per pair and bitRate,1,400.0Gbps,6,24, ,0.0,0.0,0.0,0.0,0.0
BitRate blocking probability per pair and bitRate,1,400.0Gbps,18,17, ,0.0,0.0,0.0,0.0,0.0
BitRate blocking probability per pair and bitRate,1,400.0Gbps,22,3, ,0.0,0.0,0.0,0.0,0.0
BitRate blocking probability per pair and bitRate,1,400.0Gbps,13,4, ,0.0,0.0,0.0,0.0,0.0
BitRate blocking probability per pair and bitRate,1,400.0Gbps,16,5, ,0.0,0.0,0.0,0.0,0.0
BitRate blocking probability per pair and bitRate,1,400.0Gbps,18,11, ,0.0,0.0,0.0,0.0,0.0
BitRate blocking probability per pair and bitRate,1,400.0Gbps,6,11, ,0.0,0.0,0.0,0.0,0.0
BitRate blocking probability per pair and bitRate,1,400.0Gbps,17,13, ,0.0,0.0,0.0,0.0,0.0
BitRate blocking probability per pair and bitRate,1,400.0Gbps,7,3, ,0.0,0.0,0.0,0.0,0.0
BitRate blocking probability per pair and bitRate,1,400.0Gbps,22,23, ,0.0,0.0,0.0,0.0,0.0
BitRate blocking probability per pair and bitRate,1,400.0Gbps,10,13, ,0.0,0.0,0.0,0.0,0.0
BitRate blocking probability per pair and bitRate,1,400.0Gbps,14,7, ,0.0,0.0,0.0,0.0,0.0
BitRate blocking probability per pair and bitRate,1,400.0Gbps,20,16, ,0.0,0.0,0.0,0.0,0.0
BitRate blocking probability per pair and bitRate,1,400.0Gbps,14,8, ,0.0,0.0,0.0,0.0,0.0
BitRate blocking probability per pair and bitRate,1,400.0Gbps,7,4, ,0.0,0.0,0.0,0.0,0.0
BitRate blocking probability per pair and bitRate,1,400.0Gbps,8,14, ,0.0,0.0,0.0,0.0,0.0
BitRate blocking probability per pair and bitRate,1,400.0Gbps,3,12, ,0.0,0.0,0.0,0.0,0.0
BitRate blocking probability per pair and bitRate,1,400.0Gbps,7,2, ,0.0,0.0,0.0,0.0,0.0
BitRate blocking probability per pair and bitRate,1,400.0Gbps,10,11, ,0.0,0.0,0.0,0.0,0.0
BitRate blocking probability per pair and bitRate,1,400.0Gbps,11,14, ,0.0,0.0,0.0,0.0,0.0
BitRate blocking probability per pair and bitRate,1,400.0Gbps,20,24, ,0.0,0.0,0.0,0.0,0.0
BitRate blocking probability per pair and bitRate,1,400.0Gbps,20,4, ,0.0,0.0,0.0,0.0,0.0
BitRate blocking probability per pair and bitRate,1,400.0Gbps,23,2, ,0.0,0.0,0.0,0.0,0.0
BitRate blocking probability per pair and bitRate,1,400.0Gbps,22,2, ,0.0,0.0,0.0,0.0,0.0
BitRate blocking probability per pair and bitRate,1,400.0Gbps,22,19, ,0.0,0.0,0.0,0.0,0.0
BitRate blocking probability per pair and bitRate,1,400.0Gbps,24,23, ,0.0,0.0,0.0,0.0,0.0
BitRate blocking probability per pair and bitRate,1,400.0Gbps,6,17, ,0.0,0.0,0.0,0.0,0.0
BitRate blocking probability per pair and bitRate,1,400.0Gbps,4,15, ,0.0,0.0,0.0,0.0,0.0
BitRate blocking probability per pair and bitRate,1,400.0Gbps,20,7, ,0.0,0.0,0.0,0.0,0.0
BitRate blocking probability per pair and bitRate,1,400.0Gbps,10,8, ,0.0,0.0,0.0,0.0,0.0
BitRate blocking probability per pair and bitRate,1,400.0Gbps,10,24, ,0.0,0.0,0.0,0.0,0.0
BitRate blocking probability per pair and bitRate,1,400.0Gbps,12,16, ,0.0,0.0,0.0,0.0,0.0
BitRate blocking probability per pair and bitRate,1,400.0Gbps,8,13, ,0.0,0.0,0.0,0.0,0.0
BitRate blocking probability per pair and bitRate,1,400.0Gbps,11,4, ,0.0,0.0,0.0,0.0,0.0
BitRate blocking probability per pair and bitRate,1,400.0Gbps,22,17, ,0.0,0.0,0.0,0.0,0.0
BitRate blocking probability per pair and bitRate,1,400.0Gbps,4,1, ,0.0,0.0,0.0,0.0,0.0
BitRate blocking probability per pair and bitRate,1,400.0Gbps,14,6, ,0.0,0.0,0.0,0.0,0.0
BitRate blocking probability per pair and bitRate,1,400.0Gbps,14,10, ,0.0,0.0,0.0,0.0,0.0
BitRate blocking probability per pair and bitRate,1,400.0Gbps,24,6, ,0.0,0.0,0.0,0.0,0.0
BitRate blocking probability per pair and bitRate,1,400.0Gbps,15,2, ,0.0,0.0,0.0,0.0,0.0
BitRate blocking probability per pair and bitRate,1,400.0Gbps,22,10, ,0.0,0.0,0.0,0.0,0.0
BitRate blocking probability per pair and bitRate,1,400.0Gbps,4,17, ,0.0,0.0,0.0,0.0,0.0
BitRate blocking probability per pair and bitRate,1,400.0Gbps,17,2, ,0.0,0.0,0.0,0.0,0.0
BitRate blocking probability per pair and bitRate,1,400.0Gbps,18,20, ,0.0,0.0,0.0,0.0,0.0
BitRate blocking probability per pair and bitRate,1,400.0Gbps,17,21, ,0.0,0.0,0.0,0.0,0.0
BitRate blocking probability per pair and bitRate,1,400.0Gbps,18,6, ,0.0,0.0,0.0,0.0,0.0
BitRate blocking probability per pair and bitRate,1,400.0Gbps,10,15, ,0.0,0.0,0.0,0.0,0.0
BitRate blocking probability per pair and bitRate,1,400.0Gbps,4,11, ,0.0,0.0,0.0,0.0,0.0
BitRate blocking probability per pair and bitRate,1,400.0Gbps,2,21, ,0.0,0.0,0.0,0.0,0.0
BitRate blocking probability per pair and bitRate,1,400.0Gbps,19,9, ,0.0,0.0,0.0,0.0,0.0
BitRate blocking probability per pair and bitRate,1,400.0Gbps,5,8, ,0.0,0.0,0.0,0.0,0.0
BitRate blocking probability per pair and bitRate,1,400.0Gbps,5,3, ,0.0,0.0,0.0,0.0,0.0
BitRate blocking probability per pair and bitRate,1,400.0Gbps,11,6, ,0.0,0.0,0.0,0.0,0.0
BitRate blocking probability per pair and bitRate,1,400.0Gbps,8,2, ,0.0,0.0,0.0,0.0,0.0
BitRate blocking probability per pair and bitRate,1,400.0Gbps,9,24, ,0.0,0.0,0.0,0.0,0.0
BitRate blocking probability per pair and bitRate,1,400.0Gbps,16,23, ,0.0,0.0,0.0,0.0,0.0
BitRate blocking probability per pair and bitRate,1,400.0Gbps,2,16, ,0.0,0.0,0.0,0.0,0.0
BitRate blocking probability per pair and bitRate,1,400.0Gbps,16,17, ,0.0,0.0,0.0,0.0,0.0
BitRate blocking probability per pair and bitRate,1,400.0Gbps,23,18, ,0.0,0.0,0.0,0.0,0.0
BitRate blocking probability per pair and bitRate,1,400.0Gbps,7,1, ,0.0,0.0,0.0,0.0,0.0
BitRate blocking probability per pair and bitRate,1,400.0Gbps,11,24, ,0.0,0.0,0.0,0.0,0.0
BitRate blocking probability per pair and bitRate,1,400.0Gbps,2,10, ,0.0,0.0,0.0,0.0,0.0
BitRate blocking probability per pair and bitRate,1,400.0Gbps,4,6, ,0.0,0.0,0.0,0.0,0.0
BitRate blocking probability per pair and bitRate,1,400.0Gbps,15,13, ,0.0,0.0,0.0,0.0,0.0
BitRate blocking probability per pair and bitRate,1,400.0Gbps,21,12, ,0.0,0.0,0.0,0.0,0.0
BitRate blocking probability per pair and bitRate,1,400.0Gbps,5,6, ,0.0,0.0,0.0,0.0,0.0
BitRate blocking probability per pair and bitRate,1,400.0Gbps,10,18, ,0.0,0.0,0.0,0.0,0.0
BitRate blocking probability per pair and bitRate,1,400.0Gbps,14,23, ,0.0,0.0,0.0,0.0,0.0
BitRate blocking probability per pair and bitRate,1,400.0Gbps,21,8, ,0.0,0.0,0.0,0.0,0.0
BitRate blocking probability per pair and bitRate,1,400.0Gbps,11,3, ,0.0,0.0,0.0,0.0,0.0
BitRate blocking probability per pair and bitRate,1,400.0Gbps,13,16, ,0.0,0.0,0.0,0.0,0.0
BitRate blocking probability per pair and bitRate,1,400.0Gbps,22,16, ,0.0,0.0,0.0,0.0,0.0
BitRate blocking probability per pair and bitRate,1,400.0Gbps,21,5, ,0.0,0.0,0.0,0.0,0.0
BitRate blocking probability per pair and bitRate,1,400.0Gbps,23,24, ,0.0,0.0,0.0,0.0,0.0
BitRate blocking probability per pair and bitRate,1,400.0Gbps,9,6, ,0.0,0.0,0.0,0.0,0.0
BitRate blocking probability per pair and bitRate,1,400.0Gbps,20,9, ,0.0,0.0,0.0,0.0,0.0
BitRate blocking probability per pair and bitRate,1,400.0Gbps,16,6, ,0.0,0.0,0.0,0.0,0.0
BitRate blocking probability per pair and bitRate,1,400.0Gbps,15,4, ,0.0,0.0,0.0,0.0,0.0
BitRate blocking probability per pair and bitRate,1,400.0Gbps,3,4, ,0.0,0.0,0.0,0.0,0.0
BitRate blocking probability per pair and bitRate,1,400.0Gbps,17,10, ,0.0,0.0,0.0,0.0,0.0
BitRate blocking probability per pair and bitRate,1,400.0Gbps,12,10, ,0.0,0.0,0.0,0.0,0.0
BitRate blocking probability per pair and bitRate,1,400.0Gbps,12,7, ,0.0,0.0,0.0,0.0,0.0
BitRate blocking probability per pair and bitRate,1,400.0Gbps,3,17, ,0.0,0.0,0.0,0.0,0.0
BitRate blocking probability per pair and bitRate,1,300.0Gbps,11,2, ,0.0,0.0,0.0,0.0,0.0
BitRate blocking probability per pair and bitRate,1,300.0Gbps,1,23, ,0.0,0.0,0.0,0.0,0.0
BitRate blocking probability per pair and bitRate,1,300.0Gbps,2,9, ,0.0,0.0,0.0,0.0,0.0
BitRate blocking probability per pair and bitRate,1,300.0Gbps,1,20, ,0.0,0.0,0.0,0.0,0.0
BitRate blocking probability per pair and bitRate,1,300.0Gbps,17,24, ,0.0,0.0,0.0,0.0,0.0
BitRate blocking probability per pair and bitRate,1,300.0Gbps,21,15, ,0.0,0.0,0.0,0.0,0.0
BitRate blocking probability per pair and bitRate,1,300.0Gbps,19,11, ,0.0,0.0,0.0,0.0,0.0
BitRate blocking probability per pair and bitRate,1,300.0Gbps,3,1, ,0.0,0.0,0.0,0.0,0.0
BitRate blocking probability per pair and bitRate,1,300.0Gbps,24,2, ,0.0,0.0,0.0,0.0,0.0
BitRate blocking probability per pair and bitRate,1,300.0Gbps,23,22, ,0.0,0.0,0.0,0.0,0.0
BitRate blocking probability per pair and bitRate,1,300.0Gbps,17,22, ,0.0,0.0,0.0,0.0,0.0
BitRate blocking probability per pair and bitRate,1,300.0Gbps,15,20, ,0.0,0.0,0.0,0.0,0.0
BitRate blocking probability per pair and bitRate,1,300.0Gbps,2,7, ,0.0,0.0,0.0,0.0,0.0
BitRate blocking probability per pair and bitRate,1,300.0Gbps,10,1, ,0.0,0.0,0.0,0.0,0.0
BitRate blocking probability per pair and bitRate,1,300.0Gbps,14,16, ,0.0,0.0,0.0,0.0,0.0
BitRate blocking probability per pair and bitRate,1,300.0Gbps,13,18, ,0.0,0.0,0.0,0.0,0.0
BitRate blocking probability per pair and bitRate,1,300.0Gbps,11,7, ,0.0,0.0,0.0,0.0,0.0
BitRate blocking probability per pair and bitRate,1,300.0Gbps,15,10, ,0.0,0.0,0.0,0.0,0.0
BitRate blocking probability per pair and bitRate,1,300.0Gbps,17,4, ,0.0,0.0,0.0,0.0,0.0
BitRate blocking probability per pair and bitRate,1,300.0Gbps,15,19, ,0.0,0.0,0.0,0.0,0.0
BitRate blocking probability per pair and bitRate,1,300.0Gbps,9,22, ,0.0,0.0,0.0,0.0,0.0
BitRate blocking probability per pair and bitRate,1,300.0Gbps,9,19, ,0.0,0.0,0.0,0.0,0.0
BitRate blocking probability per pair and bitRate,1,300.0Gbps,24,7, ,0.0,0.0,0.0,0.0,0.0
BitRate blocking probability per pair and bitRate,1,300.0Gbps,1,18, ,0.0,0.0,0.0,0.0,0.0
BitRate blocking probability per pair and bitRate,1,300.0Gbps,19,4, ,0.0,0.0,0.0,0.0,0.0
BitRate blocking probability per pair and bitRate,1,300.0Gbps,5,1, ,0.0,0.0,0.0,0.0,0.0
BitRate blocking probability per pair and bitRate,1,300.0Gbps,5,20, ,0.0,0.0,0.0,0.0,0.0
BitRate blocking probability per pair and bitRate,1,300.0Gbps,21,24, ,0.0,0.0,0.0,0.0,0.0
BitRate blocking probability per pair and bitRate,1,300.0Gbps,9,1, ,0.0,0.0,0.0,0.0,0.0
BitRate blocking probability per pair and bitRate,1,300.0Gbps,9,21, ,0.0,0.0,0.0,0.0,0.0
BitRate blocking probability per pair and bitRate,1,300.0Gbps,14,15, ,0.0,0.0,0.0,0.0,0.0
BitRate blocking probability per pair and bitRate,1,300.0Gbps,8,4, ,0.0,0.0,0.0,0.0,0.0
BitRate blocking probability per pair and bitRate,1,300.0Gbps,8,21, ,0.0,0.0,0.0,0.0,0.0
BitRate blocking probability per pair and bitRate,1,300.0Gbps,6,3, ,0.0,0.0,0.0,0.0,0.0
BitRate blocking probability per pair and bitRate,1,300.0Gbps,9,2, ,0.0,0.0,0.0,0.0,0.0
BitRate blocking probability per pair and bitRate,1,300.0Gbps,16,2, ,0.0,0.0,0.0,0.0,0.0
BitRate blocking probability per pair and bitRate,1,300.0Gbps,9,4, ,0.0,0.0,0.0,0.0,0.0
BitRate blocking probability per pair and bitRate,1,300.0Gbps,23,21, ,0.0,0.0,0.0,0.0,0.0
BitRate blocking probability per pair and bitRate,1,300.0Gbps,19,24, ,0.0,0.0,0.0,0.0,0.0
BitRate blocking probability per pair and bitRate,1,300.0Gbps,22,15, ,0.0,0.0,0.0,0.0,0.0
BitRate blocking probability per pair and bitRate,1,300.0Gbps,23,17, ,0.0,0.0,0.0,0.0,0.0
BitRate blocking probability per pair and bitRate,1,300.0Gbps,8,11, ,0.0,0.0,0.0,0.0,0.0
BitRate blocking probability per pair and bitRate,1,300.0Gbps,24,17, ,0.0,0.0,0.0,0.0,0.0
BitRate blocking probability per pair and bitRate,1,300.0Gbps,22,18, ,0.0,0.0,0.0,0.0,0.0
BitRate blocking probability per pair and bitRate,1,300.0Gbps,5,11, ,0.0,0.0,0.0,0.0,0.0
BitRate blocking probability per pair and bitRate,1,300.0Gbps,4,8, ,0.0,0.0,0.0,0.0,0.0
BitRate blocking probability per pair and bitRate,1,300.0Gbps,23,9, ,0.0,0.0,0.0,0.0,0.0
BitRate blocking probability per pair and bitRate,1,300.0Gbps,6,12, ,0.0,0.0,0.0,0.0,0.0
BitRate blocking probability per pair and bitRate,1,300.0Gbps,4,5, ,0.0,0.0,0.0,0.0,0.0
BitRate blocking probability per pair and bitRate,1,300.0Gbps,16,9, ,0.0,0.0,0.0,0.0,0.0
BitRate blocking probability per pair and bitRate,1,300.0Gbps,16,11, ,0.0,0.0,0.0,0.0,0.0
BitRate blocking probability per pair and bitRate,1,300.0Gbps,24,20, ,0.0,0.0,0.0,0.0,0.0
BitRate blocking probability per pair and bitRate,1,300.0Gbps,12,14, ,0.0,0.0,0.0,0.0,0.0
BitRate blocking probability per pair and bitRate,1,300.0Gbps,20,5, ,0.0,0.0,0.0,0.0,0.0
BitRate blocking probability per pair and bitRate,1,300.0Gbps,11,12, ,0.0,0.0,0.0,0.0,0.0
BitRate blocking probability per pair and bitRate,1,300.0Gbps,7,14, ,0.0,0.0,0.0,0.0,0.0
BitRate blocking probability per pair and bitRate,1,300.0Gbps,10,23, ,0.0,0.0,0.0,0.0,0.0
BitRate blocking probability per pair and bitRate,1,300.0Gbps,22,20, ,0.0,0.0,0.0,0.0,0.0
BitRate blocking probability per pair and bitRate,1,300.0Gbps,17,11, ,0.0,0.0,0.0,0.0,0.0
BitRate blocking probability per pair and bitRate,1,300.0Gbps,3,10, ,0.0,0.0,0.0,0.0,0.0
BitRate blocking probability per pair and bitRate,1,300.0Gbps,17,14, ,0.0,0.0,0.0,0.0,0.0
BitRate blocking probability per pair and bitRate,1,300.0Gbps,10,7, ,0.0,0.0,0.0,0.0,0.0
BitRate blocking probability per pair and bitRate,1,300.0Gbps,3,2, ,0.0,0.0,0.0,0.0,0.0
BitRate blocking probability per pair and bitRate,1,300.0Gbps,3,5, ,0.0,0.0,0.0,0.0,0.0
BitRate blocking probability per pair and bitRate,1,300.0Gbps,22,1, ,0.0,0.0,0.0,0.0,0.0
BitRate blocking probability per pair and bitRate,1,300.0Gbps,1,14, ,0.0,0.0,0.0,0.0,0.0
BitRate blocking probability per pair and bitRate,1,300.0Gbps,24,8, ,0.0,0.0,0.0,0.0,0.0
BitRate blocking probability per pair and bitRate,1,300.0Gbps,11,21, ,0.0,0.0,0.0,0.0,0.0
BitRate blocking probability per pair and bitRate,1,300.0Gbps,20,14, ,0.0,0.0,0.0,0.0,0.0
BitRate blocking probability per pair and bitRate,1,300.0Gbps,8,6, ,0.0,0.0,0.0,0.0,0.0
BitRate blocking probability per pair and bitRate,1,300.0Gbps,21,11, ,0.0,0.0,0.0,0.0,0.0
BitRate blocking probability per pair and bitRate,1,300.0Gbps,11,8, ,0.0,0.0,0.0,0.0,0.0
BitRate blocking probability per pair and bitRate,1,300.0Gbps,21,19, ,0.0,0.0,0.0,0.0,0.0
BitRate blocking probability per pair and bitRate,1,300.0Gbps,17,1, ,0.0,0.0,0.0,0.0,0.0
BitRate blocking probability per pair and bitRate,1,300.0Gbps,11,22, ,0.0,0.0,0.0,0.0,0.0
BitRate blocking probability per pair and bitRate,1,300.0Gbps,24,21, ,0.0,0.0,0.0,0.0,0.0
BitRate blocking probability per pair and bitRate,1,300.0Gbps,19,22, ,0.0,0.0,0.0,0.0,0.0
BitRate blocking probability per pair and bitRate,1,300.0Gbps,7,12, ,0.0,0.0,0.0,0.0,0.0
BitRate blocking probability per pair and bitRate,1,300.0Gbps,7,22, ,0.0,0.0,0.0,0.0,0.0
BitRate blocking probability per pair and bitRate,1,300.0Gbps,23,5, ,0.0,0.0,0.0,0.0,0.0
BitRate blocking probability per pair and bitRate,1,300.0Gbps,21,17, ,0.0,0.0,0.0,0.0,0.0
BitRate blocking probability per pair and bitRate,1,300.0Gbps,1,11, ,0.0,0.0,0.0,0.0,0.0
BitRate blocking probability per pair and bitRate,1,300.0Gbps,18,12, ,0.0,0.0,0.0,0.0,0.0
BitRate blocking probability per pair and bitRate,1,300.0Gbps,23,10, ,0.0,0.0,0.0,0.0,0.0
BitRate blocking probability per pair and bitRate,1,300.0Gbps,18,7, ,0.0,0.0,0.0,0.0,0.0
BitRate blocking probability per pair and bitRate,1,300.0Gbps,24,22, ,0.0,0.0,0.0,0.0,0.0
BitRate blocking probability per pair and bitRate,1,300.0Gbps,21,2, ,0.0,0.0,0.0,0.0,0.0
BitRate blocking probability per pair and bitRate,1,300.0Gbps,16,4, ,0.0,0.0,0.0,0.0,0.0
BitRate blocking probability per pair and bitRate,1,300.0Gbps,10,9, ,0.0,0.0,0.0,0.0,0.0
BitRate blocking probability per pair and bitRate,1,300.0Gbps,22,5, ,0.0,0.0,0.0,0.0,0.0
BitRate blocking probability per pair and bitRate,1,300.0Gbps,9,17, ,0.0,0.0,0.0,0.0,0.0
BitRate blocking probability per pair and bitRate,1,300.0Gbps,8,20, ,0.0,0.0,0.0,0.0,0.0
BitRate blocking probability per pair and bitRate,1,300.0Gbps,1,24, ,0.0,0.0,0.0,0.0,0.0
BitRate blocking probability per pair and bitRate,1,300.0Gbps,2,14, ,0.0,0.0,0.0,0.0,0.0
BitRate blocking probability per pair and bitRate,1,300.0Gbps,5,18, ,0.0,0.0,0.0,0.0,0.0
BitRate blocking probability per pair and bitRate,1,300.0Gbps,8,9, ,0.0,0.0,0.0,0.0,0.0
BitRate blocking probability per pair and bitRate,1,300.0Gbps,9,13, ,0.0,0.0,0.0,0.0,0.0
BitRate blocking probability per pair and bitRate,1,300.0Gbps,24,13, ,0.0,0.0,0.0,0.0,0.0
BitRate blocking probability per pair and bitRate,1,300.0Gbps,2,17, ,0.0,0.0,0.0,0.0,0.0
BitRate blocking probability per pair and bitRate,1,300.0Gbps,20,1, ,0.0,0.0,0.0,0.0,0.0
BitRate blocking probability per pair and bitRate,1,300.0Gbps,19,2, ,0.0,0.0,0.0,0.0,0.0
BitRate blocking probability per pair and bitRate,1,300.0Gbps,4,3, ,0.0,0.0,0.0,0.0,0.0
BitRate blocking probability per pair and bitRate,1,300.0Gbps,22,4, ,0.0,0.0,0.0,0.0,0.0
BitRate blocking probability per pair and bitRate,1,300.0Gbps,5,4, ,0.0,0.0,0.0,0.0,0.0
BitRate blocking probability per pair and bitRate,1,300.0Gbps,16,19, ,0.0,0.0,0.0,0.0,0.0
BitRate blocking probability per pair and bitRate,1,300.0Gbps,12,6, ,0.0,0.0,0.0,0.0,0.0
BitRate blocking probability per pair and bitRate,1,300.0Gbps,17,8, ,0.0,0.0,0.0,0.0,0.0
BitRate blocking probability per pair and bitRate,1,300.0Gbps,12,9, ,0.0,0.0,0.0,0.0,0.0
BitRate blocking probability per pair and bitRate,1,300.0Gbps,11,20, ,0.0,0.0,0.0,0.0,0.0
BitRate blocking probability per pair and bitRate,1,300.0Gbps,15,12, ,0.0,0.0,0.0,0.0,0.0
BitRate blocking probability per pair and bitRate,1,300.0Gbps,9,16, ,0.0,0.0,0.0,0.0,0.0
BitRate blocking probability per pair and bitRate,1,300.0Gbps,7,15, ,0.0,0.0,0.0,0.0,0.0
BitRate blocking probability per pair and bitRate,1,300.0Gbps,6,13, ,0.0,0.0,0.0,0.0,0.0
BitRate blocking probability per pair and bitRate,1,300.0Gbps,19,18, ,0.0,0.0,0.0,0.0,0.0
BitRate blocking probability per pair and bitRate,1,300.0Gbps,3,9, ,0.0,0.0,0.0,0.0,0.0
BitRate blocking probability per pair and bitRate,1,300.0Gbps,21,18, ,0.0,0.0,0.0,0.0,0.0
BitRate blocking probability per pair and bitRate,1,300.0Gbps,1,17, ,0.0,0.0,0.0,0.0,0.0
BitRate blocking probability per pair and bitRate,1,300.0Gbps,8,24, ,0.0,0.0,0.0,0.0,0.0
BitRate blocking probability per pair and bitRate,1,300.0Gbps,7,16, ,0.0,0.0,0.0,0.0,0.0
BitRate blocking probability per pair and bitRate,1,300.0Gbps,15,21, ,0.0,0.0,0.0,0.0,0.0
BitRate blocking probability per pair and bitRate,1,300.0Gbps,18,22, ,0.0,0.0,0.0,0.0,0.0
BitRate blocking probability per pair and bitRate,1,300.0Gbps,14,2, ,0.0,0.0,0.0,0.0,0.0
BitRate blocking probability per pair and bitRate,1,300.0Gbps,2,12, ,0.0,0.0,0.0,0.0,0.0
BitRate blocking probability per pair and bitRate,1,300.0Gbps,12,8, ,0.0,0.0,0.0,0.0,0.0
BitRate blocking probability per pair and bitRate,1,300.0Gbps,1,13, ,0.0,0.0,0.0,0.0,0.0
BitRate blocking probability per pair and bitRate,1,300.0Gbps,8,18, ,0.0,0.0,0.0,0.0,0.0
BitRate blocking probability per pair and bitRate,1,300.0Gbps,15,6, ,0.0,0.0,0.0,0.0,0.0
BitRate blocking probability per pair and bitRate,1,300.0Gbps,6,20, ,0.0,0.0,0.0,0.0,0.0
BitRate blocking probability per pair and bitRate,1,300.0Gbps,7,21, ,0.0,0.0,0.0,0.0,0.0
BitRate blocking probability per pair and bitRate,1,300.0Gbps,9,3, ,0.0,0.0,0.0,0.0,0.0
BitRate blocking probability per pair and bitRate,1,300.0Gbps,12,13, ,0.0,0.0,0.0,0.0,0.0
BitRate blocking probability per pair and bitRate,1,300.0Gbps,8,22, ,0.0,0.0,0.0,0.0,0.0
BitRate blocking probability per pair and bitRate,1,300.0Gbps,2,3, ,0.0,0.0,0.0,0.0,0.0
BitRate blocking probability per pair and bitRate,1,300.0Gbps,14,18, ,0.0,0.0,0.0,0.0,0.0
BitRate blocking probability per pair and bitRate,1,300.0Gbps,23,20, ,0.0,0.0,0.0,0.0,0.0
BitRate blocking probability per pair and bitRate,1,300.0Gbps,4,20, ,0.0,0.0,0.0,0.0,0.0
BitRate blocking probability per pair and bitRate,1,300.0Gbps,4,24, ,0.0,0.0,0.0,0.0,0.0
BitRate blocking probability per pair and bitRate,1,300.0Gbps,16,15, ,0.0,0.0,0.0,0.0,0.0
BitRate blocking probability per pair and bitRate,1,300.0Gbps,24,16, ,0.0,0.0,0.0,0.0,0.0
BitRate blocking probability per pair and bitRate,1,300.0Gbps,19,12, ,0.0,0.0,0.0,0.0,0.0
BitRate blocking probability per pair and bitRate,1,300.0Gbps,6,15, ,0.0,0.0,0.0,0.0,0.0
BitRate blocking probability per pair and bitRate,1,300.0Gbps,8,7, ,0.0,0.0,0.0,0.0,0.0
BitRate blocking probability per pair and bitRate,1,300.0Gbps,2,20, ,0.0,0.0,0.0,0.0,0.0
BitRate blocking probability per pair and bitRate,1,300.0Gbps,11,9, ,0.0,0.0,0.0,0.0,0.0
BitRate blocking probability per pair and bitRate,1,300.0Gbps,4,12, ,0.0,0.0,0.0,0.0,0.0
BitRate blocking probability per pair and bitRate,1,300.0Gbps,13,23, ,0.0,0.0,0.0,0.0,0.0
BitRate blocking probability per pair and bitRate,1,300.0Gbps,11,16, ,0.0,0.0,0.0,0.0,0.0
BitRate blocking probability per pair and bitRate,1,300.0Gbps,3,11, ,0.0,0.0,0.0,0.0,0.0
BitRate blocking probability per pair and bitRate,1,300.0Gbps,2,5, ,0.0,0.0,0.0,0.0,0.0
BitRate blocking probability per pair and bitRate,1,300.0Gbps,3,24, ,0.0,0.0,0.0,0.0,0.0
BitRate blocking probability per pair and bitRate,1,300.0Gbps,18,1, ,0.0,0.0,0.0,0.0,0.0
BitRate blocking probability per pair and bitRate,1,300.0Gbps,10,2, ,0.0,0.0,0.0,0.0,0.0
BitRate blocking probability per pair and bitRate,1,300.0Gbps,15,16, ,0.0,0.0,0.0,0.0,0.0
BitRate blocking probability per pair and bitRate,1,300.0Gbps,20,17, ,0.0,0.0,0.0,0.0,0.0
BitRate blocking probability per pair and bitRate,1,300.0Gbps,5,13, ,0.0,0.0,0.0,0.0,0.0
BitRate blocking probability per pair and bitRate,1,300.0Gbps,24,15, ,0.0,0.0,0.0,0.0,0.0
BitRate blocking probability per pair and bitRate,1,300.0Gbps,12,17, ,0.0,0.0,0.0,0.0,0.0
BitRate blocking probability per pair and bitRate,1,300.0Gbps,20,2, ,0.0,0.0,0.0,0.0,0.0
BitRate blocking probability per pair and bitRate,1,300.0Gbps,5,19, ,0.0,0.0,0.0,0.0,0.0
BitRate blocking probability per pair and bitRate,1,300.0Gbps,6,8, ,0.0,0.0,0.0,0.0,0.0
BitRate blocking probability per pair and bitRate,1,300.0Gbps,4,10, ,0.0,0.0,0.0,0.0,0.0
BitRate blocking probability per pair and bitRate,1,300.0Gbps,1,4, ,0.0,0.0,0.0,0.0,0.0
BitRate blocking probability per pair and bitRate,1,300.0Gbps,12,23, ,0.0,0.0,0.0,0.0,0.0
BitRate blocking probability per pair and bitRate,1,300.0Gbps,23,4, ,0.0,0.0,0.0,0.0,0.0
BitRate blocking probability per pair and bitRate,1,300.0Gbps,12,20, ,0.0,0.0,0.0,0.0,0.0
BitRate blocking probability per pair and bitRate,1,300.0Gbps,11,19, ,0.0,0.0,0.0,0.0,0.0
BitRate blocking probability per pair and bitRate,1,300.0Gbps,2,11, ,0.0,0.0,0.0,0.0,0.0
BitRate blocking probability per pair and bitRate,1,300.0Gbps,8,23, ,0.0,0.0,0.0,0.0,0.0
BitRate blocking probability per pair and bitRate,1,300.0Gbps,10,14, ,0.0,0.0,0.0,0.0,0.0
BitRate blocking probability per pair and bitRate,1,300.0Gbps,21,22, ,0.0,0.0,0.0,0.0,0.0
BitRate blocking probability per pair and bitRate,1,300.0Gbps,9,11, ,0.0,0.0,0.0,0.0,0.0
BitRate blocking probability per pair and bitRate,1,300.0Gbps,23,7, ,0.0,0.0,0.0,0.0,0.0
BitRate blocking probability per pair and bitRate,1,300.0Gbps,24,18, ,0.0,0.0,0.0,0.0,0.0
BitRate blocking probability per pair and bitRate,1,300.0Gbps,14,24, ,0.0,0.0,0.0,0.0,0.0
BitRate blocking probability per pair and bitRate,1,300.0Gbps,6,4, ,0.0,0.0,0.0,0.0,0.0
BitRate blocking probability per pair and bitRate,1,300.0Gbps,21,9, ,0.0,0.0,0.0,0.0,0.0
BitRate blocking probability per pair and bitRate,1,300.0Gbps,15,1, ,0.0,0.0,0.0,0.0,0.0
BitRate blocking probability per pair and bitRate,1,300.0Gbps,13,8, ,0.0,0.0,0.0,0.0,0.0
BitRate blocking probability per pair and bitRate,1,300.0Gbps,13,12, ,0.0,0.0,0.0,0.0,0.0
BitRate blocking probability per pair and bitRate,1,300.0Gbps,12,11, ,0.0,0.0,0.0,0.0,0.0
BitRate blocking probability per pair and bitRate,1,300.0Gbps,23,16, ,0.0,0.0,0.0,0.0,0.0
BitRate blocking probability per pair and bitRate,1,300.0Gbps,16,10, ,0.0,0.0,0.0,0.0,0.0
BitRate blocking probability per pair and bitRate,1,300.0Gbps,14,4, ,0.0,0.0,0.0,0.0,0.0
BitRate blocking probability per pair and bitRate,1,300.0Gbps,10,21, ,0.0,0.0,0.0,0.0,0.0
BitRate blocking probability per pair and bitRate,1,300.0Gbps,1,16, ,0.0,0.0,0.0,0.0,0.0
BitRate blocking probability per pair and bitRate,1,300.0Gbps,5,14, ,0.0,0.0,0.0,0.0,0.0
BitRate blocking probability per pair and bitRate,1,300.0Gbps,14,3, ,0.0,0.0,0.0,0.0,0.0
BitRate blocking probability per pair and bitRate,1,300.0Gbps,9,5, ,0.0,0.0,0.0,0.0,0.0
BitRate blocking probability per pair and bitRate,1,300.0Gbps,11,23, ,0.0,0.0,0.0,0.0,0.0
BitRate blocking probability per pair and bitRate,1,300.0Gbps,23,12, ,0.0,0.0,0.0,0.0,0.0
BitRate blocking probability per pair and bitRate,1,300.0Gbps,18,4, ,0.0,0.0,0.0,0.0,0.0
BitRate blocking probability per pair and bitRate,1,300.0Gbps,19,10, ,0.0,0.0,0.0,0.0,0.0
BitRate blocking probability per pair and bitRate,1,300.0Gbps,14,19, ,0.0,0.0,0.0,0.0,0.0
BitRate blocking probability per pair and bitRate,1,300.0Gbps,3,18, ,0.0,0.0,0.0,0.0,0.0
BitRate blocking probability per pair and bitRate,1,300.0Gbps,1,21, ,0.0,0.0,0.0,0.0,0.0
BitRate blocking probability per pair and bitRate,1,300.0Gbps,10,16, ,0.0,0.0,0.0,0.0,0.0
BitRate blocking probability per pair and bitRate,1,300.0Gbps,24,9, ,0.0,0.0,0.0,0.0,0.0
BitRate blocking probability per pair and bitRate,1,300.0Gbps,3,21, ,0.0,0.0,0.0,0.0,0.0
BitRate blocking probability per pair and bitRate,1,300.0Gbps,12,24, ,0.0,0.0,0.0,0.0,0.0
BitRate blocking probability per pair and bitRate,1,300.0Gbps,15,9, ,0.0,0.0,0.0,0.0,0.0
BitRate blocking probability per pair and bitRate,1,300.0Gbps,18,14, ,0.0,0.0,0.0,0.0,0.0
BitRate blocking probability per pair and bitRate,1,300.0Gbps,16,3, ,0.0,0.0,0.0,0.0,0.0
BitRate blocking probability per pair and bitRate,1,300.0Gbps,15,5, ,0.0,0.0,0.0,0.0,0.0
BitRate blocking probability per pair and bitRate,1,300.0Gbps,16,21, ,0.0,0.0,0.0,0.0,0.0
BitRate blocking probability per pair and bitRate,1,300.0Gbps,8,17, ,0.0,0.0,0.0,0.0,0.0
BitRate blocking probability per pair and bitRate,1,300.0Gbps,5,16, ,0.0,0.0,0.0,0.0,0.0
BitRate blocking probability per pair and bitRate,1,300.0Gbps,21,4, ,0.0,0.0,0.0,0.0,0.0
BitRate blocking probability per pair and bitRate,1,300.0Gbps,17,19, ,0.0,0.0,0.0,0.0,0.0
BitRate blocking probability per pair and bitRate,1,300.0Gbps,16,12, ,0.0,0.0,0.0,0.0,0.0
BitRate blocking probability per pair and bitRate,1,300.0Gbps,7,19, ,0.0,0.0,0.0,0.0,0.0
BitRate blocking probability per pair and bitRate,1,300.0Gbps,8,19, ,0.0,0.0,0.0,0.0,0.0
BitRate blocking probability per pair and bitRate,1,300.0Gbps,9,20, ,0.0,0.0,0.0,0.0,0.0
BitRate blocking probability per pair and bitRate,1,300.0Gbps,13,10, ,0.0,0.0,0.0,0.0,0.0
BitRate blocking probability per pair and bitRate,1,300.0Gbps,17,16, ,0.0,0.0,0.0,0.0,0.0
BitRate blocking probability per pair and bitRate,1,300.0Gbps,5,7, ,0.0,0.0,0.0,0.0,0.0
BitRate blocking probability per pair and bitRate,1,300.0Gbps,5,10, ,0.0,0.0,0.0,0.0,0.0
BitRate blocking probability per pair and bitRate,1,300.0Gbps,22,14, ,0.0,0.0,0.0,0.0,0.0
BitRate blocking probability per pair and bitRate,1,300.0Gbps,2,24, ,0.0,0.0,0.0,0.0,0.0
BitRate blocking probability per pair and bitRate,1,300.0Gbps,11,15, ,0.0,0.0,0.0,0.0,0.0
BitRate blocking probability per pair and bitRate,1,300.0Gbps,19,13, ,0.0,0.0,0.0,0.0,0.0
BitRate blocking probability per pair and bitRate,1,300.0Gbps,9,14, ,0.0,0.0,0.0,0.0,0.0
BitRate blocking probability per pair and bitRate,1,300.0Gbps,13,20, ,0.0,0.0,0.0,0.0,0.0
BitRate blocking probability per pair and bitRate,1,300.0Gbps,20,15, ,0.0,0.0,0.0,0.0,0.0
BitRate blocking probability per pair and bitRate,1,300.0Gbps,1,9, ,0.0,0.0,0.0,0.0,0.0
BitRate blocking probability per pair and bitRate,1,300.0Gbps,4,16, ,0.0,0.0,0.0,0.0,0.0
BitRate blocking probability per pair and bitRate,1,300.0Gbps,21,20, ,0.0,0.0,0.0,0.0,0.0
BitRate blocking probability per pair and bitRate,1,300.0Gbps,6,18, ,0.0,0.0,0.0,0.0,0.0
BitRate blocking probability per pair and bitRate,1,300.0Gbps,3,20, ,0.0,0.0,0.0,0.0,0.0
BitRate blocking probability per pair and bitRate,1,300.0Gbps,21,10, ,0.0,0.0,0.0,0.0,0.0
BitRate blocking probability per pair and bitRate,1,300.0Gbps,2,19, ,0.0,0.0,0.0,0.0,0.0
BitRate blocking probability per pair and bitRate,1,300.0Gbps,7,17, ,0.0,0.0,0.0,0.0,0.0
BitRate blocking probability per pair and bitRate,1,300.0Gbps,14,5, ,0.0,0.0,0.0,0.0,0.0
BitRate blocking probability per pair and bitRate,1,300.0Gbps,7,13, ,0.0,0.0,0.0,0.0,0.0
BitRate blocking probability per pair and bitRate,1,300.0Gbps,5,15, ,0.0,0.0,0.0,0.0,0.0
BitRate blocking probability per pair and bitRate,1,300.0Gbps,18,8, ,0.0,0.0,0.0,0.0,0.0
BitRate blocking probability per pair and bitRate,1,300.0Gbps,19,17, ,0.0,0.0,0.0,0.0,0.0
BitRate blocking probability per pair and bitRate,1,300.0Gbps,19,21, ,0.0,0.0,0.0,0.0,0.0
BitRate blocking probability per pair and bitRate,1,300.0Gbps,19,3, ,0.0,0.0,0.0,0.0,0.0
BitRate blocking probability per pair and bitRate,1,300.0Gbps,13,19, ,0.0,0.0,0.0,0.0,0.0
BitRate blocking probability per pair and bitRate,1,300.0Gbps,12,18, ,0.0,0.0,0.0,0.0,0.0
BitRate blocking probability per pair and bitRate,1,300.0Gbps,13,3, ,0.0,0.0,0.0,0.0,0.0
BitRate blocking probability per pair and bitRate,1,300.0Gbps,7,18, ,0.0,0.0,0.0,0.0,0.0
BitRate blocking probability per pair and bitRate,1,300.0Gbps,17,12, ,0.0,0.0,0.0,0.0,0.0
BitRate blocking probability per pair and bitRate,1,300.0Gbps,13,9, ,0.0,0.0,0.0,0.0,0.0
BitRate blocking probability per pair and bitRate,1,300.0Gbps,6,22, ,0.0,0.0,0.0,0.0,0.0
BitRate blocking probability per pair and bitRate,1,300.0Gbps,1,15, ,0.0,0.0,0.0,0.0,0.0
BitRate blocking probability per pair and bitRate,1,300.0Gbps,3,19, ,0.0,0.0,0.0,0.0,0.0
BitRate blocking probability per pair and bitRate,1,300.0Gbps,12,4, ,0.0,0.0,0.0,0.0,0.0
BitRate blocking probability per pair and bitRate,1,300.0Gbps,16,24, ,0.0,0.0,0.0,0.0,0.0
BitRate blocking probability per pair and bitRate,1,300.0Gbps,6,10, ,0.0,0.0,0.0,0.0,0.0
BitRate blocking probability per pair and bitRate,1,300.0Gbps,2,18, ,0.0,0.0,0.0,0.0,0.0
BitRate blocking probability per pair and bitRate,1,300.0Gbps,18,21, ,0.0,0.0,0.0,0.0,0.0
BitRate blocking probability per pair and bitRate,1,300.0Gbps,18,3, ,0.0,0.0,0.0,0.0,0.0
BitRate blocking probability per pair and bitRate,1,300.0Gbps,15,18, ,0.0,0.0,0.0,0.0,0.0
BitRate blocking probability per pair and bitRate,1,300.0Gbps,4,14, ,0.0,0.0,0.0,0.0,0.0
BitRate blocking probability per pair and bitRate,1,300.0Gbps,7,20, ,0.0,0.0,0.0,0.0,0.0
BitRate blocking probability per pair and bitRate,1,300.0Gbps,13,15, ,0.0,0.0,0.0,0.0,0.0
BitRate blocking probability per pair and bitRate,1,300.0Gbps,13,21, ,0.0,0.0,0.0,0.0,0.0
BitRate blocking probability per pair and bitRate,1,300.0Gbps,15,14, ,0.0,0.0,0.0,0.0,0.0
BitRate blocking probability per pair and bitRate,1,300.0Gbps,3,15, ,0.0,0.0,0.0,0.0,0.0
BitRate blocking probability per pair and bitRate,1,300.0Gbps,18,5, ,0.0,0.0,0.0,0.0,0.0
BitRate blocking probability per pair and bitRate,1,300.0Gbps,12,1, ,0.0,0.0,0.0,0.0,0.0
BitRate blocking probability per pair and bitRate,1,300.0Gbps,6,7, ,0.0,0.0,0.0,0.0,0.0
BitRate blocking probability per pair and bitRate,1,300.0Gbps,24,3, ,0.0,0.0,0.0,0.0,0.0
BitRate blocking probability per pair and bitRate,1,300.0Gbps,19,5, ,0.0,0.0,0.0,0.0,0.0
BitRate blocking probability per pair and bitRate,1,300.0Gbps,20,19, ,0.0,0.0,0.0,0.0,0.0
BitRate blocking probability per pair and bitRate,1,300.0Gbps,5,17, ,0.0,0.0,0.0,0.0,0.0
BitRate blocking probability per pair and bitRate,1,300.0Gbps,20,12, ,0.0,0.0,0.0,0.0,0.0
BitRate blocking probability per pair and bitRate,1,300.0Gbps,4,22, ,0.0,0.0,0.0,0.0,0.0
BitRate blocking probability per pair and bitRate,1,300.0Gbps,7,8, ,0.0,0.0,0.0,0.0,0.0
BitRate blocking probability per pair and bitRate,1,300.0Gbps,14,1, ,0.0,0.0,0.0,0.0,0.0
BitRate blocking probability per pair and bitRate,1,300.0Gbps,20,21, ,0.0,0.0,0.0,0.0,0.0
BitRate blocking probability per pair and bitRate,1,300.0Gbps,1,6, ,0.0,0.0,0.0,0.0,0.0
BitRate blocking probability per pair and bitRate,1,300.0Gbps,13,2, ,0.0,0.0,0.0,0.0,0.0
BitRate blocking probability per pair and bitRate,1,300.0Gbps,14,20, ,0.0,0.0,0.0,0.0,0.0
BitRate blocking probability per pair and bitRate,1,300.0Gbps,16,20, ,0.0,0.0,0.0,0.0,0.0
BitRate blocking probability per pair and bitRate,1,300.0Gbps,18,15, ,0.0,0.0,0.0,0.0,0.0
BitRate blocking probability per pair and bitRate,1,300.0Gbps,6,2, ,0.0,0.0,0.0,0.0,0.0
BitRate blocking probability per pair and bitRate,1,300.0Gbps,9,15, ,0.0,0.0,0.0,0.0,0.0
BitRate blocking probability per pair and bitRate,1,300.0Gbps,15,17, ,0.0,0.0,0.0,0.0,0.0
BitRate blocking probability per pair and bitRate,1,300.0Gbps,18,2, ,0.0,0.0,0.0,0.0,0.0
BitRate blocking probability per pair and bitRate,1,300.0Gbps,15,24, ,0.0,0.0,0.0,0.0,0.0
BitRate blocking probability per pair and bitRate,1,300.0Gbps,7,10, ,0.0,0.0,0.0,0.0,0.0
BitRate blocking probability per pair and bitRate,1,300.0Gbps,14,21, ,0.0,0.0,0.0,0.0,0.0
BitRate blocking probability per pair and bitRate,1,300.0Gbps,23,15, ,0.0,0.0,0.0,0.0,0.0
BitRate blocking probability per pair and bitRate,1,300.0Gbps,11,1, ,0.0,0.0,0.0,0.0,0.0
BitRate blocking probability per pair and bitRate,1,300.0Gbps,19,20, ,0.0,0.0,0.0,0.0,0.0
BitRate blocking probability per pair and bitRate,1,300.0Gbps,1,8, ,0.0,0.0,0.0,0.0,0.0
BitRate blocking probability per pair and bitRate,1,300.0Gbps,16,1, ,0.0,0.0,0.0,0.0,0.0
BitRate blocking probability per pair and bitRate,1,300.0Gbps,24,5, ,0.0,0.0,0.0,0.0,0.0
BitRate blocking probability per pair and bitRate,1,300.0Gbps,2,4, ,0.0,0.0,0.0,0.0,0.0
BitRate blocking probability per pair and bitRate,1,300.0Gbps,10,5, ,0.0,0.0,0.0,0.0,0.0
BitRate blocking probability per pair and bitRate,1,300.0Gbps,21,7, ,0.0,0.0,0.0,0.0,0.0
BitRate blocking probability per pair and bitRate,1,300.0Gbps,23,11, ,0.0,0.0,0.0,0.0,0.0
BitRate blocking probability per pair and bitRate,1,300.0Gbps,19,6, ,0.0,0.0,0.0,0.0,0.0
BitRate blocking probability per pair and bitRate,1,300.0Gbps,10,17, ,0.0,0.0,0.0,0.0,0.0
BitRate blocking probability per pair and bitRate,1,300.0Gbps,3,8, ,0.0,0.0,0.0,0.0,0.0
BitRate blocking probability per pair and bitRate,1,300.0Gbps,3,23, ,0.0,0.0,0.0,0.0,0.0
BitRate blocking probability per pair and bitRate,1,300.0Gbps,17,9, ,0.0,0.0,0.0,0.0,0.0
BitRate blocking probability per pair and bitRate,1,300.0Gbps,9,18, ,0.0,0.0,0.0,0.0,0.0
BitRate blocking probability per pair and bitRate,1,300.0Gbps,1,3, ,0.0,0.0,0.0,0.0,0.0
BitRate blocking probability per pair and bitRate,1,300.0Gbps,10,20, ,0.0,0.0,0.0,0.0,0.0
BitRate blocking probability per pair and bitRate,1,300.0Gbps,21,6, ,0.0,0.0,0.0,0.0,0.0
BitRate blocking probability per pair and bitRate,1,300.0Gbps,8,5, ,0.0,0.0,0.0,0.0,0.0
BitRate blocking probability per pair and bitRate,1,300.0Gbps,9,8, ,0.0,0.0,0.0,0.0,0.0
BitRate blocking probability per pair and bitRate,1,300.0Gbps,24,4, ,0.0,0.0,0.0,0.0,0.0
BitRate blocking probability per pair and bitRate,1,300.0Gbps,1,12, ,0.0,0.0,0.0,0.0,0.0
BitRate blocking probability per pair and bitRate,1,300.0Gbps,11,5, ,0.0,0.0,0.0,0.0,0.0
BitRate blocking probability per pair and bitRate,1,300.0Gbps,22,7, ,0.0,0.0,0.0,0.0,0.0
BitRate blocking probability per pair and bitRate,1,300.0Gbps,22,8, ,0.0,0.0,0.0,0.0,0.0
BitRate blocking probability per pair and bitRate,1,300.0Gbps,20,22, ,0.0,0.0,0.0,0.0,0.0
BitRate blocking probability per pair and bitRate,1,300.0Gbps,13,24, ,0.0,0.0,0.0,0.0,0.0
BitRate blocking probability per pair and bitRate,1,300.0Gbps,1,7, ,0.0,0.0,0.0,0.0,0.0
BitRate blocking probability per pair and bitRate,1,300.0Gbps,17,20, ,0.0,0.0,0.0,0.0,0.0
BitRate blocking probability per pair and bitRate,1,300.0Gbps,16,18, ,0.0,0.0,0.0,0.0,0.0
BitRate blocking probability per pair and bitRate,1,300.0Gbps,16,8, ,0.0,0.0,0.0,0.0,0.0
BitRate blocking probability per pair and bitRate,1,300.0Gbps,12,15, ,0.0,0.0,0.0,0.0,0.0
BitRate blocking probability per pair and bitRate,1,300.0Gbps,17,5, ,0.0,0.0,0.0,0.0,0.0
BitRate blocking probability per pair and bitRate,1,300.0Gbps,23,14, ,0.0,0.0,0.0,0.0,0.0
BitRate blocking probability per pair and bitRate,1,300.0Gbps,1,19, ,0.0,0.0,0.0,0.0,0.0
BitRate blocking probability per pair and bitRate,1,300.0Gbps,17,7, ,0.0,0.0,0.0,0.0,0.0
BitRate blocking probability per pair and bitRate,1,300.0Gbps,18,9, ,0.0,0.0,0.0,0.0,0.0
BitRate blocking probability per pair and bitRate,1,300.0Gbps,18,23, ,0.0,0.0,0.0,0.0,0.0
BitRate blocking probability per pair and bitRate,1,300.0Gbps,13,22, ,0.0,0.0,0.0,0.0,0.0
BitRate blocking probability per pair and bitRate,1,300.0Gbps,7,6, ,0.0,0.0,0.0,0.0,0.0
BitRate blocking probability per pair and bitRate,1,300.0Gbps,9,23, ,0.0,0.0,0.0,0.0,0.0
BitRate blocking probability per pair and bitRate,1,300.0Gbps,13,6, ,0.0,0.0,0.0,0.0,0.0
BitRate blocking probability per pair and bitRate,1,300.0Gbps,15,8, ,0.0,0.0,0.0,0.0,0.0
BitRate blocking probability per pair and bitRate,1,300.0Gbps,13,14, ,0.0,0.0,0.0,0.0,0.0
BitRate blocking probability per pair and bitRate,1,300.0Gbps,20,3, ,0.0,0.0,0.0,0.0,0.0
BitRate blocking probability per pair and bitRate,1,300.0Gbps,21,16, ,0.0,0.0,0.0,0.0,0.0
BitRate blocking probability per pair and bitRate,1,300.0Gbps,3,16, ,0.0,0.0,0.0,0.0,0.0
BitRate blocking probability per pair and bitRate,1,300.0Gbps,22,13, ,0.0,0.0,0.0,0.0,0.0
BitRate blocking probability per pair and bitRate,1,300.0Gbps,3,14, ,0.0,0.0,0.0,0.0,0.0
BitRate blocking probability per pair and bitRate,1,300.0Gbps,3,7, ,0.0,0.0,0.0,0.0,0.0
BitRate blocking probability per pair and bitRate,1,300.0Gbps,10,22, ,0.0,0.0,0.0,0.0,0.0
BitRate blocking probability per pair and bitRate,1,300.0Gbps,8,10, ,0.0,0.0,0.0,0.0,0.0
BitRate blocking probability per pair and bitRate,1,300.0Gbps,22,6, ,0.0,0.0,0.0,0.0,0.0
BitRate blocking probability per pair and bitRate,1,300.0Gbps,5,2, ,0.0,0.0,0.0,0.0,0.0
BitRate blocking probability per pair and bitRate,1,300.0Gbps,13,5, ,0.0,0.0,0.0,0.0,0.0
BitRate blocking probability per pair and bitRate,1,300.0Gbps,23,8, ,0.0,0.0,0.0,0.0,0.0
BitRate blocking probability per pair and bitRate,1,300.0Gbps,13,11, ,0.0,0.0,0.0,0.0,0.0
BitRate blocking probability per pair and bitRate,1,300.0Gbps,13,7, ,0.0,0.0,0.0,0.0,0.0
BitRate blocking probability per pair and bitRate,1,300.0Gbps,3,13, ,0.0,0.0,0.0,0.0,0.0
BitRate blocking probability per pair and bitRate,1,300.0Gbps,10,12, ,0.0,0.0,0.0,0.0,0.0
BitRate blocking probability per pair and bitRate,1,300.0Gbps,24,11, ,0.0,0.0,0.0,0.0,0.0
BitRate blocking probability per pair and bitRate,1,300.0Gbps,9,7, ,0.0,0.0,0.0,0.0,0.0
BitRate blocking probability per pair and bitRate,1,300.0Gbps,24,12, ,0.0,0.0,0.0,0.0,0.0
BitRate blocking probability per pair and bitRate,1,300.0Gbps,15,3, ,0.0,0.0,0.0,0.0,0.0
BitRate blocking probability per pair and bitRate,1,300.0Gbps,22,11, ,0.0,0.0,0.0,0.0,0.0
BitRate blocking probability per pair and bitRate,1,300.0Gbps,18,19, ,0.0,0.0,0.0,0.0,0.0
BitRate blocking probability per pair and bitRate,1,300.0Gbps,16,7, ,0.0,0.0,0.0,0.0,0.0
BitRate blocking probability per pair and bitRate,1,300.0Gbps,5,24, ,0.0,0.0,0.0,0.0,0.0
BitRate blocking probability per pair and bitRate,1,300.0Gbps,10,19, ,0.0,0.0,0.0,0.0,0.0
BitRate blocking probability per pair and bitRate,1,300.0Gbps,23,13, ,0.0,0.0,0.0,0.0,0.0
BitRate blocking probability per pair and bitRate,1,300.0Gbps,12,3, ,0.0,0.0,0.0,0.0,0.0
BitRate blocking probability per pair and bitRate,1,300.0Gbps,9,10, ,0.0,0.0,0.0,0.0,0.0
BitRate blocking probability per pair and bitRate,1,300.0Gbps,4,18, ,0.0,0.0,0.0,0.0,0.0
BitRate blocking probability per pair and bitRate,1,300.0Gbps,4,19, ,0.0,0.0,0.0,0.0,0.0
BitRate blocking probability per pair and bitRate,1,300.0Gbps,17,15, ,0.0,0.0,0.0,0.0,0.0
BitRate blocking probability per pair and bitRate,1,300.0Gbps,2,22, ,0.0,0.0,0.0,0.0,0.0
BitRate blocking probability per pair and bitRate,1,300.0Gbps,11,17, ,0.0,0.0,0.0,0.0,0.0
BitRate blocking probability per pair and bitRate,1,300.0Gbps,18,13, ,0.0,0.0,0.0,0.0,0.0
BitRate blocking probability per pair and bitRate,1,300.0Gbps,24,10, ,0.0,0.0,0.0,0.0,0.0
BitRate blocking probability per pair and bitRate,1,300.0Gbps,11,13, ,0.0,0.0,0.0,0.0,0.0
BitRate blocking probability per pair and bitRate,1,300.0Gbps,12,22, ,0.0,0.0,0.0,0.0,0.0
BitRate blocking probability per pair and bitRate,1,300.0Gbps,20,23, ,0.0,0.0,0.0,0.0,0.0
BitRate blocking probability per pair and bitRate,1,300.0Gbps,4,7, ,0.0,0.0,0.0,0.0,0.0
BitRate blocking probability per pair and bitRate,1,300.0Gbps,9,12, ,0.0,0.0,0.0,0.0,0.0
BitRate blocking probability per pair and bitRate,1,300.0Gbps,4,13, ,0.0,0.0,0.0,0.0,0.0
BitRate blocking probability per pair and bitRate,1,300.0Gbps,20,13, ,0.0,0.0,0.0,0.0,0.0
BitRate blocking probability per pair and bitRate,1,300.0Gbps,10,3, ,0.0,0.0,0.0,0.0,0.0
BitRate blocking probability per pair and bitRate,1,300.0Gbps,21,3, ,0.0,0.0,0.0,0.0,0.0
BitRate blocking probability per pair and bitRate,1,300.0Gbps,7,9, ,0.0,0.0,0.0,0.0,0.0
BitRate blocking probability per pair and bitRate,1,300.0Gbps,12,19, ,0.0,0.0,0.0,0.0,0.0
BitRate blocking probability per pair and bitRate,1,300.0Gbps,19,16, ,0.0,0.0,0.0,0.0,0.0
BitRate blocking probability per pair and bitRate,1,300.0Gbps,20,11, ,0.0,0.0,0.0,0.0,0.0
BitRate blocking probability per pair and bitRate,1,300.0Gbps,22,9, ,0.0,0.0,0.0,0.0,0.0
BitRate blocking probability per pair and bitRate,1,300.0Gbps,7,11, ,0.0,0.0,0.0,0.0,0.0
BitRate blocking probability per pair and bitRate,1,300.0Gbps,6,1, ,0.0,0.0,0.0,0.0,0.0
BitRate blocking probability per pair and bitRate,1,300.0Gbps,6,14, ,0.0,0.0,0.0,0.0,0.0
BitRate blocking probability per pair and bitRate,1,300.0Gbps,21,1, ,0.0,0.0,0.0,0.0,0.0
BitRate blocking probability per pair and bitRate,1,300.0Gbps,4,23, ,0.0,0.0,0.0,0.0,0.0
BitRate blocking probability per pair and bitRate,1,300.0Gbps,1,5, ,0.0,0.0,0.0,0.0,0.0
BitRate blocking probability per pair and bitRate,1,300.0Gbps,3,22, ,0.0,0.0,0.0,0.0,0.0
BitRate blocking probability per pair and bitRate,1,300.0Gbps,5,23, ,0.0,0.0,0.0,0.0,0.0
BitRate blocking probability per pair and bitRate,1,300.0Gbps,14,9, ,0.0,0.0,0.0,0.0,0.0
BitRate blocking probability per pair and bitRate,1,300.0Gbps,23,6, ,0.0,0.0,0.0,0.0,0.0
BitRate blocking probability per pair and bitRate,1,300.0Gbps,6,19, ,0.0,0.0,0.0,0.0,0.0
BitRate blocking probability per pair and bitRate,1,300.0Gbps,14,13, ,0.0,0.0,0.0,0.0,0.0
BitRate blocking probability per pair and bitRate,1,300.0Gbps,14,11, ,0.0,0.0,0.0,0.0,0.0
BitRate blocking probability per pair and bitRate,1,300.0Gbps,12,21, ,0.0,0.0,0.0,0.0,0.0
BitRate blocking probability per pair and bitRate,1,300.0Gbps,2,8, ,0.0,0.0,0.0,0.0,0.0
BitRate blocking probability per pair and bitRate,1,300.0Gbps,16,13, ,0.0,0.0,0.0,0.0,0.0
BitRate blocking probability per pair and bitRate,1,300.0Gbps,20,18, ,0.0,0.0,0.0,0.0,0.0
BitRate blocking probability per pair and bitRate,1,300.0Gbps,6,9, ,0.0,0.0,0.0,0.0,0.0
BitRate blocking probability per pair and bitRate,1,300.0Gbps,6,23, ,0.0,0.0,0.0,0.0,0.0
BitRate blocking probability per pair and bitRate,1,300.0Gbps,10,4, ,0.0,0.0,0.0,0.0,0.0
BitRate blocking probability per pair and bitRate,1,300.0Gbps,17,23, ,0.0,0.0,0.0,0.0,0.0
BitRate blocking probability per pair and bitRate,1,300.0Gbps,17,18, ,0.0,0.0,0.0,0.0,0.0
BitRate blocking probability per pair and bitRate,1,300.0Gbps,14,12, ,0.0,0.0,0.0,0.0,0.0
BitRate blocking probability per pair and bitRate,1,300.0Gbps,14,17, ,0.0,0.0,0.0,0.0,0.0
BitRate blocking probability per pair and bitRate,1,300.0Gbps,19,7, ,0.0,0.0,0.0,0.0,0.0
BitRate blocking probability per pair and bitRate,1,300.0Gbps,7,24, ,0.0,0.0,0.0,0.0,0.0
BitRate blocking probability per pair and bitRate,1,300.0Gbps,11,18, ,0.0,0.0,0.0,0.0,0.0
BitRate blocking probability per pair and bitRate,1,300.0Gbps,11,10, ,0.0,0.0,0.0,0.0,0.0
BitRate blocking probability per pair and bitRate,1,300.0Gbps,14,22, ,0.0,0.0,0.0,0.0,0.0
BitRate blocking probability per pair and bitRate,1,300.0Gbps,4,9, ,0.0,0.0,0.0,0.0,0.0
BitRate blocking probability per pair and bitRate,1,300.0Gbps,22,21, ,0.0,0.0,0.0,0.0,0.0
BitRate blocking probability per pair and bitRate,1,300.0Gbps,22,24, ,0.0,0.0,0.0,0.0,0.0
BitRate blocking probability per pair and bitRate,1,300.0Gbps,8,15, ,0.0,0.0,0.0,0.0,0.0
BitRate blocking probability per pair and bitRate,1,300.0Gbps,12,5, ,0.0,0.0,0.0,0.0,0.0
BitRate blocking probability per pair and bitRate,1,300.0Gbps,7,23, ,0.0,0.0,0.0,0.0,0.0
BitRate blocking probability per pair and bitRate,1,300.0Gbps,24,14, ,0.0,0.0,0.0,0.0,0.0
BitRate blocking probability per pair and bitRate,1,300.0Gbps,1,2, ,0.0,0.0,0.0,0.0,0.0
BitRate blocking probability per pair and bitRate,1,300.0Gbps,15,22, ,0.0,0.0,0.0,0.0,0.0
BitRate blocking probability per pair and bitRate,1,300.0Gbps,19,14, ,0.0,0.0,0.0,0.0,0.0
BitRate blocking probability per pair and bitRate,1,300.0Gbps,21,23, ,0.0,0.0,0.0,0.0,0.0
BitRate blocking probability per pair and bitRate,1,300.0Gbps,8,1, ,0.0,0.0,0.0,0.0,0.0
BitRate blocking probability per pair and bitRate,1,300.0Gbps,18,10, ,0.0,0.0,0.0,0.0,0.0
BitRate blocking probability per pair and bitRate,1,300.0Gbps,17,3, ,0.0,0.0,0.0,0.0,0.0
BitRate blocking probability per pair and bitRate,1,300.0Gbps,5,9, ,0.0,0.0,0.0,0.0,0.0
BitRate blocking probability per pair and bitRate,1,300.0Gbps,19,8, ,0.0,0.0,0.0,0.0,0.0
BitRate blocking probability per pair and bitRate,1,300.0Gbps,4,21, ,0.0,0.0,0.0,0.0,0.0
BitRate blocking probability per pair and bitRate,1,300.0Gbps,8,16, ,0.0,0.0,0.0,0.0,0.0
BitRate blocking probability per pair and bitRate,1,300.0Gbps,5,12, ,0.0,0.0,0.0,0.0,0.0
BitRate blocking probability per pair and bitRate,1,300.0Gbps,6,16, ,0.0,0.0,0.0,0.0,0.0
BitRate blocking probability per pair and bitRate,1,300.0Gbps,20,10, ,0.0,0.0,0.0,0.0,0.0
BitRate blocking probability per pair and bitRate,1,300.0Gbps,2,15, ,0.0,0.0,0.0,0.0,0.0
BitRate blocking probability per pair and bitRate,1,300.0Gbps,20,6, ,0.0,0.0,0.0,0.0,0.0
BitRate blocking probability per pair and bitRate,1,300.0Gbps,21,13, ,0.0,0.0,0.0,0.0,0.0
BitRate blocking probability per pair and bitRate,1,300.0Gbps,6,21, ,0.0,0.0,0.0,0.0,0.0
BitRate blocking probability per pair and bitRate,1,300.0Gbps,18,16, ,0.0,0.0,0.0,0.0,0.0
BitRate blocking probability per pair and bitRate,1,300.0Gbps,5,21, ,0.0,0.0,0.0,0.0,0.0
BitRate blocking probability per pair and bitRate,1,300.0Gbps,15,11, ,0.0,0.0,0.0,0.0,0.0
BitRate blocking probability per pair and bitRate,1,300.0Gbps,8,12, ,0.0,0.0,0.0,0.0,0.0
BitRate blocking probability per pair and bitRate,1,300.0Gbps,19,1, ,0.0,0.0,0.0,0.0,0.0
BitRate blocking probability per pair and bitRate,1,300.0Gbps,21,14, ,0.0,0.0,0.0,0.0,0.0
BitRate blocking probability per pair and bitRate,1,300.0Gbps,2,13, ,0.0,0.0,0.0,0.0,0.0
BitRate blocking probability per pair and bitRate,1,300.0Gbps,17,6, ,0.0,0.0,0.0,0.0,0.0
BitRate blocking probability per pair and bitRate,1,300.0Gbps,24,1, ,0.0,0.0,0.0,0.0,0.0
BitRate blocking probability per pair and bitRate,1,300.0Gbps,8,3, ,0.0,0.0,0.0,0.0,0.0
BitRate blocking probability per pair and bitRate,1,300.0Gbps,1,22, ,0.0,0.0,0.0,0.0,0.0
BitRate blocking probability per pair and bitRate,1,300.0Gbps,23,3, ,0.0,0.0,0.0,0.0,0.0
BitRate blocking probability per pair and bitRate,1,300.0Gbps,2,1, ,0.0,0.0,0.0,0.0,0.0
BitRate blocking probability per pair and bitRate,1,300.0Gbps,15,23, ,0.0,0.0,0.0,0.0,0.0
BitRate blocking probability per pair and bitRate,1,300.0Gbps,19,15, ,0.0,0.0,0.0,0.0,0.0
BitRate blocking probability per pair and bitRate,1,300.0Gbps,2,23, ,0.0,0.0,0.0,0.0,0.0
BitRate blocking probability per pair and bitRate,1,300.0Gbps,13,17, ,0.0,0.0,0.0,0.0,0.0
BitRate blocking probability per pair and bitRate,1,300.0Gbps,1,10, ,0.0,0.0,0.0,0.0,0.0
BitRate blocking probability per pair and bitRate,1,300.0Gbps,5,22, ,0.0,0.0,0.0,0.0,0.0
BitRate blocking probability per pair and bitRate,1,300.0Gbps,18,24, ,0.0,0.0,0.0,0.0,0.0
BitRate blocking probability per pair and bitRate,1,300.0Gbps,19,23, ,0.0,0.0,0.0,0.0,0.0
BitRate blocking probability per pair and bitRate,1,300.0Gbps,20,8, ,0.0,0.0,0.0,0.0,0.0
BitRate blocking probability per pair and bitRate,1,300.0Gbps,10,6, ,0.0,0.0,0.0,0.0,0.0
BitRate blocking probability per pair and bitRate,1,300.0Gbps,2,6, ,0.0,0.0,0.0,0.0,0.0
BitRate blocking probability per pair and bitRate,1,300.0Gbps,16,14, ,0.0,0.0,0.0,0.0,0.0
BitRate blocking probability per pair and bitRate,1,300.0Gbps,24,19, ,0.0,0.0,0.0,0.0,0.0
BitRate blocking probability per pair and bitRate,1,300.0Gbps,23,19, ,0.0,0.0,0.0,0.0,0.0
BitRate blocking probability per pair and bitRate,1,300.0Gbps,12,2, ,0.0,0.0,0.0,0.0,0.0
BitRate blocking probability per pair and bitRate,1,300.0Gbps,23,1, ,0.0,0.0,0.0,0.0,0.0
BitRate blocking probability per pair and bitRate,1,300.0Gbps,15,7, ,0.0,0.0,0.0,0.0,0.0
BitRate blocking probability per pair and bitRate,1,300.0Gbps,22,12, ,0.0,0.0,0.0,0.0,0.0
BitRate blocking probability per pair and bitRate,1,300.0Gbps,3,6, ,0.0,0.0,0.0,0.0,0.0
BitRate blocking probability per pair and bitRate,1,300.0Gbps,4,2, ,0.0,0.0,0.0,0.0,0.0
BitRate blocking probability per pair and bitRate,1,300.0Gbps,13,1, ,0.0,0.0,0.0,0.0,0.0
BitRate blocking probability per pair and bitRate,1,300.0Gbps,6,5, ,0.0,0.0,0.0,0.0,0.0
BitRate blocking probability per pair and bitRate,1,300.0Gbps,16,22, ,0.0,0.0,0.0,0.0,0.0
BitRate blocking probability per pair and bitRate,1,300.0Gbps,7,5, ,0.0,0.0,0.0,0.0,0.0
BitRate blocking probability per pair and bitRate,1,300.0Gbps,6,24, ,0.0,0.0,0.0,0.0,0.0
BitRate blocking probability per pair and bitRate,1,300.0Gbps,18,17, ,0.0,0.0,0.0,0.0,0.0
BitRate blocking probability per pair and bitRate,1,300.0Gbps,22,3, ,0.0,0.0,0.0,0.0,0.0
BitRate blocking probability per pair and bitRate,1,300.0Gbps,13,4, ,0.0,0.0,0.0,0.0,0.0
BitRate blocking probability per pair and bitRate,1,300.0Gbps,16,5, ,0.0,0.0,0.0,0.0,0.0
BitRate blocking probability per pair and bitRate,1,300.0Gbps,18,11, ,0.0,0.0,0.0,0.0,0.0
BitRate blocking probability per pair and bitRate,1,300.0Gbps,6,11, ,0.0,0.0,0.0,0.0,0.0
BitRate blocking probability per pair and bitRate,1,300.0Gbps,17,13, ,0.0,0.0,0.0,0.0,0.0
BitRate blocking probability per pair and bitRate,1,300.0Gbps,7,3, ,0.0,0.0,0.0,0.0,0.0
BitRate blocking probability per pair and bitRate,1,300.0Gbps,22,23, ,0.0,0.0,0.0,0.0,0.0
BitRate blocking probability per pair and bitRate,1,300.0Gbps,10,13, ,0.0,0.0,0.0,0.0,0.0
BitRate blocking probability per pair and bitRate,1,300.0Gbps,14,7, ,0.0,0.0,0.0,0.0,0.0
BitRate blocking probability per pair and bitRate,1,300.0Gbps,20,16, ,0.0,0.0,0.0,0.0,0.0
BitRate blocking probability per pair and bitRate,1,300.0Gbps,14,8, ,0.0,0.0,0.0,0.0,0.0
BitRate blocking probability per pair and bitRate,1,300.0Gbps,7,4, ,0.0,0.0,0.0,0.0,0.0
BitRate blocking probability per pair and bitRate,1,300.0Gbps,8,14, ,0.0,0.0,0.0,0.0,0.0
BitRate blocking probability per pair and bitRate,1,300.0Gbps,3,12, ,0.0,0.0,0.0,0.0,0.0
BitRate blocking probability per pair and bitRate,1,300.0Gbps,7,2, ,0.0,0.0,0.0,0.0,0.0
BitRate blocking probability per pair and bitRate,1,300.0Gbps,10,11, ,0.0,0.0,0.0,0.0,0.0
BitRate blocking probability per pair and bitRate,1,300.0Gbps,11,14, ,0.0,0.0,0.0,0.0,0.0
BitRate blocking probability per pair and bitRate,1,300.0Gbps,20,24, ,0.0,0.0,0.0,0.0,0.0
BitRate blocking probability per pair and bitRate,1,300.0Gbps,20,4, ,0.0,0.0,0.0,0.0,0.0
BitRate blocking probability per pair and bitRate,1,300.0Gbps,23,2, ,0.0,0.0,0.0,0.0,0.0
BitRate blocking probability per pair and bitRate,1,300.0Gbps,22,2, ,0.0,0.0,0.0,0.0,0.0
BitRate blocking probability per pair and bitRate,1,300.0Gbps,22,19, ,0.0,0.0,0.0,0.0,0.0
BitRate blocking probability per pair and bitRate,1,300.0Gbps,24,23, ,0.0,0.0,0.0,0.0,0.0
BitRate blocking probability per pair and bitRate,1,300.0Gbps,6,17, ,0.0,0.0,0.0,0.0,0.0
BitRate blocking probability per pair and bitRate,1,300.0Gbps,4,15, ,0.0,0.0,0.0,0.0,0.0
BitRate blocking probability per pair and bitRate,1,300.0Gbps,20,7, ,0.0,0.0,0.0,0.0,0.0
BitRate blocking probability per pair and bitRate,1,300.0Gbps,10,8, ,0.0,0.0,0.0,0.0,0.0
BitRate blocking probability per pair and bitRate,1,300.0Gbps,10,24, ,0.0,0.0,0.0,0.0,0.0
BitRate blocking probability per pair and bitRate,1,300.0Gbps,12,16, ,0.0,0.0,0.0,0.0,0.0
BitRate blocking probability per pair and bitRate,1,300.0Gbps,8,13, ,0.0,0.0,0.0,0.0,0.0
BitRate blocking probability per pair and bitRate,1,300.0Gbps,11,4, ,0.0,0.0,0.0,0.0,0.0
BitRate blocking probability per pair and bitRate,1,300.0Gbps,22,17, ,0.0,0.0,0.0,0.0,0.0
BitRate blocking probability per pair and bitRate,1,300.0Gbps,4,1, ,0.0,0.0,0.0,0.0,0.0
BitRate blocking probability per pair and bitRate,1,300.0Gbps,14,6, ,0.0,0.0,0.0,0.0,0.0
BitRate blocking probability per pair and bitRate,1,300.0Gbps,14,10, ,0.0,0.0,0.0,0.0,0.0
BitRate blocking probability per pair and bitRate,1,300.0Gbps,24,6, ,0.0,0.0,0.0,0.0,0.0
BitRate blocking probability per pair and bitRate,1,300.0Gbps,15,2, ,0.0,0.0,0.0,0.0,0.0
BitRate blocking probability per pair and bitRate,1,300.0Gbps,22,10, ,0.0,0.0,0.0,0.0,0.0
BitRate blocking probability per pair and bitRate,1,300.0Gbps,4,17, ,0.0,0.0,0.0,0.0,0.0
BitRate blocking probability per pair and bitRate,1,300.0Gbps,17,2, ,0.0,0.0,0.0,0.0,0.0
BitRate blocking probability per pair and bitRate,1,300.0Gbps,18,20, ,0.0,0.0,0.0,0.0,0.0
BitRate blocking probability per pair and bitRate,1,300.0Gbps,17,21, ,0.0,0.0,0.0,0.0,0.0
BitRate blocking probability per pair and bitRate,1,300.0Gbps,18,6, ,0.0,0.0,0.0,0.0,0.0
BitRate blocking probability per pair and bitRate,1,300.0Gbps,10,15, ,0.0,0.0,0.0,0.0,0.0
BitRate blocking probability per pair and bitRate,1,300.0Gbps,4,11, ,0.0,0.0,0.0,0.0,0.0
BitRate blocking probability per pair and bitRate,1,300.0Gbps,2,21, ,0.0,0.0,0.0,0.0,0.0
BitRate blocking probability per pair and bitRate,1,300.0Gbps,19,9, ,0.0,0.0,0.0,0.0,0.0
BitRate blocking probability per pair and bitRate,1,300.0Gbps,5,8, ,0.0,0.0,0.0,0.0,0.0
BitRate blocking probability per pair and bitRate,1,300.0Gbps,5,3, ,0.0,0.0,0.0,0.0,0.0
BitRate blocking probability per pair and bitRate,1,300.0Gbps,11,6, ,0.0,0.0,0.0,0.0,0.0
BitRate blocking probability per pair and bitRate,1,300.0Gbps,8,2, ,0.0,0.0,0.0,0.0,0.0
BitRate blocking probability per pair and bitRate,1,300.0Gbps,9,24, ,0.0,0.0,0.0,0.0,0.0
BitRate blocking probability per pair and bitRate,1,300.0Gbps,16,23, ,0.0,0.0,0.0,0.0,0.0
BitRate blocking probability per pair and bitRate,1,300.0Gbps,2,16, ,0.0,0.0,0.0,0.0,0.0
BitRate blocking probability per pair and bitRate,1,300.0Gbps,16,17, ,0.0,0.0,0.0,0.0,0.0
BitRate blocking probability per pair and bitRate,1,300.0Gbps,23,18, ,0.0,0.0,0.0,0.0,0.0
BitRate blocking probability per pair and bitRate,1,300.0Gbps,7,1, ,0.0,0.0,0.0,0.0,0.0
BitRate blocking probability per pair and bitRate,1,300.0Gbps,11,24, ,0.0,0.0,0.0,0.0,0.0
BitRate blocking probability per pair and bitRate,1,300.0Gbps,2,10, ,0.0,0.0,0.0,0.0,0.0
BitRate blocking probability per pair and bitRate,1,300.0Gbps,4,6, ,0.0,0.0,0.0,0.0,0.0
BitRate blocking probability per pair and bitRate,1,300.0Gbps,15,13, ,0.0,0.0,0.0,0.0,0.0
BitRate blocking probability per pair and bitRate,1,300.0Gbps,21,12, ,0.0,0.0,0.0,0.0,0.0
BitRate blocking probability per pair and bitRate,1,300.0Gbps,5,6, ,0.0,0.0,0.0,0.0,0.0
BitRate blocking probability per pair and bitRate,1,300.0Gbps,10,18, ,0.0,0.0,0.0,0.0,0.0
BitRate blocking probability per pair and bitRate,1,300.0Gbps,14,23, ,0.0,0.0,0.0,0.0,0.0
BitRate blocking probability per pair and bitRate,1,300.0Gbps,21,8, ,0.0,0.0,0.0,0.0,0.0
BitRate blocking probability per pair and bitRate,1,300.0Gbps,11,3, ,0.0,0.0,0.0,0.0,0.0
BitRate blocking probability per pair and bitRate,1,300.0Gbps,13,16, ,0.0,0.0,0.0,0.0,0.0
BitRate blocking probability per pair and bitRate,1,300.0Gbps,22,16, ,0.0,0.0,0.0,0.0,0.0
BitRate blocking probability per pair and bitRate,1,300.0Gbps,21,5, ,0.0,0.0,0.0,0.0,0.0
BitRate blocking probability per pair and bitRate,1,300.0Gbps,23,24, ,0.0,0.0,0.0,0.0,0.0
BitRate blocking probability per pair and bitRate,1,300.0Gbps,9,6, ,0.0,0.0,0.0,0.0,0.0
BitRate blocking probability per pair and bitRate,1,300.0Gbps,20,9, ,0.0,0.0,0.0,0.0,0.0
BitRate blocking probability per pair and bitRate,1,300.0Gbps,16,6, ,0.0,0.0,0.0,0.0,0.0
BitRate blocking probability per pair and bitRate,1,300.0Gbps,15,4, ,0.0,0.0,0.0,0.0,0.0
BitRate blocking probability per pair and bitRate,1,300.0Gbps,3,4, ,0.0,0.0,0.0,0.0,0.0
BitRate blocking probability per pair and bitRate,1,300.0Gbps,17,10, ,0.0,0.0,0.0,0.0,0.0
BitRate blocking probability per pair and bitRate,1,300.0Gbps,12,10, ,0.0,0.0,0.0,0.0,0.0
BitRate blocking probability per pair and bitRate,1,300.0Gbps,12,7, ,0.0,0.0,0.0,0.0,0.0
BitRate blocking probability per pair and bitRate,1,300.0Gbps,3,17, ,0.0,0.0,0.0,0.0,0.0
BitRate blocking probability per pair and bitRate,1,500.0Gbps,11,2, ,0.0,0.0,0.0,0.0,0.0
BitRate blocking probability per pair and bitRate,1,500.0Gbps,1,23, ,0.0,0.0,0.0,0.0,0.0
BitRate blocking probability per pair and bitRate,1,500.0Gbps,2,9, ,0.0,0.0,0.0,0.0,0.0
BitRate blocking probability per pair and bitRate,1,500.0Gbps,1,20, ,0.0,0.0,0.0,0.0,0.0
BitRate blocking probability per pair and bitRate,1,500.0Gbps,17,24, ,0.0,0.0,0.0,0.0,0.0
BitRate blocking probability per pair and bitRate,1,500.0Gbps,21,15, ,0.0,0.0,0.0,0.0,0.0
BitRate blocking probability per pair and bitRate,1,500.0Gbps,19,11, ,0.0,0.0,0.0,0.0,0.0
BitRate blocking probability per pair and bitRate,1,500.0Gbps,3,1, ,0.0,0.0,0.0,0.0,0.0
BitRate blocking probability per pair and bitRate,1,500.0Gbps,24,2, ,0.0,0.0,0.0,0.0,0.0
BitRate blocking probability per pair and bitRate,1,500.0Gbps,23,22, ,0.0,0.0,0.0,0.0,0.0
BitRate blocking probability per pair and bitRate,1,500.0Gbps,17,22, ,0.0,0.0,0.0,0.0,0.0
BitRate blocking probability per pair and bitRate,1,500.0Gbps,15,20, ,0.0,0.0,0.0,0.0,0.0
BitRate blocking probability per pair and bitRate,1,500.0Gbps,2,7, ,0.0,0.0,0.0,0.0,0.0
BitRate blocking probability per pair and bitRate,1,500.0Gbps,10,1, ,0.0,0.0,0.0,0.0,0.0
BitRate blocking probability per pair and bitRate,1,500.0Gbps,14,16, ,0.0,0.0,0.0,0.0,0.0
BitRate blocking probability per pair and bitRate,1,500.0Gbps,13,18, ,0.0,0.0,0.0,0.0,0.0
BitRate blocking probability per pair and bitRate,1,500.0Gbps,11,7, ,0.0,0.0,0.0,0.0,0.0
BitRate blocking probability per pair and bitRate,1,500.0Gbps,15,10, ,0.0,0.0,0.0,0.0,0.0
BitRate blocking probability per pair and bitRate,1,500.0Gbps,17,4, ,0.0,0.0,0.0,0.0,0.0
BitRate blocking probability per pair and bitRate,1,500.0Gbps,15,19, ,0.0,0.0,0.0,0.0,0.0
BitRate blocking probability per pair and bitRate,1,500.0Gbps,9,22, ,0.0,0.0,0.0,0.0,0.0
BitRate blocking probability per pair and bitRate,1,500.0Gbps,9,19, ,0.0,0.0,0.0,0.0,0.0
BitRate blocking probability per pair and bitRate,1,500.0Gbps,24,7, ,0.0,0.0,0.0,0.0,0.0
BitRate blocking probability per pair and bitRate,1,500.0Gbps,1,18, ,0.0,0.0,0.0,0.0,0.0
BitRate blocking probability per pair and bitRate,1,500.0Gbps,19,4, ,0.0,0.0,0.0,0.0,0.0
BitRate blocking probability per pair and bitRate,1,500.0Gbps,5,1, ,0.0,0.0,0.0,0.0,0.0
BitRate blocking probability per pair and bitRate,1,500.0Gbps,5,20, ,0.0,0.0,0.0,0.0,0.0
BitRate blocking probability per pair and bitRate,1,500.0Gbps,21,24, ,0.0,0.0,0.0,0.0,0.0
BitRate blocking probability per pair and bitRate,1,500.0Gbps,9,1, ,0.0,0.0,0.0,0.0,0.0
BitRate blocking probability per pair and bitRate,1,500.0Gbps,9,21, ,0.0,0.0,0.0,0.0,0.0
BitRate blocking probability per pair and bitRate,1,500.0Gbps,14,15, ,0.0,0.0,0.0,0.0,0.0
BitRate blocking probability per pair and bitRate,1,500.0Gbps,8,4, ,0.0,0.0,0.0,0.0,0.0
BitRate blocking probability per pair and bitRate,1,500.0Gbps,8,21, ,0.0,0.0,0.0,0.0,0.0
BitRate blocking probability per pair and bitRate,1,500.0Gbps,6,3, ,0.0,0.0,0.0,0.0,0.0
BitRate blocking probability per pair and bitRate,1,500.0Gbps,9,2, ,0.0,0.0,0.0,0.0,0.0
BitRate blocking probability per pair and bitRate,1,500.0Gbps,16,2, ,0.0,0.0,0.0,0.0,0.0
BitRate blocking probability per pair and bitRate,1,500.0Gbps,9,4, ,0.0,0.0,0.0,0.0,0.0
BitRate blocking probability per pair and bitRate,1,500.0Gbps,23,21, ,0.0,0.0,0.0,0.0,0.0
BitRate blocking probability per pair and bitRate,1,500.0Gbps,19,24, ,0.0,0.0,0.0,0.0,0.0
BitRate blocking probability per pair and bitRate,1,500.0Gbps,22,15, ,0.0,0.0,0.0,0.0,0.0
BitRate blocking probability per pair and bitRate,1,500.0Gbps,23,17, ,0.0,0.0,0.0,0.0,0.0
BitRate blocking probability per pair and bitRate,1,500.0Gbps,8,11, ,0.0,0.0,0.0,0.0,0.0
BitRate blocking probability per pair and bitRate,1,500.0Gbps,24,17, ,0.0,0.0,0.0,0.0,0.0
BitRate blocking probability per pair and bitRate,1,500.0Gbps,22,18, ,0.0,0.0,0.0,0.0,0.0
BitRate blocking probability per pair and bitRate,1,500.0Gbps,5,11, ,0.0,0.0,0.0,0.0,0.0
BitRate blocking probability per pair and bitRate,1,500.0Gbps,4,8, ,0.0,0.0,0.0,0.0,0.0
BitRate blocking probability per pair and bitRate,1,500.0Gbps,23,9, ,0.0,0.0,0.0,0.0,0.0
BitRate blocking probability per pair and bitRate,1,500.0Gbps,6,12, ,0.0,0.0,0.0,0.0,0.0
BitRate blocking probability per pair and bitRate,1,500.0Gbps,4,5, ,0.0,0.0,0.0,0.0,0.0
BitRate blocking probability per pair and bitRate,1,500.0Gbps,16,9, ,0.0,0.0,0.0,0.0,0.0
BitRate blocking probability per pair and bitRate,1,500.0Gbps,16,11, ,0.0,0.0,0.0,0.0,0.0
BitRate blocking probability per pair and bitRate,1,500.0Gbps,24,20, ,0.0,0.0,0.0,0.0,0.0
BitRate blocking probability per pair and bitRate,1,500.0Gbps,12,14, ,0.0,0.0,0.0,0.0,0.0
BitRate blocking probability per pair and bitRate,1,500.0Gbps,20,5, ,0.0,0.0,0.0,0.0,0.0
BitRate blocking probability per pair and bitRate,1,500.0Gbps,11,12, ,0.0,0.0,0.0,0.0,0.0
BitRate blocking probability per pair and bitRate,1,500.0Gbps,7,14, ,0.0,0.0,0.0,0.0,0.0
BitRate blocking probability per pair and bitRate,1,500.0Gbps,10,23, ,0.0,0.0,0.0,0.0,0.0
BitRate blocking probability per pair and bitRate,1,500.0Gbps,22,20, ,0.0,0.0,0.0,0.0,0.0
BitRate blocking probability per pair and bitRate,1,500.0Gbps,17,11, ,0.0,0.0,0.0,0.0,0.0
BitRate blocking probability per pair and bitRate,1,500.0Gbps,3,10, ,0.0,0.0,0.0,0.0,0.0
BitRate blocking probability per pair and bitRate,1,500.0Gbps,17,14, ,0.0,0.0,0.0,0.0,0.0
BitRate blocking probability per pair and bitRate,1,500.0Gbps,10,7, ,0.0,0.0,0.0,0.0,0.0
BitRate blocking probability per pair and bitRate,1,500.0Gbps,3,2, ,0.0,0.0,0.0,0.0,0.0
BitRate blocking probability per pair and bitRate,1,500.0Gbps,3,5, ,0.0,0.0,0.0,0.0,0.0
BitRate blocking probability per pair and bitRate,1,500.0Gbps,22,1, ,0.0,0.0,0.0,0.0,0.0
BitRate blocking probability per pair and bitRate,1,500.0Gbps,1,14, ,0.0,0.0,0.0,0.0,0.0
BitRate blocking probability per pair and bitRate,1,500.0Gbps,24,8, ,0.0,0.0,0.0,0.0,0.0
BitRate blocking probability per pair and bitRate,1,500.0Gbps,11,21, ,0.0,0.0,0.0,0.0,0.0
BitRate blocking probability per pair and bitRate,1,500.0Gbps,20,14, ,0.0,0.0,0.0,0.0,0.0
BitRate blocking probability per pair and bitRate,1,500.0Gbps,8,6, ,0.0,0.0,0.0,0.0,0.0
BitRate blocking probability per pair and bitRate,1,500.0Gbps,21,11, ,0.0,0.0,0.0,0.0,0.0
BitRate blocking probability per pair and bitRate,1,500.0Gbps,11,8, ,0.0,0.0,0.0,0.0,0.0
BitRate blocking probability per pair and bitRate,1,500.0Gbps,21,19, ,0.0,0.0,0.0,0.0,0.0
BitRate blocking probability per pair and bitRate,1,500.0Gbps,17,1, ,0.0,0.0,0.0,0.0,0.0
BitRate blocking probability per pair and bitRate,1,500.0Gbps,11,22, ,0.0,0.0,0.0,0.0,0.0
BitRate blocking probability per pair and bitRate,1,500.0Gbps,24,21, ,0.0,0.0,0.0,0.0,0.0
BitRate blocking probability per pair and bitRate,1,500.0Gbps,19,22, ,0.0,0.0,0.0,0.0,0.0
BitRate blocking probability per pair and bitRate,1,500.0Gbps,7,12, ,0.0,0.0,0.0,0.0,0.0
BitRate blocking probability per pair and bitRate,1,500.0Gbps,7,22, ,0.0,0.0,0.0,0.0,0.0
BitRate blocking probability per pair and bitRate,1,500.0Gbps,23,5, ,0.0,0.0,0.0,0.0,0.0
BitRate blocking probability per pair and bitRate,1,500.0Gbps,21,17, ,0.0,0.0,0.0,0.0,0.0
BitRate blocking probability per pair and bitRate,1,500.0Gbps,1,11, ,0.0,0.0,0.0,0.0,0.0
BitRate blocking probability per pair and bitRate,1,500.0Gbps,18,12, ,0.0,0.0,0.0,0.0,0.0
BitRate blocking probability per pair and bitRate,1,500.0Gbps,23,10, ,0.0,0.0,0.0,0.0,0.0
BitRate blocking probability per pair and bitRate,1,500.0Gbps,18,7, ,0.0,0.0,0.0,0.0,0.0
BitRate blocking probability per pair and bitRate,1,500.0Gbps,24,22, ,0.0,0.0,0.0,0.0,0.0
BitRate blocking probability per pair and bitRate,1,500.0Gbps,21,2, ,0.0,0.0,0.0,0.0,0.0
BitRate blocking probability per pair and bitRate,1,500.0Gbps,16,4, ,0.0,0.0,0.0,0.0,0.0
BitRate blocking probability per pair and bitRate,1,500.0Gbps,10,9, ,0.0,0.0,0.0,0.0,0.0
BitRate blocking probability per pair and bitRate,1,500.0Gbps,22,5, ,0.0,0.0,0.0,0.0,0.0
BitRate blocking probability per pair and bitRate,1,500.0Gbps,9,17, ,0.0,0.0,0.0,0.0,0.0
BitRate blocking probability per pair and bitRate,1,500.0Gbps,8,20, ,0.0,0.0,0.0,0.0,0.0
BitRate blocking probability per pair and bitRate,1,500.0Gbps,1,24, ,0.0,0.0,0.0,0.0,0.0
BitRate blocking probability per pair and bitRate,1,500.0Gbps,2,14, ,0.0,0.0,0.0,0.0,0.0
BitRate blocking probability per pair and bitRate,1,500.0Gbps,5,18, ,0.0,0.0,0.0,0.0,0.0
BitRate blocking probability per pair and bitRate,1,500.0Gbps,8,9, ,0.0,0.0,0.0,0.0,0.0
BitRate blocking probability per pair and bitRate,1,500.0Gbps,9,13, ,0.0,0.0,0.0,0.0,0.0
BitRate blocking probability per pair and bitRate,1,500.0Gbps,24,13, ,0.0,0.0,0.0,0.0,0.0
BitRate blocking probability per pair and bitRate,1,500.0Gbps,2,17, ,0.0,0.0,0.0,0.0,0.0
BitRate blocking probability per pair and bitRate,1,500.0Gbps,20,1, ,0.0,0.0,0.0,0.0,0.0
BitRate blocking probability per pair and bitRate,1,500.0Gbps,19,2, ,0.0,0.0,0.0,0.0,0.0
BitRate blocking probability per pair and bitRate,1,500.0Gbps,4,3, ,0.0,0.0,0.0,0.0,0.0
BitRate blocking probability per pair and bitRate,1,500.0Gbps,22,4, ,0.0,0.0,0.0,0.0,0.0
BitRate blocking probability per pair and bitRate,1,500.0Gbps,5,4, ,0.0,0.0,0.0,0.0,0.0
BitRate blocking probability per pair and bitRate,1,500.0Gbps,16,19, ,0.0,0.0,0.0,0.0,0.0
BitRate blocking probability per pair and bitRate,1,500.0Gbps,12,6, ,0.0,0.0,0.0,0.0,0.0
BitRate blocking probability per pair and bitRate,1,500.0Gbps,17,8, ,0.0,0.0,0.0,0.0,0.0
BitRate blocking probability per pair and bitRate,1,500.0Gbps,12,9, ,0.0,0.0,0.0,0.0,0.0
BitRate blocking probability per pair and bitRate,1,500.0Gbps,11,20, ,0.0,0.0,0.0,0.0,0.0
BitRate blocking probability per pair and bitRate,1,500.0Gbps,15,12, ,0.0,0.0,0.0,0.0,0.0
BitRate blocking probability per pair and bitRate,1,500.0Gbps,9,16, ,0.0,0.0,0.0,0.0,0.0
BitRate blocking probability per pair and bitRate,1,500.0Gbps,7,15, ,0.0,0.0,0.0,0.0,0.0
BitRate blocking probability per pair and bitRate,1,500.0Gbps,6,13, ,0.0,0.0,0.0,0.0,0.0
BitRate blocking probability per pair and bitRate,1,500.0Gbps,19,18, ,0.0,0.0,0.0,0.0,0.0
BitRate blocking probability per pair and bitRate,1,500.0Gbps,3,9, ,0.0,0.0,0.0,0.0,0.0
BitRate blocking probability per pair and bitRate,1,500.0Gbps,21,18, ,0.0,0.0,0.0,0.0,0.0
BitRate blocking probability per pair and bitRate,1,500.0Gbps,1,17, ,0.0,0.0,0.0,0.0,0.0
BitRate blocking probability per pair and bitRate,1,500.0Gbps,8,24, ,0.0,0.0,0.0,0.0,0.0
BitRate blocking probability per pair and bitRate,1,500.0Gbps,7,16, ,0.0,0.0,0.0,0.0,0.0
BitRate blocking probability per pair and bitRate,1,500.0Gbps,15,21, ,0.0,0.0,0.0,0.0,0.0
BitRate blocking probability per pair and bitRate,1,500.0Gbps,18,22, ,0.0,0.0,0.0,0.0,0.0
BitRate blocking probability per pair and bitRate,1,500.0Gbps,14,2, ,0.0,0.0,0.0,0.0,0.0
BitRate blocking probability per pair and bitRate,1,500.0Gbps,2,12, ,0.0,0.0,0.0,0.0,0.0
BitRate blocking probability per pair and bitRate,1,500.0Gbps,12,8, ,0.0,0.0,0.0,0.0,0.0
BitRate blocking probability per pair and bitRate,1,500.0Gbps,1,13, ,0.0,0.0,0.0,0.0,0.0
BitRate blocking probability per pair and bitRate,1,500.0Gbps,8,18, ,0.0,0.0,0.0,0.0,0.0
BitRate blocking probability per pair and bitRate,1,500.0Gbps,15,6, ,0.0,0.0,0.0,0.0,0.0
BitRate blocking probability per pair and bitRate,1,500.0Gbps,6,20, ,0.0,0.0,0.0,0.0,0.0
BitRate blocking probability per pair and bitRate,1,500.0Gbps,7,21, ,0.0,0.0,0.0,0.0,0.0
BitRate blocking probability per pair and bitRate,1,500.0Gbps,9,3, ,0.0,0.0,0.0,0.0,0.0
BitRate blocking probability per pair and bitRate,1,500.0Gbps,12,13, ,0.0,0.0,0.0,0.0,0.0
BitRate blocking probability per pair and bitRate,1,500.0Gbps,8,22, ,0.0,0.0,0.0,0.0,0.0
BitRate blocking probability per pair and bitRate,1,500.0Gbps,2,3, ,0.0,0.0,0.0,0.0,0.0
BitRate blocking probability per pair and bitRate,1,500.0Gbps,14,18, ,0.0,0.0,0.0,0.0,0.0
BitRate blocking probability per pair and bitRate,1,500.0Gbps,23,20, ,0.0,0.0,0.0,0.0,0.0
BitRate blocking probability per pair and bitRate,1,500.0Gbps,4,20, ,0.0,0.0,0.0,0.0,0.0
BitRate blocking probability per pair and bitRate,1,500.0Gbps,4,24, ,0.0,0.0,0.0,0.0,0.0
BitRate blocking probability per pair and bitRate,1,500.0Gbps,16,15, ,0.0,0.0,0.0,0.0,0.0
BitRate blocking probability per pair and bitRate,1,500.0Gbps,24,16, ,0.0,0.0,0.0,0.0,0.0
BitRate blocking probability per pair and bitRate,1,500.0Gbps,19,12, ,0.0,0.0,0.0,0.0,0.0
BitRate blocking probability per pair and bitRate,1,500.0Gbps,6,15, ,0.0,0.0,0.0,0.0,0.0
BitRate blocking probability per pair and bitRate,1,500.0Gbps,8,7, ,0.0,0.0,0.0,0.0,0.0
BitRate blocking probability per pair and bitRate,1,500.0Gbps,2,20, ,0.0,0.0,0.0,0.0,0.0
BitRate blocking probability per pair and bitRate,1,500.0Gbps,11,9, ,0.0,0.0,0.0,0.0,0.0
BitRate blocking probability per pair and bitRate,1,500.0Gbps,4,12, ,0.0,0.0,0.0,0.0,0.0
BitRate blocking probability per pair and bitRate,1,500.0Gbps,13,23, ,0.0,0.0,0.0,0.0,0.0
BitRate blocking probability per pair and bitRate,1,500.0Gbps,11,16, ,0.0,0.0,0.0,0.0,0.0
BitRate blocking probability per pair and bitRate,1,500.0Gbps,3,11, ,0.0,0.0,0.0,0.0,0.0
BitRate blocking probability per pair and bitRate,1,500.0Gbps,2,5, ,0.0,0.0,0.0,0.0,0.0
BitRate blocking probability per pair and bitRate,1,500.0Gbps,3,24, ,0.0,0.0,0.0,0.0,0.0
BitRate blocking probability per pair and bitRate,1,500.0Gbps,18,1, ,0.0,0.0,0.0,0.0,0.0
BitRate blocking probability per pair and bitRate,1,500.0Gbps,10,2, ,0.0,0.0,0.0,0.0,0.0
BitRate blocking probability per pair and bitRate,1,500.0Gbps,15,16, ,0.0,0.0,0.0,0.0,0.0
BitRate blocking probability per pair and bitRate,1,500.0Gbps,20,17, ,0.0,0.0,0.0,0.0,0.0
BitRate blocking probability per pair and bitRate,1,500.0Gbps,5,13, ,0.0,0.0,0.0,0.0,0.0
BitRate blocking probability per pair and bitRate,1,500.0Gbps,24,15, ,0.0,0.0,0.0,0.0,0.0
BitRate blocking probability per pair and bitRate,1,500.0Gbps,12,17, ,0.0,0.0,0.0,0.0,0.0
BitRate blocking probability per pair and bitRate,1,500.0Gbps,20,2, ,0.0,0.0,0.0,0.0,0.0
BitRate blocking probability per pair and bitRate,1,500.0Gbps,5,19, ,0.0,0.0,0.0,0.0,0.0
BitRate blocking probability per pair and bitRate,1,500.0Gbps,6,8, ,0.0,0.0,0.0,0.0,0.0
BitRate blocking probability per pair and bitRate,1,500.0Gbps,4,10, ,0.0,0.0,0.0,0.0,0.0
BitRate blocking probability per pair and bitRate,1,500.0Gbps,1,4, ,0.0,0.0,0.0,0.0,0.0
BitRate blocking probability per pair and bitRate,1,500.0Gbps,12,23, ,0.0,0.0,0.0,0.0,0.0
BitRate blocking probability per pair and bitRate,1,500.0Gbps,23,4, ,0.0,0.0,0.0,0.0,0.0
BitRate blocking probability per pair and bitRate,1,500.0Gbps,12,20, ,0.0,0.0,0.0,0.0,0.0
BitRate blocking probability per pair and bitRate,1,500.0Gbps,11,19, ,0.0,0.0,0.0,0.0,0.0
BitRate blocking probability per pair and bitRate,1,500.0Gbps,2,11, ,0.0,0.0,0.0,0.0,0.0
BitRate blocking probability per pair and bitRate,1,500.0Gbps,8,23, ,0.0,0.0,0.0,0.0,0.0
BitRate blocking probability per pair and bitRate,1,500.0Gbps,10,14, ,0.0,0.0,0.0,0.0,0.0
BitRate blocking probability per pair and bitRate,1,500.0Gbps,21,22, ,0.0,0.0,0.0,0.0,0.0
BitRate blocking probability per pair and bitRate,1,500.0Gbps,9,11, ,0.0,0.0,0.0,0.0,0.0
BitRate blocking probability per pair and bitRate,1,500.0Gbps,23,7, ,0.0,0.0,0.0,0.0,0.0
BitRate blocking probability per pair and bitRate,1,500.0Gbps,24,18, ,0.0,0.0,0.0,0.0,0.0
BitRate blocking probability per pair and bitRate,1,500.0Gbps,14,24, ,0.0,0.0,0.0,0.0,0.0
BitRate blocking probability per pair and bitRate,1,500.0Gbps,6,4, ,0.0,0.0,0.0,0.0,0.0
BitRate blocking probability per pair and bitRate,1,500.0Gbps,21,9, ,0.0,0.0,0.0,0.0,0.0
BitRate blocking probability per pair and bitRate,1,500.0Gbps,15,1, ,0.0,0.0,0.0,0.0,0.0
BitRate blocking probability per pair and bitRate,1,500.0Gbps,13,8, ,0.0,0.0,0.0,0.0,0.0
BitRate blocking probability per pair and bitRate,1,500.0Gbps,13,12, ,0.0,0.0,0.0,0.0,0.0
BitRate blocking probability per pair and bitRate,1,500.0Gbps,12,11, ,0.0,0.0,0.0,0.0,0.0
BitRate blocking probability per pair and bitRate,1,500.0Gbps,23,16, ,0.0,0.0,0.0,0.0,0.0
BitRate blocking probability per pair and bitRate,1,500.0Gbps,16,10, ,0.0,0.0,0.0,0.0,0.0
BitRate blocking probability per pair and bitRate,1,500.0Gbps,14,4, ,0.0,0.0,0.0,0.0,0.0
BitRate blocking probability per pair and bitRate,1,500.0Gbps,10,21, ,0.0,0.0,0.0,0.0,0.0
BitRate blocking probability per pair and bitRate,1,500.0Gbps,1,16, ,0.0,0.0,0.0,0.0,0.0
BitRate blocking probability per pair and bitRate,1,500.0Gbps,5,14, ,0.0,0.0,0.0,0.0,0.0
BitRate blocking probability per pair and bitRate,1,500.0Gbps,14,3, ,0.0,0.0,0.0,0.0,0.0
BitRate blocking probability per pair and bitRate,1,500.0Gbps,9,5, ,0.0,0.0,0.0,0.0,0.0
BitRate blocking probability per pair and bitRate,1,500.0Gbps,11,23, ,0.0,0.0,0.0,0.0,0.0
BitRate blocking probability per pair and bitRate,1,500.0Gbps,23,12, ,0.0,0.0,0.0,0.0,0.0
BitRate blocking probability per pair and bitRate,1,500.0Gbps,18,4, ,0.0,0.0,0.0,0.0,0.0
BitRate blocking probability per pair and bitRate,1,500.0Gbps,19,10, ,0.0,0.0,0.0,0.0,0.0
BitRate blocking probability per pair and bitRate,1,500.0Gbps,14,19, ,0.0,0.0,0.0,0.0,0.0
BitRate blocking probability per pair and bitRate,1,500.0Gbps,3,18, ,0.0,0.0,0.0,0.0,0.0
BitRate blocking probability per pair and bitRate,1,500.0Gbps,1,21, ,0.0,0.0,0.0,0.0,0.0
BitRate blocking probability per pair and bitRate,1,500.0Gbps,10,16, ,0.0,0.0,0.0,0.0,0.0
BitRate blocking probability per pair and bitRate,1,500.0Gbps,24,9, ,0.0,0.0,0.0,0.0,0.0
BitRate blocking probability per pair and bitRate,1,500.0Gbps,3,21, ,0.0,0.0,0.0,0.0,0.0
BitRate blocking probability per pair and bitRate,1,500.0Gbps,12,24, ,0.0,0.0,0.0,0.0,0.0
BitRate blocking probability per pair and bitRate,1,500.0Gbps,15,9, ,0.0,0.0,0.0,0.0,0.0
BitRate blocking probability per pair and bitRate,1,500.0Gbps,18,14, ,0.0,0.0,0.0,0.0,0.0
BitRate blocking probability per pair and bitRate,1,500.0Gbps,16,3, ,0.0,0.0,0.0,0.0,0.0
BitRate blocking probability per pair and bitRate,1,500.0Gbps,15,5, ,0.0,0.0,0.0,0.0,0.0
BitRate blocking probability per pair and bitRate,1,500.0Gbps,16,21, ,0.0,0.0,0.0,0.0,0.0
BitRate blocking probability per pair and bitRate,1,500.0Gbps,8,17, ,0.0,0.0,0.0,0.0,0.0
BitRate blocking probability per pair and bitRate,1,500.0Gbps,5,16, ,0.0,0.0,0.0,0.0,0.0
BitRate blocking probability per pair and bitRate,1,500.0Gbps,21,4, ,0.0,0.0,0.0,0.0,0.0
BitRate blocking probability per pair and bitRate,1,500.0Gbps,17,19, ,0.0,0.0,0.0,0.0,0.0
BitRate blocking probability per pair and bitRate,1,500.0Gbps,16,12, ,0.0,0.0,0.0,0.0,0.0
BitRate blocking probability per pair and bitRate,1,500.0Gbps,7,19, ,0.0,0.0,0.0,0.0,0.0
BitRate blocking probability per pair and bitRate,1,500.0Gbps,8,19, ,0.0,0.0,0.0,0.0,0.0
BitRate blocking probability per pair and bitRate,1,500.0Gbps,9,20, ,0.0,0.0,0.0,0.0,0.0
BitRate blocking probability per pair and bitRate,1,500.0Gbps,13,10, ,0.0,0.0,0.0,0.0,0.0
BitRate blocking probability per pair and bitRate,1,500.0Gbps,17,16, ,0.0,0.0,0.0,0.0,0.0
BitRate blocking probability per pair and bitRate,1,500.0Gbps,5,7, ,0.0,0.0,0.0,0.0,0.0
BitRate blocking probability per pair and bitRate,1,500.0Gbps,5,10, ,0.0,0.0,0.0,0.0,0.0
BitRate blocking probability per pair and bitRate,1,500.0Gbps,22,14, ,0.0,0.0,0.0,0.0,0.0
BitRate blocking probability per pair and bitRate,1,500.0Gbps,2,24, ,0.0,0.0,0.0,0.0,0.0
BitRate blocking probability per pair and bitRate,1,500.0Gbps,11,15, ,0.0,0.0,0.0,0.0,0.0
BitRate blocking probability per pair and bitRate,1,500.0Gbps,19,13, ,0.0,0.0,0.0,0.0,0.0
BitRate blocking probability per pair and bitRate,1,500.0Gbps,9,14, ,0.0,0.0,0.0,0.0,0.0
BitRate blocking probability per pair and bitRate,1,500.0Gbps,13,20, ,0.0,0.0,0.0,0.0,0.0
BitRate blocking probability per pair and bitRate,1,500.0Gbps,20,15, ,0.0,0.0,0.0,0.0,0.0
BitRate blocking probability per pair and bitRate,1,500.0Gbps,1,9, ,0.0,0.0,0.0,0.0,0.0
BitRate blocking probability per pair and bitRate,1,500.0Gbps,4,16, ,0.0,0.0,0.0,0.0,0.0
BitRate blocking probability per pair and bitRate,1,500.0Gbps,21,20, ,0.0,0.0,0.0,0.0,0.0
BitRate blocking probability per pair and bitRate,1,500.0Gbps,6,18, ,0.0,0.0,0.0,0.0,0.0
BitRate blocking probability per pair and bitRate,1,500.0Gbps,3,20, ,0.0,0.0,0.0,0.0,0.0
BitRate blocking probability per pair and bitRate,1,500.0Gbps,21,10, ,0.0,0.0,0.0,0.0,0.0
BitRate blocking probability per pair and bitRate,1,500.0Gbps,2,19, ,0.0,0.0,0.0,0.0,0.0
BitRate blocking probability per pair and bitRate,1,500.0Gbps,7,17, ,0.0,0.0,0.0,0.0,0.0
BitRate blocking probability per pair and bitRate,1,500.0Gbps,14,5, ,0.0,0.0,0.0,0.0,0.0
BitRate blocking probability per pair and bitRate,1,500.0Gbps,7,13, ,0.0,0.0,0.0,0.0,0.0
BitRate blocking probability per pair and bitRate,1,500.0Gbps,5,15, ,0.0,0.0,0.0,0.0,0.0
BitRate blocking probability per pair and bitRate,1,500.0Gbps,18,8, ,0.0,0.0,0.0,0.0,0.0
BitRate blocking probability per pair and bitRate,1,500.0Gbps,19,17, ,0.0,0.0,0.0,0.0,0.0
BitRate blocking probability per pair and bitRate,1,500.0Gbps,19,21, ,0.0,0.0,0.0,0.0,0.0
BitRate blocking probability per pair and bitRate,1,500.0Gbps,19,3, ,0.0,0.0,0.0,0.0,0.0
BitRate blocking probability per pair and bitRate,1,500.0Gbps,13,19, ,0.0,0.0,0.0,0.0,0.0
BitRate blocking probability per pair and bitRate,1,500.0Gbps,12,18, ,0.0,0.0,0.0,0.0,0.0
BitRate blocking probability per pair and bitRate,1,500.0Gbps,13,3, ,0.0,0.0,0.0,0.0,0.0
BitRate blocking probability per pair and bitRate,1,500.0Gbps,7,18, ,0.0,0.0,0.0,0.0,0.0
BitRate blocking probability per pair and bitRate,1,500.0Gbps,17,12, ,0.0,0.0,0.0,0.0,0.0
BitRate blocking probability per pair and bitRate,1,500.0Gbps,13,9, ,0.0,0.0,0.0,0.0,0.0
BitRate blocking probability per pair and bitRate,1,500.0Gbps,6,22, ,0.0,0.0,0.0,0.0,0.0
BitRate blocking probability per pair and bitRate,1,500.0Gbps,1,15, ,0.0,0.0,0.0,0.0,0.0
BitRate blocking probability per pair and bitRate,1,500.0Gbps,3,19, ,0.0,0.0,0.0,0.0,0.0
BitRate blocking probability per pair and bitRate,1,500.0Gbps,12,4, ,0.0,0.0,0.0,0.0,0.0
BitRate blocking probability per pair and bitRate,1,500.0Gbps,16,24, ,0.0,0.0,0.0,0.0,0.0
BitRate blocking probability per pair and bitRate,1,500.0Gbps,6,10, ,0.0,0.0,0.0,0.0,0.0
BitRate blocking probability per pair and bitRate,1,500.0Gbps,2,18, ,0.0,0.0,0.0,0.0,0.0
BitRate blocking probability per pair and bitRate,1,500.0Gbps,18,21, ,0.0,0.0,0.0,0.0,0.0
BitRate blocking probability per pair and bitRate,1,500.0Gbps,18,3, ,0.0,0.0,0.0,0.0,0.0
BitRate blocking probability per pair and bitRate,1,500.0Gbps,15,18, ,0.0,0.0,0.0,0.0,0.0
BitRate blocking probability per pair and bitRate,1,500.0Gbps,4,14, ,0.0,0.0,0.0,0.0,0.0
BitRate blocking probability per pair and bitRate,1,500.0Gbps,7,20, ,0.0,0.0,0.0,0.0,0.0
BitRate blocking probability per pair and bitRate,1,500.0Gbps,13,15, ,0.0,0.0,0.0,0.0,0.0
BitRate blocking probability per pair and bitRate,1,500.0Gbps,13,21, ,0.0,0.0,0.0,0.0,0.0
BitRate blocking probability per pair and bitRate,1,500.0Gbps,15,14, ,0.0,0.0,0.0,0.0,0.0
BitRate blocking probability per pair and bitRate,1,500.0Gbps,3,15, ,0.0,0.0,0.0,0.0,0.0
BitRate blocking probability per pair and bitRate,1,500.0Gbps,18,5, ,0.0,0.0,0.0,0.0,0.0
BitRate blocking probability per pair and bitRate,1,500.0Gbps,12,1, ,0.0,0.0,0.0,0.0,0.0
BitRate blocking probability per pair and bitRate,1,500.0Gbps,6,7, ,0.0,0.0,0.0,0.0,0.0
BitRate blocking probability per pair and bitRate,1,500.0Gbps,24,3, ,0.0,0.0,0.0,0.0,0.0
BitRate blocking probability per pair and bitRate,1,500.0Gbps,19,5, ,0.0,0.0,0.0,0.0,0.0
BitRate blocking probability per pair and bitRate,1,500.0Gbps,20,19, ,0.0,0.0,0.0,0.0,0.0
BitRate blocking probability per pair and bitRate,1,500.0Gbps,5,17, ,0.0,0.0,0.0,0.0,0.0
BitRate blocking probability per pair and bitRate,1,500.0Gbps,20,12, ,0.0,0.0,0.0,0.0,0.0
BitRate blocking probability per pair and bitRate,1,500.0Gbps,4,22, ,0.0,0.0,0.0,0.0,0.0
BitRate blocking probability per pair and bitRate,1,500.0Gbps,7,8, ,0.0,0.0,0.0,0.0,0.0
BitRate blocking probability per pair and bitRate,1,500.0Gbps,14,1, ,0.0,0.0,0.0,0.0,0.0
BitRate blocking probability per pair and bitRate,1,500.0Gbps,20,21, ,0.0,0.0,0.0,0.0,0.0
BitRate blocking probability per pair and bitRate,1,500.0Gbps,1,6, ,0.0,0.0,0.0,0.0,0.0
BitRate blocking probability per pair and bitRate,1,500.0Gbps,13,2, ,0.0,0.0,0.0,0.0,0.0
BitRate blocking probability per pair and bitRate,1,500.0Gbps,14,20, ,0.0,0.0,0.0,0.0,0.0
BitRate blocking probability per pair and bitRate,1,500.0Gbps,16,20, ,0.0,0.0,0.0,0.0,0.0
BitRate blocking probability per pair and bitRate,1,500.0Gbps,18,15, ,0.0,0.0,0.0,0.0,0.0
BitRate blocking probability per pair and bitRate,1,500.0Gbps,6,2, ,0.0,0.0,0.0,0.0,0.0
BitRate blocking probability per pair and bitRate,1,500.0Gbps,9,15, ,0.0,0.0,0.0,0.0,0.0
BitRate blocking probability per pair and bitRate,1,500.0Gbps,15,17, ,0.0,0.0,0.0,0.0,0.0
BitRate blocking probability per pair and bitRate,1,500.0Gbps,18,2, ,0.0,0.0,0.0,0.0,0.0
BitRate blocking probability per pair and bitRate,1,500.0Gbps,15,24, ,0.0,0.0,0.0,0.0,0.0
BitRate blocking probability per pair and bitRate,1,500.0Gbps,7,10, ,0.0,0.0,0.0,0.0,0.0
BitRate blocking probability per pair and bitRate,1,500.0Gbps,14,21, ,0.0,0.0,0.0,0.0,0.0
BitRate blocking probability per pair and bitRate,1,500.0Gbps,23,15, ,0.0,0.0,0.0,0.0,0.0
BitRate blocking probability per pair and bitRate,1,500.0Gbps,11,1, ,0.0,0.0,0.0,0.0,0.0
BitRate blocking probability per pair and bitRate,1,500.0Gbps,19,20, ,0.0,0.0,0.0,0.0,0.0
BitRate blocking probability per pair and bitRate,1,500.0Gbps,1,8, ,0.0,0.0,0.0,0.0,0.0
BitRate blocking probability per pair and bitRate,1,500.0Gbps,16,1, ,0.0,0.0,0.0,0.0,0.0
BitRate blocking probability per pair and bitRate,1,500.0Gbps,24,5, ,0.0,0.0,0.0,0.0,0.0
BitRate blocking probability per pair and bitRate,1,500.0Gbps,2,4, ,0.0,0.0,0.0,0.0,0.0
BitRate blocking probability per pair and bitRate,1,500.0Gbps,10,5, ,0.0,0.0,0.0,0.0,0.0
BitRate blocking probability per pair and bitRate,1,500.0Gbps,21,7, ,0.0,0.0,0.0,0.0,0.0
BitRate blocking probability per pair and bitRate,1,500.0Gbps,23,11, ,0.0,0.0,0.0,0.0,0.0
BitRate blocking probability per pair and bitRate,1,500.0Gbps,19,6, ,0.0,0.0,0.0,0.0,0.0
BitRate blocking probability per pair and bitRate,1,500.0Gbps,10,17, ,0.0,0.0,0.0,0.0,0.0
BitRate blocking probability per pair and bitRate,1,500.0Gbps,3,8, ,0.0,0.0,0.0,0.0,0.0
BitRate blocking probability per pair and bitRate,1,500.0Gbps,3,23, ,0.0,0.0,0.0,0.0,0.0
BitRate blocking probability per pair and bitRate,1,500.0Gbps,17,9, ,0.0,0.0,0.0,0.0,0.0
BitRate blocking probability per pair and bitRate,1,500.0Gbps,9,18, ,0.0,0.0,0.0,0.0,0.0
BitRate blocking probability per pair and bitRate,1,500.0Gbps,1,3, ,0.0,0.0,0.0,0.0,0.0
BitRate blocking probability per pair and bitRate,1,500.0Gbps,10,20, ,0.0,0.0,0.0,0.0,0.0
BitRate blocking probability per pair and bitRate,1,500.0Gbps,21,6, ,0.0,0.0,0.0,0.0,0.0
BitRate blocking probability per pair and bitRate,1,500.0Gbps,8,5, ,0.0,0.0,0.0,0.0,0.0
BitRate blocking probability per pair and bitRate,1,500.0Gbps,9,8, ,0.0,0.0,0.0,0.0,0.0
BitRate blocking probability per pair and bitRate,1,500.0Gbps,24,4, ,0.0,0.0,0.0,0.0,0.0
BitRate blocking probability per pair and bitRate,1,500.0Gbps,1,12, ,0.0,0.0,0.0,0.0,0.0
BitRate blocking probability per pair and bitRate,1,500.0Gbps,11,5, ,0.0,0.0,0.0,0.0,0.0
BitRate blocking probability per pair and bitRate,1,500.0Gbps,22,7, ,0.0,0.0,0.0,0.0,0.0
BitRate blocking probability per pair and bitRate,1,500.0Gbps,22,8, ,0.0,0.0,0.0,0.0,0.0
BitRate blocking probability per pair and bitRate,1,500.0Gbps,20,22, ,0.0,0.0,0.0,0.0,0.0
BitRate blocking probability per pair and bitRate,1,500.0Gbps,13,24, ,0.0,0.0,0.0,0.0,0.0
BitRate blocking probability per pair and bitRate,1,500.0Gbps,1,7, ,0.0,0.0,0.0,0.0,0.0
BitRate blocking probability per pair and bitRate,1,500.0Gbps,17,20, ,0.0,0.0,0.0,0.0,0.0
BitRate blocking probability per pair and bitRate,1,500.0Gbps,16,18, ,0.0,0.0,0.0,0.0,0.0
BitRate blocking probability per pair and bitRate,1,500.0Gbps,16,8, ,0.0,0.0,0.0,0.0,0.0
BitRate blocking probability per pair and bitRate,1,500.0Gbps,12,15, ,0.0,0.0,0.0,0.0,0.0
BitRate blocking probability per pair and bitRate,1,500.0Gbps,17,5, ,0.0,0.0,0.0,0.0,0.0
BitRate blocking probability per pair and bitRate,1,500.0Gbps,23,14, ,0.0,0.0,0.0,0.0,0.0
BitRate blocking probability per pair and bitRate,1,500.0Gbps,1,19, ,0.0,0.0,0.0,0.0,0.0
BitRate blocking probability per pair and bitRate,1,500.0Gbps,17,7, ,0.0,0.0,0.0,0.0,0.0
BitRate blocking probability per pair and bitRate,1,500.0Gbps,18,9, ,0.0,0.0,0.0,0.0,0.0
BitRate blocking probability per pair and bitRate,1,500.0Gbps,18,23, ,0.0,0.0,0.0,0.0,0.0
BitRate blocking probability per pair and bitRate,1,500.0Gbps,13,22, ,0.0,0.0,0.0,0.0,0.0
BitRate blocking probability per pair and bitRate,1,500.0Gbps,7,6, ,0.0,0.0,0.0,0.0,0.0
BitRate blocking probability per pair and bitRate,1,500.0Gbps,9,23, ,0.0,0.0,0.0,0.0,0.0
BitRate blocking probability per pair and bitRate,1,500.0Gbps,13,6, ,0.0,0.0,0.0,0.0,0.0
BitRate blocking probability per pair and bitRate,1,500.0Gbps,15,8, ,0.0,0.0,0.0,0.0,0.0
BitRate blocking probability per pair and bitRate,1,500.0Gbps,13,14, ,0.0,0.0,0.0,0.0,0.0
BitRate blocking probability per pair and bitRate,1,500.0Gbps,20,3, ,0.0,0.0,0.0,0.0,0.0
BitRate blocking probability per pair and bitRate,1,500.0Gbps,21,16, ,0.0,0.0,0.0,0.0,0.0
BitRate blocking probability per pair and bitRate,1,500.0Gbps,3,16, ,0.0,0.0,0.0,0.0,0.0
BitRate blocking probability per pair and bitRate,1,500.0Gbps,22,13, ,0.0,0.0,0.0,0.0,0.0
BitRate blocking probability per pair and bitRate,1,500.0Gbps,3,14, ,0.0,0.0,0.0,0.0,0.0
BitRate blocking probability per pair and bitRate,1,500.0Gbps,3,7, ,0.0,0.0,0.0,0.0,0.0
BitRate blocking probability per pair and bitRate,1,500.0Gbps,10,22, ,0.0,0.0,0.0,0.0,0.0
BitRate blocking probability per pair and bitRate,1,500.0Gbps,8,10, ,0.0,0.0,0.0,0.0,0.0
BitRate blocking probability per pair and bitRate,1,500.0Gbps,22,6, ,0.0,0.0,0.0,0.0,0.0
BitRate blocking probability per pair and bitRate,1,500.0Gbps,5,2, ,0.0,0.0,0.0,0.0,0.0
BitRate blocking probability per pair and bitRate,1,500.0Gbps,13,5, ,0.0,0.0,0.0,0.0,0.0
BitRate blocking probability per pair and bitRate,1,500.0Gbps,23,8, ,0.0,0.0,0.0,0.0,0.0
BitRate blocking probability per pair and bitRate,1,500.0Gbps,13,11, ,0.0,0.0,0.0,0.0,0.0
BitRate blocking probability per pair and bitRate,1,500.0Gbps,13,7, ,0.0,0.0,0.0,0.0,0.0
BitRate blocking probability per pair and bitRate,1,500.0Gbps,3,13, ,0.0,0.0,0.0,0.0,0.0
BitRate blocking probability per pair and bitRate,1,500.0Gbps,10,12, ,0.0,0.0,0.0,0.0,0.0
BitRate blocking probability per pair and bitRate,1,500.0Gbps,24,11, ,0.0,0.0,0.0,0.0,0.0
BitRate blocking probability per pair and bitRate,1,500.0Gbps,9,7, ,0.0,0.0,0.0,0.0,0.0
BitRate blocking probability per pair and bitRate,1,500.0Gbps,24,12, ,0.0,0.0,0.0,0.0,0.0
BitRate blocking probability per pair and bitRate,1,500.0Gbps,15,3, ,0.0,0.0,0.0,0.0,0.0
BitRate blocking probability per pair and bitRate,1,500.0Gbps,22,11, ,0.0,0.0,0.0,0.0,0.0
BitRate blocking probability per pair and bitRate,1,500.0Gbps,18,19, ,0.0,0.0,0.0,0.0,0.0
BitRate blocking probability per pair and bitRate,1,500.0Gbps,16,7, ,0.0,0.0,0.0,0.0,0.0
BitRate blocking probability per pair and bitRate,1,500.0Gbps,5,24, ,0.0,0.0,0.0,0.0,0.0
BitRate blocking probability per pair and bitRate,1,500.0Gbps,10,19, ,0.0,0.0,0.0,0.0,0.0
BitRate blocking probability per pair and bitRate,1,500.0Gbps,23,13, ,0.0,0.0,0.0,0.0,0.0
BitRate blocking probability per pair and bitRate,1,500.0Gbps,12,3, ,0.0,0.0,0.0,0.0,0.0
BitRate blocking probability per pair and bitRate,1,500.0Gbps,9,10, ,0.0,0.0,0.0,0.0,0.0
BitRate blocking probability per pair and bitRate,1,500.0Gbps,4,18, ,0.0,0.0,0.0,0.0,0.0
BitRate blocking probability per pair and bitRate,1,500.0Gbps,4,19, ,0.0,0.0,0.0,0.0,0.0
BitRate blocking probability per pair and bitRate,1,500.0Gbps,17,15, ,0.0,0.0,0.0,0.0,0.0
BitRate blocking probability per pair and bitRate,1,500.0Gbps,2,22, ,0.0,0.0,0.0,0.0,0.0
BitRate blocking probability per pair and bitRate,1,500.0Gbps,11,17, ,0.0,0.0,0.0,0.0,0.0
BitRate blocking probability per pair and bitRate,1,500.0Gbps,18,13, ,0.0,0.0,0.0,0.0,0.0
BitRate blocking probability per pair and bitRate,1,500.0Gbps,24,10, ,0.0,0.0,0.0,0.0,0.0
BitRate blocking probability per pair and bitRate,1,500.0Gbps,11,13, ,0.0,0.0,0.0,0.0,0.0
BitRate blocking probability per pair and bitRate,1,500.0Gbps,12,22, ,0.0,0.0,0.0,0.0,0.0
BitRate blocking probability per pair and bitRate,1,500.0Gbps,20,23, ,0.0,0.0,0.0,0.0,0.0
BitRate blocking probability per pair and bitRate,1,500.0Gbps,4,7, ,0.0,0.0,0.0,0.0,0.0
BitRate blocking probability per pair and bitRate,1,500.0Gbps,9,12, ,0.0,0.0,0.0,0.0,0.0
BitRate blocking probability per pair and bitRate,1,500.0Gbps,4,13, ,0.0,0.0,0.0,0.0,0.0
BitRate blocking probability per pair and bitRate,1,500.0Gbps,20,13, ,0.0,0.0,0.0,0.0,0.0
BitRate blocking probability per pair and bitRate,1,500.0Gbps,10,3, ,0.0,0.0,0.0,0.0,0.0
BitRate blocking probability per pair and bitRate,1,500.0Gbps,21,3, ,0.0,0.0,0.0,0.0,0.0
BitRate blocking probability per pair and bitRate,1,500.0Gbps,7,9, ,0.0,0.0,0.0,0.0,0.0
BitRate blocking probability per pair and bitRate,1,500.0Gbps,12,19, ,0.0,0.0,0.0,0.0,0.0
BitRate blocking probability per pair and bitRate,1,500.0Gbps,19,16, ,0.0,0.0,0.0,0.0,0.0
BitRate blocking probability per pair and bitRate,1,500.0Gbps,20,11, ,0.0,0.0,0.0,0.0,0.0
BitRate blocking probability per pair and bitRate,1,500.0Gbps,22,9, ,0.0,0.0,0.0,0.0,0.0
BitRate blocking probability per pair and bitRate,1,500.0Gbps,7,11, ,0.0,0.0,0.0,0.0,0.0
BitRate blocking probability per pair and bitRate,1,500.0Gbps,6,1, ,0.0,0.0,0.0,0.0,0.0
BitRate blocking probability per pair and bitRate,1,500.0Gbps,6,14, ,0.0,0.0,0.0,0.0,0.0
BitRate blocking probability per pair and bitRate,1,500.0Gbps,21,1, ,0.0,0.0,0.0,0.0,0.0
BitRate blocking probability per pair and bitRate,1,500.0Gbps,4,23, ,0.0,0.0,0.0,0.0,0.0
BitRate blocking probability per pair and bitRate,1,500.0Gbps,1,5, ,0.0,0.0,0.0,0.0,0.0
BitRate blocking probability per pair and bitRate,1,500.0Gbps,3,22, ,0.0,0.0,0.0,0.0,0.0
BitRate blocking probability per pair and bitRate,1,500.0Gbps,5,23, ,0.0,0.0,0.0,0.0,0.0
BitRate blocking probability per pair and bitRate,1,500.0Gbps,14,9, ,0.0,0.0,0.0,0.0,0.0
BitRate blocking probability per pair and bitRate,1,500.0Gbps,23,6, ,0.0,0.0,0.0,0.0,0.0
BitRate blocking probability per pair and bitRate,1,500.0Gbps,6,19, ,0.0,0.0,0.0,0.0,0.0
BitRate blocking probability per pair and bitRate,1,500.0Gbps,14,13, ,0.0,0.0,0.0,0.0,0.0
BitRate blocking probability per pair and bitRate,1,500.0Gbps,14,11, ,0.0,0.0,0.0,0.0,0.0
BitRate blocking probability per pair and bitRate,1,500.0Gbps,12,21, ,0.0,0.0,0.0,0.0,0.0
BitRate blocking probability per pair and bitRate,1,500.0Gbps,2,8, ,0.0,0.0,0.0,0.0,0.0
BitRate blocking probability per pair and bitRate,1,500.0Gbps,16,13, ,0.0,0.0,0.0,0.0,0.0
BitRate blocking probability per pair and bitRate,1,500.0Gbps,20,18, ,0.0,0.0,0.0,0.0,0.0
BitRate blocking probability per pair and bitRate,1,500.0Gbps,6,9, ,0.0,0.0,0.0,0.0,0.0
BitRate blocking probability per pair and bitRate,1,500.0Gbps,6,23, ,0.0,0.0,0.0,0.0,0.0
BitRate blocking probability per pair and bitRate,1,500.0Gbps,10,4, ,0.0,0.0,0.0,0.0,0.0
BitRate blocking probability per pair and bitRate,1,500.0Gbps,17,23, ,0.0,0.0,0.0,0.0,0.0
BitRate blocking probability per pair and bitRate,1,500.0Gbps,17,18, ,0.0,0.0,0.0,0.0,0.0
BitRate blocking probability per pair and bitRate,1,500.0Gbps,14,12, ,0.0,0.0,0.0,0.0,0.0
BitRate blocking probability per pair and bitRate,1,500.0Gbps,14,17, ,0.0,0.0,0.0,0.0,0.0
BitRate blocking probability per pair and bitRate,1,500.0Gbps,19,7, ,0.0,0.0,0.0,0.0,0.0
BitRate blocking probability per pair and bitRate,1,500.0Gbps,7,24, ,0.0,0.0,0.0,0.0,0.0
BitRate blocking probability per pair and bitRate,1,500.0Gbps,11,18, ,0.0,0.0,0.0,0.0,0.0
BitRate blocking probability per pair and bitRate,1,500.0Gbps,11,10, ,0.0,0.0,0.0,0.0,0.0
BitRate blocking probability per pair and bitRate,1,500.0Gbps,14,22, ,0.0,0.0,0.0,0.0,0.0
BitRate blocking probability per pair and bitRate,1,500.0Gbps,4,9, ,0.0,0.0,0.0,0.0,0.0
BitRate blocking probability per pair and bitRate,1,500.0Gbps,22,21, ,0.0,0.0,0.0,0.0,0.0
BitRate blocking probability per pair and bitRate,1,500.0Gbps,22,24, ,0.0,0.0,0.0,0.0,0.0
BitRate blocking probability per pair and bitRate,1,500.0Gbps,8,15, ,0.0,0.0,0.0,0.0,0.0
BitRate blocking probability per pair and bitRate,1,500.0Gbps,12,5, ,0.0,0.0,0.0,0.0,0.0
BitRate blocking probability per pair and bitRate,1,500.0Gbps,7,23, ,0.0,0.0,0.0,0.0,0.0
BitRate blocking probability per pair and bitRate,1,500.0Gbps,24,14, ,0.0,0.0,0.0,0.0,0.0
BitRate blocking probability per pair and bitRate,1,500.0Gbps,1,2, ,0.0,0.0,0.0,0.0,0.0
BitRate blocking probability per pair and bitRate,1,500.0Gbps,15,22, ,0.0,0.0,0.0,0.0,0.0
BitRate blocking probability per pair and bitRate,1,500.0Gbps,19,14, ,0.0,0.0,0.0,0.0,0.0
BitRate blocking probability per pair and bitRate,1,500.0Gbps,21,23, ,0.0,0.0,0.0,0.0,0.0
BitRate blocking probability per pair and bitRate,1,500.0Gbps,8,1, ,0.0,0.0,0.0,0.0,0.0
BitRate blocking probability per pair and bitRate,1,500.0Gbps,18,10, ,0.0,0.0,0.0,0.0,0.0
BitRate blocking probability per pair and bitRate,1,500.0Gbps,17,3, ,0.0,0.0,0.0,0.0,0.0
BitRate blocking probability per pair and bitRate,1,500.0Gbps,5,9, ,0.0,0.0,0.0,0.0,0.0
BitRate blocking probability per pair and bitRate,1,500.0Gbps,19,8, ,0.0,0.0,0.0,0.0,0.0
BitRate blocking probability per pair and bitRate,1,500.0Gbps,4,21, ,0.0,0.0,0.0,0.0,0.0
BitRate blocking probability per pair and bitRate,1,500.0Gbps,8,16, ,0.0,0.0,0.0,0.0,0.0
BitRate blocking probability per pair and bitRate,1,500.0Gbps,5,12, ,0.0,0.0,0.0,0.0,0.0
BitRate blocking probability per pair and bitRate,1,500.0Gbps,6,16, ,0.0,0.0,0.0,0.0,0.0
BitRate blocking probability per pair and bitRate,1,500.0Gbps,20,10, ,0.0,0.0,0.0,0.0,0.0
BitRate blocking probability per pair and bitRate,1,500.0Gbps,2,15, ,0.0,0.0,0.0,0.0,0.0
BitRate blocking probability per pair and bitRate,1,500.0Gbps,20,6, ,0.0,0.0,0.0,0.0,0.0
BitRate blocking probability per pair and bitRate,1,500.0Gbps,21,13, ,0.0,0.0,0.0,0.0,0.0
BitRate blocking probability per pair and bitRate,1,500.0Gbps,6,21, ,0.0,0.0,0.0,0.0,0.0
BitRate blocking probability per pair and bitRate,1,500.0Gbps,18,16, ,0.0,0.0,0.0,0.0,0.0
BitRate blocking probability per pair and bitRate,1,500.0Gbps,5,21, ,0.0,0.0,0.0,0.0,0.0
BitRate blocking probability per pair and bitRate,1,500.0Gbps,15,11, ,0.0,0.0,0.0,0.0,0.0
BitRate blocking probability per pair and bitRate,1,500.0Gbps,8,12, ,0.0,0.0,0.0,0.0,0.0
BitRate blocking probability per pair and bitRate,1,500.0Gbps,19,1, ,0.0,0.0,0.0,0.0,0.0
BitRate blocking probability per pair and bitRate,1,500.0Gbps,21,14, ,0.0,0.0,0.0,0.0,0.0
BitRate blocking probability per pair and bitRate,1,500.0Gbps,2,13, ,0.0,0.0,0.0,0.0,0.0
BitRate blocking probability per pair and bitRate,1,500.0Gbps,17,6, ,0.0,0.0,0.0,0.0,0.0
BitRate blocking probability per pair and bitRate,1,500.0Gbps,24,1, ,0.0,0.0,0.0,0.0,0.0
BitRate blocking probability per pair and bitRate,1,500.0Gbps,8,3, ,0.0,0.0,0.0,0.0,0.0
BitRate blocking probability per pair and bitRate,1,500.0Gbps,1,22, ,0.0,0.0,0.0,0.0,0.0
BitRate blocking probability per pair and bitRate,1,500.0Gbps,23,3, ,0.0,0.0,0.0,0.0,0.0
BitRate blocking probability per pair and bitRate,1,500.0Gbps,2,1, ,0.0,0.0,0.0,0.0,0.0
BitRate blocking probability per pair and bitRate,1,500.0Gbps,15,23, ,0.0,0.0,0.0,0.0,0.0
BitRate blocking probability per pair and bitRate,1,500.0Gbps,19,15, ,0.0,0.0,0.0,0.0,0.0
BitRate blocking probability per pair and bitRate,1,500.0Gbps,2,23, ,0.0,0.0,0.0,0.0,0.0
BitRate blocking probability per pair and bitRate,1,500.0Gbps,13,17, ,0.0,0.0,0.0,0.0,0.0
BitRate blocking probability per pair and bitRate,1,500.0Gbps,1,10, ,0.0,0.0,0.0,0.0,0.0
BitRate blocking probability per pair and bitRate,1,500.0Gbps,5,22, ,0.0,0.0,0.0,0.0,0.0
BitRate blocking probability per pair and bitRate,1,500.0Gbps,18,24, ,0.0,0.0,0.0,0.0,0.0
BitRate blocking probability per pair and bitRate,1,500.0Gbps,19,23, ,0.0,0.0,0.0,0.0,0.0
BitRate blocking probability per pair and bitRate,1,500.0Gbps,20,8, ,0.0,0.0,0.0,0.0,0.0
BitRate blocking probability per pair and bitRate,1,500.0Gbps,10,6, ,0.0,0.0,0.0,0.0,0.0
BitRate blocking probability per pair and bitRate,1,500.0Gbps,2,6, ,0.0,0.0,0.0,0.0,0.0
BitRate blocking probability per pair and bitRate,1,500.0Gbps,16,14, ,0.0,0.0,0.0,0.0,0.0
BitRate blocking probability per pair and bitRate,1,500.0Gbps,24,19, ,0.0,0.0,0.0,0.0,0.0
BitRate blocking probability per pair and bitRate,1,500.0Gbps,23,19, ,0.0,0.0,0.0,0.0,0.0
BitRate blocking probability per pair and bitRate,1,500.0Gbps,12,2, ,0.0,0.0,0.0,0.0,0.0
BitRate blocking probability per pair and bitRate,1,500.0Gbps,23,1, ,0.0,0.0,0.0,0.0,0.0
BitRate blocking probability per pair and bitRate,1,500.0Gbps,15,7, ,0.0,0.0,0.0,0.0,0.0
BitRate blocking probability per pair and bitRate,1,500.0Gbps,22,12, ,0.0,0.0,0.0,0.0,0.0
BitRate blocking probability per pair and bitRate,1,500.0Gbps,3,6, ,0.0,0.0,0.0,0.0,0.0
BitRate blocking probability per pair and bitRate,1,500.0Gbps,4,2, ,0.0,0.0,0.0,0.0,0.0
BitRate blocking probability per pair and bitRate,1,500.0Gbps,13,1, ,0.0,0.0,0.0,0.0,0.0
BitRate blocking probability per pair and bitRate,1,500.0Gbps,6,5, ,0.0,0.0,0.0,0.0,0.0
BitRate blocking probability per pair and bitRate,1,500.0Gbps,16,22, ,0.0,0.0,0.0,0.0,0.0
BitRate blocking probability per pair and bitRate,1,500.0Gbps,7,5, ,0.0,0.0,0.0,0.0,0.0
BitRate blocking probability per pair and bitRate,1,500.0Gbps,6,24, ,0.0,0.0,0.0,0.0,0.0
BitRate blocking probability per pair and bitRate,1,500.0Gbps,18,17, ,0.0,0.0,0.0,0.0,0.0
BitRate blocking probability per pair and bitRate,1,500.0Gbps,22,3, ,0.0,0.0,0.0,0.0,0.0
BitRate blocking probability per pair and bitRate,1,500.0Gbps,13,4, ,0.0,0.0,0.0,0.0,0.0
BitRate blocking probability per pair and bitRate,1,500.0Gbps,16,5, ,0.0,0.0,0.0,0.0,0.0
BitRate blocking probability per pair and bitRate,1,500.0Gbps,18,11, ,0.0,0.0,0.0,0.0,0.0
BitRate blocking probability per pair and bitRate,1,500.0Gbps,6,11, ,0.0,0.0,0.0,0.0,0.0
BitRate blocking probability per pair and bitRate,1,500.0Gbps,17,13, ,0.0,0.0,0.0,0.0,0.0
BitRate blocking probability per pair and bitRate,1,500.0Gbps,7,3, ,0.0,0.0,0.0,0.0,0.0
BitRate blocking probability per pair and bitRate,1,500.0Gbps,22,23, ,0.0,0.0,0.0,0.0,0.0
BitRate blocking probability per pair and bitRate,1,500.0Gbps,10,13, ,0.0,0.0,0.0,0.0,0.0
BitRate blocking probability per pair and bitRate,1,500.0Gbps,14,7, ,0.0,0.0,0.0,0.0,0.0
BitRate blocking probability per pair and bitRate,1,500.0Gbps,20,16, ,0.0,0.0,0.0,0.0,0.0
BitRate blocking probability per pair and bitRate,1,500.0Gbps,14,8, ,0.0,0.0,0.0,0.0,0.0
BitRate blocking probability per pair and bitRate,1,500.0Gbps,7,4, ,0.0,0.0,0.0,0.0,0.0
BitRate blocking probability per pair and bitRate,1,500.0Gbps,8,14, ,0.0,0.0,0.0,0.0,0.0
BitRate blocking probability per pair and bitRate,1,500.0Gbps,3,12, ,0.0,0.0,0.0,0.0,0.0
BitRate blocking probability per pair and bitRate,1,500.0Gbps,7,2, ,0.0,0.0,0.0,0.0,0.0
BitRate blocking probability per pair and bitRate,1,500.0Gbps,10,11, ,0.0,0.0,0.0,0.0,0.0
BitRate blocking probability per pair and bitRate,1,500.0Gbps,11,14, ,0.0,0.0,0.0,0.0,0.0
BitRate blocking probability per pair and bitRate,1,500.0Gbps,20,24, ,0.0,0.0,0.0,0.0,0.0
BitRate blocking probability per pair and bitRate,1,500.0Gbps,20,4, ,0.0,0.0,0.0,0.0,0.0
BitRate blocking probability per pair and bitRate,1,500.0Gbps,23,2, ,0.0,0.0,0.0,0.0,0.0
BitRate blocking probability per pair and bitRate,1,500.0Gbps,22,2, ,0.0,0.0,0.0,0.0,0.0
BitRate blocking probability per pair and bitRate,1,500.0Gbps,22,19, ,0.0,0.0,0.0,0.0,0.0
BitRate blocking probability per pair and bitRate,1,500.0Gbps,24,23, ,0.0,0.0,0.0,0.0,0.0
BitRate blocking probability per pair and bitRate,1,500.0Gbps,6,17, ,0.0,0.0,0.0,0.0,0.0
BitRate blocking probability per pair and bitRate,1,500.0Gbps,4,15, ,0.0,0.0,0.0,0.0,0.0
BitRate blocking probability per pair and bitRate,1,500.0Gbps,20,7, ,0.0,0.0,0.0,0.0,0.0
BitRate blocking probability per pair and bitRate,1,500.0Gbps,10,8, ,0.0,0.0,0.0,0.0,0.0
BitRate blocking probability per pair and bitRate,1,500.0Gbps,10,24, ,0.0,0.0,0.0,0.0,0.0
BitRate blocking probability per pair and bitRate,1,500.0Gbps,12,16, ,0.0,0.0,0.0,0.0,0.0
BitRate blocking probability per pair and bitRate,1,500.0Gbps,8,13, ,0.0,0.0,0.0,0.0,0.0
BitRate blocking probability per pair and bitRate,1,500.0Gbps,11,4, ,0.0,0.0,0.0,0.0,0.0
BitRate blocking probability per pair and bitRate,1,500.0Gbps,22,17, ,0.0,0.0,0.0,0.0,0.0
BitRate blocking probability per pair and bitRate,1,500.0Gbps,4,1, ,0.0,0.0,0.0,0.0,0.0
BitRate blocking probability per pair and bitRate,1,500.0Gbps,14,6, ,0.0,0.0,0.0,0.0,0.0
BitRate blocking probability per pair and bitRate,1,500.0Gbps,14,10, ,0.0,0.0,0.0,0.0,0.0
BitRate blocking probability per pair and bitRate,1,500.0Gbps,24,6, ,0.0,0.0,0.0,0.0,0.0
BitRate blocking probability per pair and bitRate,1,500.0Gbps,15,2, ,0.0,0.0,0.0,0.0,0.0
BitRate blocking probability per pair and bitRate,1,500.0Gbps,22,10, ,0.0,0.0,0.0,0.0,0.0
BitRate blocking probability per pair and bitRate,1,500.0Gbps,4,17, ,0.0,0.0,0.0,0.0,0.0
BitRate blocking probability per pair and bitRate,1,500.0Gbps,17,2, ,0.0,0.0,0.0,0.0,0.0
BitRate blocking probability per pair and bitRate,1,500.0Gbps,18,20, ,0.0,0.0,0.0,0.0,0.0
BitRate blocking probability per pair and bitRate,1,500.0Gbps,17,21, ,0.0,0.0,0.0,0.0,0.0
BitRate blocking probability per pair and bitRate,1,500.0Gbps,18,6, ,0.0,0.0,0.0,0.0,0.0
BitRate blocking probability per pair and bitRate,1,500.0Gbps,10,15, ,0.0,0.0,0.0,0.0,0.0
BitRate blocking probability per pair and bitRate,1,500.0Gbps,4,11, ,0.0,0.0,0.0,0.0,0.0
BitRate blocking probability per pair and bitRate,1,500.0Gbps,2,21, ,0.0,0.0,0.0,0.0,0.0
BitRate blocking probability per pair and bitRate,1,500.0Gbps,19,9, ,0.0,0.0,0.0,0.0,0.0
BitRate blocking probability per pair and bitRate,1,500.0Gbps,5,8, ,0.0,0.0,0.0,0.0,0.0
BitRate blocking probability per pair and bitRate,1,500.0Gbps,5,3, ,0.0,0.0,0.0,0.0,0.0
BitRate blocking probability per pair and bitRate,1,500.0Gbps,11,6, ,0.0,0.0,0.0,0.0,0.0
BitRate blocking probability per pair and bitRate,1,500.0Gbps,8,2, ,0.0,0.0,0.0,0.0,0.0
BitRate blocking probability per pair and bitRate,1,500.0Gbps,9,24, ,0.0,0.0,0.0,0.0,0.0
BitRate blocking probability per pair and bitRate,1,500.0Gbps,16,23, ,0.0,0.0,0.0,0.0,0.0
BitRate blocking probability per pair and bitRate,1,500.0Gbps,2,16, ,0.0,0.0,0.0,0.0,0.0
BitRate blocking probability per pair and bitRate,1,500.0Gbps,16,17, ,0.0,0.0,0.0,0.0,0.0
BitRate blocking probability per pair and bitRate,1,500.0Gbps,23,18, ,0.0,0.0,0.0,0.0,0.0
BitRate blocking probability per pair and bitRate,1,500.0Gbps,7,1, ,0.0,0.0,0.0,0.0,0.0
BitRate blocking probability per pair and bitRate,1,500.0Gbps,11,24, ,0.0,0.0,0.0,0.0,0.0
BitRate blocking probability per pair and bitRate,1,500.0Gbps,2,10, ,0.0,0.0,0.0,0.0,0.0
BitRate blocking probability per pair and bitRate,1,500.0Gbps,4,6, ,0.0,0.0,0.0,0.0,0.0
BitRate blocking probability per pair and bitRate,1,500.0Gbps,15,13, ,0.0,0.0,0.0,0.0,0.0
BitRate blocking probability per pair and bitRate,1,500.0Gbps,21,12, ,0.0,0.0,0.0,0.0,0.0
BitRate blocking probability per pair and bitRate,1,500.0Gbps,5,6, ,0.0,0.0,0.0,0.0,0.0
BitRate blocking probability per pair and bitRate,1,500.0Gbps,10,18, ,0.0,0.0,0.0,0.0,0.0
BitRate blocking probability per pair and bitRate,1,500.0Gbps,14,23, ,0.0,0.0,0.0,0.0,0.0
BitRate blocking probability per pair and bitRate,1,500.0Gbps,21,8, ,0.0,0.0,0.0,0.0,0.0
BitRate blocking probability per pair and bitRate,1,500.0Gbps,11,3, ,0.0,0.0,0.0,0.0,0.0
BitRate blocking probability per pair and bitRate,1,500.0Gbps,13,16, ,0.0,0.0,0.0,0.0,0.0
BitRate blocking probability per pair and bitRate,1,500.0Gbps,22,16, ,0.0,0.0,0.0,0.0,0.0
BitRate blocking probability per pair and bitRate,1,500.0Gbps,21,5, ,0.0,0.0,0.0,0.0,0.0
BitRate blocking probability per pair and bitRate,1,500.0Gbps,23,24, ,0.0,0.0,0.0,0.0,0.0
BitRate blocking probability per pair and bitRate,1,500.0Gbps,9,6, ,0.0,0.0,0.0,0.0,0.0
BitRate blocking probability per pair and bitRate,1,500.0Gbps,20,9, ,0.0,0.0,0.0,0.0,0.0
BitRate blocking probability per pair and bitRate,1,500.0Gbps,16,6, ,0.0,0.0,0.0,0.0,0.0
BitRate blocking probability per pair and bitRate,1,500.0Gbps,15,4, ,0.0,0.0,0.0,0.0,0.0
BitRate blocking probability per pair and bitRate,1,500.0Gbps,3,4, ,0.0,0.0,0.0,0.0,0.0
BitRate blocking probability per pair and bitRate,1,500.0Gbps,17,10, ,0.0,0.0,0.0,0.0,0.0
BitRate blocking probability per pair and bitRate,1,500.0Gbps,12,10, ,0.0,0.0,0.0,0.0,0.0
BitRate blocking probability per pair and bitRate,1,500.0Gbps,12,7, ,0.0,0.0,0.0,0.0,0.0
BitRate blocking probability per pair and bitRate,1,500.0Gbps,3,17, ,0.0,0.0,0.0,0.0,0.0
BitRate blocking probability per pair and bitRate,2,100.0Gbps,11,2, ,0.0,0.0,0.0,0.0,0.0
BitRate blocking probability per pair and bitRate,2,100.0Gbps,1,23, ,0.0,0.0,0.0,0.0,0.0
BitRate blocking probability per pair and bitRate,2,100.0Gbps,2,9, ,0.0,0.0,0.0,0.0,0.0
BitRate blocking probability per pair and bitRate,2,100.0Gbps,1,20, ,0.0,0.0,0.0,0.0,0.0
BitRate blocking probability per pair and bitRate,2,100.0Gbps,17,24, ,0.0,0.0,0.0,0.0,0.0
BitRate blocking probability per pair and bitRate,2,100.0Gbps,21,15, ,0.0,0.0,0.0,0.0,0.0
BitRate blocking probability per pair and bitRate,2,100.0Gbps,19,11, ,0.0,0.0,0.0,0.0,0.0
BitRate blocking probability per pair and bitRate,2,100.0Gbps,3,1, ,0.0,0.0,0.0,0.0,0.0
BitRate blocking probability per pair and bitRate,2,100.0Gbps,24,2, ,0.0,0.0,0.0,0.0,0.0
BitRate blocking probability per pair and bitRate,2,100.0Gbps,23,22, ,0.0,0.0,0.0,0.0,0.0
BitRate blocking probability per pair and bitRate,2,100.0Gbps,17,22, ,0.0,0.0,0.0,0.0,0.0
BitRate blocking probability per pair and bitRate,2,100.0Gbps,15,20, ,0.0,0.0,0.0,0.0,0.0
BitRate blocking probability per pair and bitRate,2,100.0Gbps,2,7, ,0.0,0.0,0.0,0.0,0.0
BitRate blocking probability per pair and bitRate,2,100.0Gbps,10,1, ,0.0,0.0,0.0,0.0,0.0
BitRate blocking probability per pair and bitRate,2,100.0Gbps,14,16, ,0.0,0.0,0.0,0.0,0.0
BitRate blocking probability per pair and bitRate,2,100.0Gbps,13,18, ,0.0,0.0,0.0,0.0,0.0
BitRate blocking probability per pair and bitRate,2,100.0Gbps,11,7, ,0.0,0.0,0.0,0.0,0.0
BitRate blocking probability per pair and bitRate,2,100.0Gbps,15,10, ,0.0,0.0,0.0,0.0,0.0
BitRate blocking probability per pair and bitRate,2,100.0Gbps,17,4, ,0.0,0.0,0.0,0.0,0.0
BitRate blocking probability per pair and bitRate,2,100.0Gbps,15,19, ,0.0,0.0,0.0,0.0,0.0
BitRate blocking probability per pair and bitRate,2,100.0Gbps,9,22, ,0.0,0.0,0.0,0.0,0.0
BitRate blocking probability per pair and bitRate,2,100.0Gbps,9,19, ,0.0,0.0,0.0,0.0,0.0
BitRate blocking probability per pair and bitRate,2,100.0Gbps,24,7, ,0.0,0.0,0.0,0.0,0.0
BitRate blocking probability per pair and bitRate,2,100.0Gbps,1,18, ,0.0,0.0,0.0,0.0,0.0
BitRate blocking probability per pair and bitRate,2,100.0Gbps,19,4, ,0.0,0.0,0.0,0.0,0.0
BitRate blocking probability per pair and bitRate,2,100.0Gbps,5,1, ,0.0,0.0,0.0,0.0,0.0
BitRate blocking probability per pair and bitRate,2,100.0Gbps,5,20, ,0.0,0.0,0.0,0.0,0.0
BitRate blocking probability per pair and bitRate,2,100.0Gbps,21,24, ,0.0,0.0,0.0,0.0,0.0
BitRate blocking probability per pair and bitRate,2,100.0Gbps,9,1, ,0.0,0.0,0.0,0.0,0.0
BitRate blocking probability per pair and bitRate,2,100.0Gbps,9,21, ,0.0,0.0,0.0,0.0,0.0
BitRate blocking probability per pair and bitRate,2,100.0Gbps,14,15, ,0.0,0.0,0.0,0.0,0.0
BitRate blocking probability per pair and bitRate,2,100.0Gbps,8,4, ,0.0,0.0,0.0,0.0,0.0
BitRate blocking probability per pair and bitRate,2,100.0Gbps,8,21, ,0.0,0.0,0.0,0.0,0.0
BitRate blocking probability per pair and bitRate,2,100.0Gbps,6,3, ,0.0,0.0,0.0,0.0,0.0
BitRate blocking probability per pair and bitRate,2,100.0Gbps,9,2, ,0.0,0.0,0.0,0.0,0.0
BitRate blocking probability per pair and bitRate,2,100.0Gbps,16,2, ,0.0,0.0,0.0,0.0,0.0
BitRate blocking probability per pair and bitRate,2,100.0Gbps,9,4, ,0.0,0.0,0.0,0.0,0.0
BitRate blocking probability per pair and bitRate,2,100.0Gbps,23,21, ,0.0,0.0,0.0,0.0,0.0
BitRate blocking probability per pair and bitRate,2,100.0Gbps,19,24, ,0.0,0.0,0.0,0.0,0.0
BitRate blocking probability per pair and bitRate,2,100.0Gbps,22,15, ,0.0,0.0,0.0,0.0,0.0
BitRate blocking probability per pair and bitRate,2,100.0Gbps,23,17, ,0.0,0.0,0.0,0.0,0.0
BitRate blocking probability per pair and bitRate,2,100.0Gbps,8,11, ,0.0,0.0,0.0,0.0,0.0
BitRate blocking probability per pair and bitRate,2,100.0Gbps,24,17, ,0.0,0.0,0.0,0.0,0.0
BitRate blocking probability per pair and bitRate,2,100.0Gbps,22,18, ,0.0,0.0,0.0,0.0,0.0
BitRate blocking probability per pair and bitRate,2,100.0Gbps,5,11, ,0.0,0.0,0.0,0.0,0.0
BitRate blocking probability per pair and bitRate,2,100.0Gbps,4,8, ,0.0,0.0,0.0,0.0,0.0
BitRate blocking probability per pair and bitRate,2,100.0Gbps,23,9, ,0.0,0.0,0.0,0.0,0.0
BitRate blocking probability per pair and bitRate,2,100.0Gbps,6,12, ,0.0,0.0,0.0,0.0,0.0
BitRate blocking probability per pair and bitRate,2,100.0Gbps,4,5, ,0.0,0.0,0.0,0.0,0.0
BitRate blocking probability per pair and bitRate,2,100.0Gbps,16,9, ,0.0,0.0,0.0,0.0,0.0
BitRate blocking probability per pair and bitRate,2,100.0Gbps,16,11, ,0.0,0.0,0.0,0.0,0.0
BitRate blocking probability per pair and bitRate,2,100.0Gbps,24,20, ,0.0,0.0,0.0,0.0,0.0
BitRate blocking probability per pair and bitRate,2,100.0Gbps,12,14, ,0.0,0.0,0.0,0.0,0.0
BitRate blocking probability per pair and bitRate,2,100.0Gbps,20,5, ,0.0,0.0,0.0,0.0,0.0
BitRate blocking probability per pair and bitRate,2,100.0Gbps,11,12, ,0.0,0.0,0.0,0.0,0.0
BitRate blocking probability per pair and bitRate,2,100.0Gbps,7,14, ,0.0,0.0,0.0,0.0,0.0
BitRate blocking probability per pair and bitRate,2,100.0Gbps,10,23, ,0.0,0.0,0.0,0.0,0.0
BitRate blocking probability per pair and bitRate,2,100.0Gbps,22,20, ,0.0,0.0,0.0,0.0,0.0
BitRate blocking probability per pair and bitRate,2,100.0Gbps,17,11, ,0.0,0.0,0.0,0.0,0.0
BitRate blocking probability per pair and bitRate,2,100.0Gbps,3,10, ,0.0,0.0,0.0,0.0,0.0
BitRate blocking probability per pair and bitRate,2,100.0Gbps,17,14, ,0.0,0.0,0.0,0.0,0.0
BitRate blocking probability per pair and bitRate,2,100.0Gbps,10,7, ,0.0,0.0,0.0,0.0,0.0
BitRate blocking probability per pair and bitRate,2,100.0Gbps,3,2, ,0.0,0.0,0.0,0.0,0.0
BitRate blocking probability per pair and bitRate,2,100.0Gbps,3,5, ,0.0,0.0,0.0,0.0,0.0
BitRate blocking probability per pair and bitRate,2,100.0Gbps,22,1, ,0.0,0.0,0.0,0.0,0.0
BitRate blocking probability per pair and bitRate,2,100.0Gbps,1,14, ,0.0,0.0,0.0,0.0,0.0
BitRate blocking probability per pair and bitRate,2,100.0Gbps,24,8, ,0.0,0.0,0.0,0.0,0.0
BitRate blocking probability per pair and bitRate,2,100.0Gbps,11,21, ,0.0,0.0,0.0,0.0,0.0
BitRate blocking probability per pair and bitRate,2,100.0Gbps,20,14, ,0.0,0.0,0.0,0.0,0.0
BitRate blocking probability per pair and bitRate,2,100.0Gbps,8,6, ,0.0,0.0,0.0,0.0,0.0
BitRate blocking probability per pair and bitRate,2,100.0Gbps,21,11, ,0.0,0.0,0.0,0.0,0.0
BitRate blocking probability per pair and bitRate,2,100.0Gbps,11,8, ,0.0,0.0,0.0,0.0,0.0
BitRate blocking probability per pair and bitRate,2,100.0Gbps,21,19, ,0.0,0.0,0.0,0.0,0.0
BitRate blocking probability per pair and bitRate,2,100.0Gbps,17,1, ,0.0,0.0,0.0,0.0,0.0
BitRate blocking probability per pair and bitRate,2,100.0Gbps,11,22, ,0.0,0.0,0.0,0.0,0.0
BitRate blocking probability per pair and bitRate,2,100.0Gbps,24,21, ,0.0,0.0,0.0,0.0,0.0
BitRate blocking probability per pair and bitRate,2,100.0Gbps,19,22, ,0.0,0.0,0.0,0.0,0.0
BitRate blocking probability per pair and bitRate,2,100.0Gbps,7,12, ,0.0,0.0,0.0,0.0,0.0
BitRate blocking probability per pair and bitRate,2,100.0Gbps,7,22, ,0.0,0.0,0.0,0.0,0.0
BitRate blocking probability per pair and bitRate,2,100.0Gbps,23,5, ,0.0,0.0,0.0,0.0,0.0
BitRate blocking probability per pair and bitRate,2,100.0Gbps,21,17, ,0.0,0.0,0.0,0.0,0.0
BitRate blocking probability per pair and bitRate,2,100.0Gbps,1,11, ,0.0,0.0,0.0,0.0,0.0
BitRate blocking probability per pair and bitRate,2,100.0Gbps,18,12, ,0.0,0.0,0.0,0.0,0.0
BitRate blocking probability per pair and bitRate,2,100.0Gbps,23,10, ,0.0,0.0,0.0,0.0,0.0
BitRate blocking probability per pair and bitRate,2,100.0Gbps,18,7, ,0.0,0.0,0.0,0.0,0.0
BitRate blocking probability per pair and bitRate,2,100.0Gbps,24,22, ,0.0,0.0,0.0,0.0,0.0
BitRate blocking probability per pair and bitRate,2,100.0Gbps,21,2, ,0.0,0.0,0.0,0.0,0.0
BitRate blocking probability per pair and bitRate,2,100.0Gbps,16,4, ,0.0,0.0,0.0,0.0,0.0
BitRate blocking probability per pair and bitRate,2,100.0Gbps,10,9, ,0.0,0.0,0.0,0.0,0.0
BitRate blocking probability per pair and bitRate,2,100.0Gbps,22,5, ,0.0,0.0,0.0,0.0,0.0
BitRate blocking probability per pair and bitRate,2,100.0Gbps,9,17, ,0.0,0.0,0.0,0.0,0.0
BitRate blocking probability per pair and bitRate,2,100.0Gbps,8,20, ,0.0,0.0,0.0,0.0,0.0
BitRate blocking probability per pair and bitRate,2,100.0Gbps,1,24, ,0.0,0.0,0.0,0.0,0.0
BitRate blocking probability per pair and bitRate,2,100.0Gbps,2,14, ,0.0,0.0,0.0,0.0,0.0
BitRate blocking probability per pair and bitRate,2,100.0Gbps,5,18, ,0.0,0.0,0.0,0.0,0.0
BitRate blocking probability per pair and bitRate,2,100.0Gbps,8,9, ,0.0,0.0,0.0,0.0,0.0
BitRate blocking probability per pair and bitRate,2,100.0Gbps,9,13, ,0.0,0.0,0.0,0.0,0.0
BitRate blocking probability per pair and bitRate,2,100.0Gbps,24,13, ,0.0,0.0,0.0,0.0,0.0
BitRate blocking probability per pair and bitRate,2,100.0Gbps,2,17, ,0.0,0.0,0.0,0.0,0.0
BitRate blocking probability per pair and bitRate,2,100.0Gbps,20,1, ,0.0,0.0,0.0,0.0,0.0
BitRate blocking probability per pair and bitRate,2,100.0Gbps,19,2, ,0.0,0.0,0.0,0.0,0.0
BitRate blocking probability per pair and bitRate,2,100.0Gbps,4,3, ,0.0,0.0,0.0,0.0,0.0
BitRate blocking probability per pair and bitRate,2,100.0Gbps,22,4, ,0.0,0.0,0.0,0.0,0.0
BitRate blocking probability per pair and bitRate,2,100.0Gbps,5,4, ,0.0,0.0,0.0,0.0,0.0
BitRate blocking probability per pair and bitRate,2,100.0Gbps,16,19, ,0.0,0.0,0.0,0.0,0.0
BitRate blocking probability per pair and bitRate,2,100.0Gbps,12,6, ,0.0,0.0,0.0,0.0,0.0
BitRate blocking probability per pair and bitRate,2,100.0Gbps,17,8, ,0.0,0.0,0.0,0.0,0.0
BitRate blocking probability per pair and bitRate,2,100.0Gbps,12,9, ,0.0,0.0,0.0,0.0,0.0
BitRate blocking probability per pair and bitRate,2,100.0Gbps,11,20, ,0.0,0.0,0.0,0.0,0.0
BitRate blocking probability per pair and bitRate,2,100.0Gbps,15,12, ,0.0,0.0,0.0,0.0,0.0
BitRate blocking probability per pair and bitRate,2,100.0Gbps,9,16, ,0.0,0.0,0.0,0.0,0.0
BitRate blocking probability per pair and bitRate,2,100.0Gbps,7,15, ,0.0,0.0,0.0,0.0,0.0
BitRate blocking probability per pair and bitRate,2,100.0Gbps,6,13, ,0.0,0.0,0.0,0.0,0.0
BitRate blocking probability per pair and bitRate,2,100.0Gbps,19,18, ,0.0,0.0,0.0,0.0,0.0
BitRate blocking probability per pair and bitRate,2,100.0Gbps,3,9, ,0.0,0.0,0.0,0.0,0.0
BitRate blocking probability per pair and bitRate,2,100.0Gbps,21,18, ,0.0,0.0,0.0,0.0,0.0
BitRate blocking probability per pair and bitRate,2,100.0Gbps,1,17, ,0.0,0.0,0.0,0.0,0.0
BitRate blocking probability per pair and bitRate,2,100.0Gbps,8,24, ,0.0,0.0,0.0,0.0,0.0
BitRate blocking probability per pair and bitRate,2,100.0Gbps,7,16, ,0.0,0.0,0.0,0.0,0.0
BitRate blocking probability per pair and bitRate,2,100.0Gbps,15,21, ,0.0,0.0,0.0,0.0,0.0
BitRate blocking probability per pair and bitRate,2,100.0Gbps,18,22, ,0.0,0.0,0.0,0.0,0.0
BitRate blocking probability per pair and bitRate,2,100.0Gbps,14,2, ,0.0,0.0,0.0,0.0,0.0
BitRate blocking probability per pair and bitRate,2,100.0Gbps,2,12, ,0.0,0.0,0.0,0.0,0.0
BitRate blocking probability per pair and bitRate,2,100.0Gbps,12,8, ,0.0,0.0,0.0,0.0,0.0
BitRate blocking probability per pair and bitRate,2,100.0Gbps,1,13, ,0.0,0.0,0.0,0.0,0.0
BitRate blocking probability per pair and bitRate,2,100.0Gbps,8,18, ,0.0,0.0,0.0,0.0,0.0
BitRate blocking probability per pair and bitRate,2,100.0Gbps,15,6, ,0.0,0.0,0.0,0.0,0.0
BitRate blocking probability per pair and bitRate,2,100.0Gbps,6,20, ,0.0,0.0,0.0,0.0,0.0
BitRate blocking probability per pair and bitRate,2,100.0Gbps,7,21, ,0.0,0.0,0.0,0.0,0.0
BitRate blocking probability per pair and bitRate,2,100.0Gbps,9,3, ,0.0,0.0,0.0,0.0,0.0
BitRate blocking probability per pair and bitRate,2,100.0Gbps,12,13, ,0.0,0.0,0.0,0.0,0.0
BitRate blocking probability per pair and bitRate,2,100.0Gbps,8,22, ,0.0,0.0,0.0,0.0,0.0
BitRate blocking probability per pair and bitRate,2,100.0Gbps,2,3, ,0.0,0.0,0.0,0.0,0.0
BitRate blocking probability per pair and bitRate,2,100.0Gbps,14,18, ,0.0,0.0,0.0,0.0,0.0
BitRate blocking probability per pair and bitRate,2,100.0Gbps,23,20, ,0.0,0.0,0.0,0.0,0.0
BitRate blocking probability per pair and bitRate,2,100.0Gbps,4,20, ,0.0,0.0,0.0,0.0,0.0
BitRate blocking probability per pair and bitRate,2,100.0Gbps,4,24, ,0.0,0.0,0.0,0.0,0.0
BitRate blocking probability per pair and bitRate,2,100.0Gbps,16,15, ,0.0,0.0,0.0,0.0,0.0
BitRate blocking probability per pair and bitRate,2,100.0Gbps,24,16, ,0.0,0.0,0.0,0.0,0.0
BitRate blocking probability per pair and bitRate,2,100.0Gbps,19,12, ,0.0,0.0,0.0,0.0,0.0
BitRate blocking probability per pair and bitRate,2,100.0Gbps,6,15, ,0.0,0.0,0.0,0.0,0.0
BitRate blocking probability per pair and bitRate,2,100.0Gbps,8,7, ,0.0,0.0,0.0,0.0,0.0
BitRate blocking probability per pair and bitRate,2,100.0Gbps,2,20, ,0.0,0.0,0.0,0.0,0.0
BitRate blocking probability per pair and bitRate,2,100.0Gbps,11,9, ,0.0,0.0,0.0,0.0,0.0
BitRate blocking probability per pair and bitRate,2,100.0Gbps,4,12, ,0.0,0.0,0.0,0.0,0.0
BitRate blocking probability per pair and bitRate,2,100.0Gbps,13,23, ,0.0,0.0,0.0,0.0,0.0
BitRate blocking probability per pair and bitRate,2,100.0Gbps,11,16, ,0.0,0.0,0.0,0.0,0.0
BitRate blocking probability per pair and bitRate,2,100.0Gbps,3,11, ,0.0,0.0,0.0,0.0,0.0
BitRate blocking probability per pair and bitRate,2,100.0Gbps,2,5, ,0.0,0.0,0.0,0.0,0.0
BitRate blocking probability per pair and bitRate,2,100.0Gbps,3,24, ,0.0,0.0,0.0,0.0,0.0
BitRate blocking probability per pair and bitRate,2,100.0Gbps,18,1, ,0.0,0.0,0.0,0.0,0.0
BitRate blocking probability per pair and bitRate,2,100.0Gbps,10,2, ,0.0,0.0,0.0,0.0,0.0
BitRate blocking probability per pair and bitRate,2,100.0Gbps,15,16, ,0.0,0.0,0.0,0.0,0.0
BitRate blocking probability per pair and bitRate,2,100.0Gbps,20,17, ,0.0,0.0,0.0,0.0,0.0
BitRate blocking probability per pair and bitRate,2,100.0Gbps,5,13, ,0.0,0.0,0.0,0.0,0.0
BitRate blocking probability per pair and bitRate,2,100.0Gbps,24,15, ,0.0,0.0,0.0,0.0,0.0
BitRate blocking probability per pair and bitRate,2,100.0Gbps,12,17, ,0.0,0.0,0.0,0.0,0.0
BitRate blocking probability per pair and bitRate,2,100.0Gbps,20,2, ,0.0,0.0,0.0,0.0,0.0
BitRate blocking probability per pair and bitRate,2,100.0Gbps,5,19, ,0.0,0.0,0.0,0.0,0.0
BitRate blocking probability per pair and bitRate,2,100.0Gbps,6,8, ,0.0,0.0,0.0,0.0,0.0
BitRate blocking probability per pair and bitRate,2,100.0Gbps,4,10, ,0.0,0.0,0.0,0.0,0.0
BitRate blocking probability per pair and bitRate,2,100.0Gbps,1,4, ,0.0,0.0,0.0,0.0,0.0
BitRate blocking probability per pair and bitRate,2,100.0Gbps,12,23, ,0.0,0.0,0.0,0.0,0.0
BitRate blocking probability per pair and bitRate,2,100.0Gbps,23,4, ,0.0,0.0,0.0,0.0,0.0
BitRate blocking probability per pair and bitRate,2,100.0Gbps,12,20, ,0.0,0.0,0.0,0.0,0.0
BitRate blocking probability per pair and bitRate,2,100.0Gbps,11,19, ,0.0,0.0,0.0,0.0,0.0
BitRate blocking probability per pair and bitRate,2,100.0Gbps,2,11, ,0.0,0.0,0.0,0.0,0.0
BitRate blocking probability per pair and bitRate,2,100.0Gbps,8,23, ,0.0,0.0,0.0,0.0,0.0
BitRate blocking probability per pair and bitRate,2,100.0Gbps,10,14, ,0.0,0.0,0.0,0.0,0.0
BitRate blocking probability per pair and bitRate,2,100.0Gbps,21,22, ,0.0,0.0,0.0,0.0,0.0
BitRate blocking probability per pair and bitRate,2,100.0Gbps,9,11, ,0.0,0.0,0.0,0.0,0.0
BitRate blocking probability per pair and bitRate,2,100.0Gbps,23,7, ,0.0,0.0,0.0,0.0,0.0
BitRate blocking probability per pair and bitRate,2,100.0Gbps,24,18, ,0.0,0.0,0.0,0.0,0.0
BitRate blocking probability per pair and bitRate,2,100.0Gbps,14,24, ,0.0,0.0,0.0,0.0,0.0
BitRate blocking probability per pair and bitRate,2,100.0Gbps,6,4, ,0.0,0.0,0.0,0.0,0.0
BitRate blocking probability per pair and bitRate,2,100.0Gbps,21,9, ,0.0,0.0,0.0,0.0,0.0
BitRate blocking probability per pair and bitRate,2,100.0Gbps,15,1, ,0.0,0.0,0.0,0.0,0.0
BitRate blocking probability per pair and bitRate,2,100.0Gbps,13,8, ,0.0,0.0,0.0,0.0,0.0
BitRate blocking probability per pair and bitRate,2,100.0Gbps,13,12, ,0.0,0.0,0.0,0.0,0.0
BitRate blocking probability per pair and bitRate,2,100.0Gbps,12,11, ,0.0,0.0,0.0,0.0,0.0
BitRate blocking probability per pair and bitRate,2,100.0Gbps,23,16, ,0.0,0.0,0.0,0.0,0.0
BitRate blocking probability per pair and bitRate,2,100.0Gbps,16,10, ,0.0,0.0,0.0,0.0,0.0
BitRate blocking probability per pair and bitRate,2,100.0Gbps,14,4, ,0.0,0.0,0.0,0.0,0.0
BitRate blocking probability per pair and bitRate,2,100.0Gbps,10,21, ,0.0,0.0,0.0,0.0,0.0
BitRate blocking probability per pair and bitRate,2,100.0Gbps,1,16, ,0.0,0.0,0.0,0.0,0.0
BitRate blocking probability per pair and bitRate,2,100.0Gbps,5,14, ,0.0,0.0,0.0,0.0,0.0
BitRate blocking probability per pair and bitRate,2,100.0Gbps,14,3, ,0.0,0.0,0.0,0.0,0.0
BitRate blocking probability per pair and bitRate,2,100.0Gbps,9,5, ,0.0,0.0,0.0,0.0,0.0
BitRate blocking probability per pair and bitRate,2,100.0Gbps,11,23, ,0.0,0.0,0.0,0.0,0.0
BitRate blocking probability per pair and bitRate,2,100.0Gbps,23,12, ,0.0,0.0,0.0,0.0,0.0
BitRate blocking probability per pair and bitRate,2,100.0Gbps,18,4, ,0.0,0.0,0.0,0.0,0.0
BitRate blocking probability per pair and bitRate,2,100.0Gbps,19,10, ,0.0,0.0,0.0,0.0,0.0
BitRate blocking probability per pair and bitRate,2,100.0Gbps,14,19, ,0.0,0.0,0.0,0.0,0.0
BitRate blocking probability per pair and bitRate,2,100.0Gbps,3,18, ,0.0,0.0,0.0,0.0,0.0
BitRate blocking probability per pair and bitRate,2,100.0Gbps,1,21, ,0.0,0.0,0.0,0.0,0.0
BitRate blocking probability per pair and bitRate,2,100.0Gbps,10,16, ,0.0,0.0,0.0,0.0,0.0
BitRate blocking probability per pair and bitRate,2,100.0Gbps,24,9, ,0.0,0.0,0.0,0.0,0.0
BitRate blocking probability per pair and bitRate,2,100.0Gbps,3,21, ,0.0,0.0,0.0,0.0,0.0
BitRate blocking probability per pair and bitRate,2,100.0Gbps,12,24, ,0.0,0.0,0.0,0.0,0.0
BitRate blocking probability per pair and bitRate,2,100.0Gbps,15,9, ,0.0,0.0,0.0,0.0,0.0
BitRate blocking probability per pair and bitRate,2,100.0Gbps,18,14, ,0.0,0.0,0.0,0.0,0.0
BitRate blocking probability per pair and bitRate,2,100.0Gbps,16,3, ,0.0,0.0,0.0,0.0,0.0
BitRate blocking probability per pair and bitRate,2,100.0Gbps,15,5, ,0.0,0.0,0.0,0.0,0.0
BitRate blocking probability per pair and bitRate,2,100.0Gbps,16,21, ,0.0,0.0,0.0,0.0,0.0
BitRate blocking probability per pair and bitRate,2,100.0Gbps,8,17, ,0.0,0.0,0.0,0.0,0.0
BitRate blocking probability per pair and bitRate,2,100.0Gbps,5,16, ,0.0,0.0,0.0,0.0,0.0
BitRate blocking probability per pair and bitRate,2,100.0Gbps,21,4, ,0.0,0.0,0.0,0.0,0.0
BitRate blocking probability per pair and bitRate,2,100.0Gbps,17,19, ,0.0,0.0,0.0,0.0,0.0
BitRate blocking probability per pair and bitRate,2,100.0Gbps,16,12, ,0.0,0.0,0.0,0.0,0.0
BitRate blocking probability per pair and bitRate,2,100.0Gbps,7,19, ,0.0,0.0,0.0,0.0,0.0
BitRate blocking probability per pair and bitRate,2,100.0Gbps,8,19, ,0.0,0.0,0.0,0.0,0.0
BitRate blocking probability per pair and bitRate,2,100.0Gbps,9,20, ,0.0,0.0,0.0,0.0,0.0
BitRate blocking probability per pair and bitRate,2,100.0Gbps,13,10, ,0.0,0.0,0.0,0.0,0.0
BitRate blocking probability per pair and bitRate,2,100.0Gbps,17,16, ,0.0,0.0,0.0,0.0,0.0
BitRate blocking probability per pair and bitRate,2,100.0Gbps,5,7, ,0.0,0.0,0.0,0.0,0.0
BitRate blocking probability per pair and bitRate,2,100.0Gbps,5,10, ,0.0,0.0,0.0,0.0,0.0
BitRate blocking probability per pair and bitRate,2,100.0Gbps,22,14, ,0.0,0.0,0.0,0.0,0.0
BitRate blocking probability per pair and bitRate,2,100.0Gbps,2,24, ,0.0,0.0,0.0,0.0,0.0
BitRate blocking probability per pair and bitRate,2,100.0Gbps,11,15, ,0.0,0.0,0.0,0.0,0.0
BitRate blocking probability per pair and bitRate,2,100.0Gbps,19,13, ,0.0,0.0,0.0,0.0,0.0
BitRate blocking probability per pair and bitRate,2,100.0Gbps,9,14, ,0.0,0.0,0.0,0.0,0.0
BitRate blocking probability per pair and bitRate,2,100.0Gbps,13,20, ,0.0,0.0,0.0,0.0,0.0
BitRate blocking probability per pair and bitRate,2,100.0Gbps,20,15, ,0.0,0.0,0.0,0.0,0.0
BitRate blocking probability per pair and bitRate,2,100.0Gbps,1,9, ,0.0,0.0,0.0,0.0,0.0
BitRate blocking probability per pair and bitRate,2,100.0Gbps,4,16, ,0.0,0.0,0.0,0.0,0.0
BitRate blocking probability per pair and bitRate,2,100.0Gbps,21,20, ,0.0,0.0,0.0,0.0,0.0
BitRate blocking probability per pair and bitRate,2,100.0Gbps,6,18, ,0.0,0.0,0.0,0.0,0.0
BitRate blocking probability per pair and bitRate,2,100.0Gbps,3,20, ,0.0,0.0,0.0,0.0,0.0
BitRate blocking probability per pair and bitRate,2,100.0Gbps,21,10, ,0.0,0.0,0.0,0.0,0.0
BitRate blocking probability per pair and bitRate,2,100.0Gbps,2,19, ,0.0,0.0,0.0,0.0,0.0
BitRate blocking probability per pair and bitRate,2,100.0Gbps,7,17, ,0.0,0.0,0.0,0.0,0.0
BitRate blocking probability per pair and bitRate,2,100.0Gbps,14,5, ,0.0,0.0,0.0,0.0,0.0
BitRate blocking probability per pair and bitRate,2,100.0Gbps,7,13, ,0.0,0.0,0.0,0.0,0.0
BitRate blocking probability per pair and bitRate,2,100.0Gbps,5,15, ,0.0,0.0,0.0,0.0,0.0
BitRate blocking probability per pair and bitRate,2,100.0Gbps,18,8, ,0.0,0.0,0.0,0.0,0.0
BitRate blocking probability per pair and bitRate,2,100.0Gbps,19,17, ,0.0,0.0,0.0,0.0,0.0
BitRate blocking probability per pair and bitRate,2,100.0Gbps,19,21, ,0.0,0.0,0.0,0.0,0.0
BitRate blocking probability per pair and bitRate,2,100.0Gbps,19,3, ,0.0,0.0,0.0,0.0,0.0
BitRate blocking probability per pair and bitRate,2,100.0Gbps,13,19, ,0.0,0.0,0.0,0.0,0.0
BitRate blocking probability per pair and bitRate,2,100.0Gbps,12,18, ,0.0,0.0,0.0,0.0,0.0
BitRate blocking probability per pair and bitRate,2,100.0Gbps,13,3, ,0.0,0.0,0.0,0.0,0.0
BitRate blocking probability per pair and bitRate,2,100.0Gbps,7,18, ,0.0,0.0,0.0,0.0,0.0
BitRate blocking probability per pair and bitRate,2,100.0Gbps,17,12, ,0.0,0.0,0.0,0.0,0.0
BitRate blocking probability per pair and bitRate,2,100.0Gbps,13,9, ,0.0,0.0,0.0,0.0,0.0
BitRate blocking probability per pair and bitRate,2,100.0Gbps,6,22, ,0.0,0.0,0.0,0.0,0.0
BitRate blocking probability per pair and bitRate,2,100.0Gbps,1,15, ,0.0,0.0,0.0,0.0,0.0
BitRate blocking probability per pair and bitRate,2,100.0Gbps,3,19, ,0.0,0.0,0.0,0.0,0.0
BitRate blocking probability per pair and bitRate,2,100.0Gbps,12,4, ,0.0,0.0,0.0,0.0,0.0
BitRate blocking probability per pair and bitRate,2,100.0Gbps,16,24, ,0.0,0.0,0.0,0.0,0.0
BitRate blocking probability per pair and bitRate,2,100.0Gbps,6,10, ,0.0,0.0,0.0,0.0,0.0
BitRate blocking probability per pair and bitRate,2,100.0Gbps,2,18, ,0.0,0.0,0.0,0.0,0.0
BitRate blocking probability per pair and bitRate,2,100.0Gbps,18,21, ,0.0,0.0,0.0,0.0,0.0
BitRate blocking probability per pair and bitRate,2,100.0Gbps,18,3, ,0.0,0.0,0.0,0.0,0.0
BitRate blocking probability per pair and bitRate,2,100.0Gbps,15,18, ,0.0,0.0,0.0,0.0,0.0
BitRate blocking probability per pair and bitRate,2,100.0Gbps,4,14, ,0.0,0.0,0.0,0.0,0.0
BitRate blocking probability per pair and bitRate,2,100.0Gbps,7,20, ,0.0,0.0,0.0,0.0,0.0
BitRate blocking probability per pair and bitRate,2,100.0Gbps,13,15, ,0.0,0.0,0.0,0.0,0.0
BitRate blocking probability per pair and bitRate,2,100.0Gbps,13,21, ,0.0,0.0,0.0,0.0,0.0
BitRate blocking probability per pair and bitRate,2,100.0Gbps,15,14, ,0.0,0.0,0.0,0.0,0.0
BitRate blocking probability per pair and bitRate,2,100.0Gbps,3,15, ,0.0,0.0,0.0,0.0,0.0
BitRate blocking probability per pair and bitRate,2,100.0Gbps,18,5, ,0.0,0.0,0.0,0.0,0.0
BitRate blocking probability per pair and bitRate,2,100.0Gbps,12,1, ,0.0,0.0,0.0,0.0,0.0
BitRate blocking probability per pair and bitRate,2,100.0Gbps,6,7, ,0.0,0.0,0.0,0.0,0.0
BitRate blocking probability per pair and bitRate,2,100.0Gbps,24,3, ,0.0,0.0,0.0,0.0,0.0
BitRate blocking probability per pair and bitRate,2,100.0Gbps,19,5, ,0.0,0.0,0.0,0.0,0.0
BitRate blocking probability per pair and bitRate,2,100.0Gbps,20,19, ,0.0,0.0,0.0,0.0,0.0
BitRate blocking probability per pair and bitRate,2,100.0Gbps,5,17, ,0.0,0.0,0.0,0.0,0.0
BitRate blocking probability per pair and bitRate,2,100.0Gbps,20,12, ,0.0,0.0,0.0,0.0,0.0
BitRate blocking probability per pair and bitRate,2,100.0Gbps,4,22, ,0.0,0.0,0.0,0.0,0.0
BitRate blocking probability per pair and bitRate,2,100.0Gbps,7,8, ,0.0,0.0,0.0,0.0,0.0
BitRate blocking probability per pair and bitRate,2,100.0Gbps,14,1, ,0.0,0.0,0.0,0.0,0.0
BitRate blocking probability per pair and bitRate,2,100.0Gbps,20,21, ,0.0,0.0,0.0,0.0,0.0
BitRate blocking probability per pair and bitRate,2,100.0Gbps,1,6, ,0.0,0.0,0.0,0.0,0.0
BitRate blocking probability per pair and bitRate,2,100.0Gbps,13,2, ,0.0,0.0,0.0,0.0,0.0
BitRate blocking probability per pair and bitRate,2,100.0Gbps,14,20, ,0.0,0.0,0.0,0.0,0.0
BitRate blocking probability per pair and bitRate,2,100.0Gbps,16,20, ,0.0,0.0,0.0,0.0,0.0
BitRate blocking probability per pair and bitRate,2,100.0Gbps,18,15, ,0.0,0.0,0.0,0.0,0.0
BitRate blocking probability per pair and bitRate,2,100.0Gbps,6,2, ,0.0,0.0,0.0,0.0,0.0
BitRate blocking probability per pair and bitRate,2,100.0Gbps,9,15, ,0.0,0.0,0.0,0.0,0.0
BitRate blocking probability per pair and bitRate,2,100.0Gbps,15,17, ,0.0,0.0,0.0,0.0,0.0
BitRate blocking probability per pair and bitRate,2,100.0Gbps,18,2, ,0.0,0.0,0.0,0.0,0.0
BitRate blocking probability per pair and bitRate,2,100.0Gbps,15,24, ,0.0,0.0,0.0,0.0,0.0
BitRate blocking probability per pair and bitRate,2,100.0Gbps,7,10, ,0.0,0.0,0.0,0.0,0.0
BitRate blocking probability per pair and bitRate,2,100.0Gbps,14,21, ,0.0,0.0,0.0,0.0,0.0
BitRate blocking probability per pair and bitRate,2,100.0Gbps,23,15, ,0.0,0.0,0.0,0.0,0.0
BitRate blocking probability per pair and bitRate,2,100.0Gbps,11,1, ,0.0,0.0,0.0,0.0,0.0
BitRate blocking probability per pair and bitRate,2,100.0Gbps,19,20, ,0.0,0.0,0.0,0.0,0.0
BitRate blocking probability per pair and bitRate,2,100.0Gbps,1,8, ,0.0,0.0,0.0,0.0,0.0
BitRate blocking probability per pair and bitRate,2,100.0Gbps,16,1, ,0.0,0.0,0.0,0.0,0.0
BitRate blocking probability per pair and bitRate,2,100.0Gbps,24,5, ,0.0,0.0,0.0,0.0,0.0
BitRate blocking probability per pair and bitRate,2,100.0Gbps,2,4, ,0.0,0.0,0.0,0.0,0.0
BitRate blocking probability per pair and bitRate,2,100.0Gbps,10,5, ,0.0,0.0,0.0,0.0,0.0
BitRate blocking probability per pair and bitRate,2,100.0Gbps,21,7, ,0.0,0.0,0.0,0.0,0.0
BitRate blocking probability per pair and bitRate,2,100.0Gbps,23,11, ,0.0,0.0,0.0,0.0,0.0
BitRate blocking probability per pair and bitRate,2,100.0Gbps,19,6, ,0.0,0.0,0.0,0.0,0.0
BitRate blocking probability per pair and bitRate,2,100.0Gbps,10,17, ,0.0,0.0,0.0,0.0,0.0
BitRate blocking probability per pair and bitRate,2,100.0Gbps,3,8, ,0.0,0.0,0.0,0.0,0.0
BitRate blocking probability per pair and bitRate,2,100.0Gbps,3,23, ,0.0,0.0,0.0,0.0,0.0
BitRate blocking probability per pair and bitRate,2,100.0Gbps,17,9, ,0.0,0.0,0.0,0.0,0.0
BitRate blocking probability per pair and bitRate,2,100.0Gbps,9,18, ,0.0,0.0,0.0,0.0,0.0
BitRate blocking probability per pair and bitRate,2,100.0Gbps,1,3, ,0.0,0.0,0.0,0.0,0.0
BitRate blocking probability per pair and bitRate,2,100.0Gbps,10,20, ,0.0,0.0,0.0,0.0,0.0
BitRate blocking probability per pair and bitRate,2,100.0Gbps,21,6, ,0.0,0.0,0.0,0.0,0.0
BitRate blocking probability per pair and bitRate,2,100.0Gbps,8,5, ,0.0,0.0,0.0,0.0,0.0
BitRate blocking probability per pair and bitRate,2,100.0Gbps,9,8, ,0.0,0.0,0.0,0.0,0.0
BitRate blocking probability per pair and bitRate,2,100.0Gbps,24,4, ,0.0,0.0,0.0,0.0,0.0
BitRate blocking probability per pair and bitRate,2,100.0Gbps,1,12, ,0.0,0.0,0.0,0.0,0.0
BitRate blocking probability per pair and bitRate,2,100.0Gbps,11,5, ,0.0,0.0,0.0,0.0,0.0
BitRate blocking probability per pair and bitRate,2,100.0Gbps,22,7, ,0.0,0.0,0.0,0.0,0.0
BitRate blocking probability per pair and bitRate,2,100.0Gbps,22,8, ,0.0,0.0,0.0,0.0,0.0
BitRate blocking probability per pair and bitRate,2,100.0Gbps,20,22, ,0.0,0.0,0.0,0.0,0.0
BitRate blocking probability per pair and bitRate,2,100.0Gbps,13,24, ,0.0,0.0,0.0,0.0,0.0
BitRate blocking probability per pair and bitRate,2,100.0Gbps,1,7, ,0.0,0.0,0.0,0.0,0.0
BitRate blocking probability per pair and bitRate,2,100.0Gbps,17,20, ,0.0,0.0,0.0,0.0,0.0
BitRate blocking probability per pair and bitRate,2,100.0Gbps,16,18, ,0.0,0.0,0.0,0.0,0.0
BitRate blocking probability per pair and bitRate,2,100.0Gbps,16,8, ,0.0,0.0,0.0,0.0,0.0
BitRate blocking probability per pair and bitRate,2,100.0Gbps,12,15, ,0.0,0.0,0.0,0.0,0.0
BitRate blocking probability per pair and bitRate,2,100.0Gbps,17,5, ,0.0,0.0,0.0,0.0,0.0
BitRate blocking probability per pair and bitRate,2,100.0Gbps,23,14, ,0.0,0.0,0.0,0.0,0.0
BitRate blocking probability per pair and bitRate,2,100.0Gbps,1,19, ,0.0,0.0,0.0,0.0,0.0
BitRate blocking probability per pair and bitRate,2,100.0Gbps,17,7, ,0.0,0.0,0.0,0.0,0.0
BitRate blocking probability per pair and bitRate,2,100.0Gbps,18,9, ,0.0,0.0,0.0,0.0,0.0
BitRate blocking probability per pair and bitRate,2,100.0Gbps,18,23, ,0.0,0.0,0.0,0.0,0.0
BitRate blocking probability per pair and bitRate,2,100.0Gbps,13,22, ,0.0,0.0,0.0,0.0,0.0
BitRate blocking probability per pair and bitRate,2,100.0Gbps,7,6, ,0.0,0.0,0.0,0.0,0.0
BitRate blocking probability per pair and bitRate,2,100.0Gbps,9,23, ,0.0,0.0,0.0,0.0,0.0
BitRate blocking probability per pair and bitRate,2,100.0Gbps,13,6, ,0.0,0.0,0.0,0.0,0.0
BitRate blocking probability per pair and bitRate,2,100.0Gbps,15,8, ,0.0,0.0,0.0,0.0,0.0
BitRate blocking probability per pair and bitRate,2,100.0Gbps,13,14, ,0.0,0.0,0.0,0.0,0.0
BitRate blocking probability per pair and bitRate,2,100.0Gbps,20,3, ,0.0,0.0,0.0,0.0,0.0
BitRate blocking probability per pair and bitRate,2,100.0Gbps,21,16, ,0.0,0.0,0.0,0.0,0.0
BitRate blocking probability per pair and bitRate,2,100.0Gbps,3,16, ,0.0,0.0,0.0,0.0,0.0
BitRate blocking probability per pair and bitRate,2,100.0Gbps,22,13, ,0.0,0.0,0.0,0.0,0.0
BitRate blocking probability per pair and bitRate,2,100.0Gbps,3,14, ,0.0,0.0,0.0,0.0,0.0
BitRate blocking probability per pair and bitRate,2,100.0Gbps,3,7, ,0.0,0.0,0.0,0.0,0.0
BitRate blocking probability per pair and bitRate,2,100.0Gbps,10,22, ,0.0,0.0,0.0,0.0,0.0
BitRate blocking probability per pair and bitRate,2,100.0Gbps,8,10, ,0.0,0.0,0.0,0.0,0.0
BitRate blocking probability per pair and bitRate,2,100.0Gbps,22,6, ,0.0,0.0,0.0,0.0,0.0
BitRate blocking probability per pair and bitRate,2,100.0Gbps,5,2, ,0.0,0.0,0.0,0.0,0.0
BitRate blocking probability per pair and bitRate,2,100.0Gbps,13,5, ,0.0,0.0,0.0,0.0,0.0
BitRate blocking probability per pair and bitRate,2,100.0Gbps,23,8, ,0.0,0.0,0.0,0.0,0.0
BitRate blocking probability per pair and bitRate,2,100.0Gbps,13,11, ,0.0,0.0,0.0,0.0,0.0
BitRate blocking probability per pair and bitRate,2,100.0Gbps,13,7, ,0.0,0.0,0.0,0.0,0.0
BitRate blocking probability per pair and bitRate,2,100.0Gbps,3,13, ,0.0,0.0,0.0,0.0,0.0
BitRate blocking probability per pair and bitRate,2,100.0Gbps,10,12, ,0.0,0.0,0.0,0.0,0.0
BitRate blocking probability per pair and bitRate,2,100.0Gbps,24,11, ,0.0,0.0,0.0,0.0,0.0
BitRate blocking probability per pair and bitRate,2,100.0Gbps,9,7, ,0.0,0.0,0.0,0.0,0.0
BitRate blocking probability per pair and bitRate,2,100.0Gbps,24,12, ,0.0,0.0,0.0,0.0,0.0
BitRate blocking probability per pair and bitRate,2,100.0Gbps,15,3, ,0.0,0.0,0.0,0.0,0.0
BitRate blocking probability per pair and bitRate,2,100.0Gbps,22,11, ,0.0,0.0,0.0,0.0,0.0
BitRate blocking probability per pair and bitRate,2,100.0Gbps,18,19, ,0.0,0.0,0.0,0.0,0.0
BitRate blocking probability per pair and bitRate,2,100.0Gbps,16,7, ,0.0,0.0,0.0,0.0,0.0
BitRate blocking probability per pair and bitRate,2,100.0Gbps,5,24, ,0.0,0.0,0.0,0.0,0.0
BitRate blocking probability per pair and bitRate,2,100.0Gbps,10,19, ,0.0,0.0,0.0,0.0,0.0
BitRate blocking probability per pair and bitRate,2,100.0Gbps,23,13, ,0.0,0.0,0.0,0.0,0.0
BitRate blocking probability per pair and bitRate,2,100.0Gbps,12,3, ,0.0,0.0,0.0,0.0,0.0
BitRate blocking probability per pair and bitRate,2,100.0Gbps,9,10, ,0.0,0.0,0.0,0.0,0.0
BitRate blocking probability per pair and bitRate,2,100.0Gbps,4,18, ,0.0,0.0,0.0,0.0,0.0
BitRate blocking probability per pair and bitRate,2,100.0Gbps,4,19, ,0.0,0.0,0.0,0.0,0.0
BitRate blocking probability per pair and bitRate,2,100.0Gbps,17,15, ,0.0,0.0,0.0,0.0,0.0
BitRate blocking probability per pair and bitRate,2,100.0Gbps,2,22, ,0.0,0.0,0.0,0.0,0.0
BitRate blocking probability per pair and bitRate,2,100.0Gbps,11,17, ,0.0,0.0,0.0,0.0,0.0
BitRate blocking probability per pair and bitRate,2,100.0Gbps,18,13, ,0.0,0.0,0.0,0.0,0.0
BitRate blocking probability per pair and bitRate,2,100.0Gbps,24,10, ,0.0,0.0,0.0,0.0,0.0
BitRate blocking probability per pair and bitRate,2,100.0Gbps,11,13, ,0.0,0.0,0.0,0.0,0.0
BitRate blocking probability per pair and bitRate,2,100.0Gbps,12,22, ,0.0,0.0,0.0,0.0,0.0
BitRate blocking probability per pair and bitRate,2,100.0Gbps,20,23, ,0.0,0.0,0.0,0.0,0.0
BitRate blocking probability per pair and bitRate,2,100.0Gbps,4,7, ,0.0,0.0,0.0,0.0,0.0
BitRate blocking probability per pair and bitRate,2,100.0Gbps,9,12, ,0.0,0.0,0.0,0.0,0.0
BitRate blocking probability per pair and bitRate,2,100.0Gbps,4,13, ,0.0,0.0,0.0,0.0,0.0
BitRate blocking probability per pair and bitRate,2,100.0Gbps,20,13, ,0.0,0.0,0.0,0.0,0.0
BitRate blocking probability per pair and bitRate,2,100.0Gbps,10,3, ,0.0,0.0,0.0,0.0,0.0
BitRate blocking probability per pair and bitRate,2,100.0Gbps,21,3, ,0.0,0.0,0.0,0.0,0.0
BitRate blocking probability per pair and bitRate,2,100.0Gbps,7,9, ,0.0,0.0,0.0,0.0,0.0
BitRate blocking probability per pair and bitRate,2,100.0Gbps,12,19, ,0.0,0.0,0.0,0.0,0.0
BitRate blocking probability per pair and bitRate,2,100.0Gbps,19,16, ,0.0,0.0,0.0,0.0,0.0
BitRate blocking probability per pair and bitRate,2,100.0Gbps,20,11, ,0.0,0.0,0.0,0.0,0.0
BitRate blocking probability per pair and bitRate,2,100.0Gbps,22,9, ,0.0,0.0,0.0,0.0,0.0
BitRate blocking probability per pair and bitRate,2,100.0Gbps,7,11, ,0.0,0.0,0.0,0.0,0.0
BitRate blocking probability per pair and bitRate,2,100.0Gbps,6,1, ,0.0,0.0,0.0,0.0,0.0
BitRate blocking probability per pair and bitRate,2,100.0Gbps,6,14, ,0.0,0.0,0.0,0.0,0.0
BitRate blocking probability per pair and bitRate,2,100.0Gbps,21,1, ,0.0,0.0,0.0,0.0,0.0
BitRate blocking probability per pair and bitRate,2,100.0Gbps,4,23, ,0.0,0.0,0.0,0.0,0.0
BitRate blocking probability per pair and bitRate,2,100.0Gbps,1,5, ,0.0,0.0,0.0,0.0,0.0
BitRate blocking probability per pair and bitRate,2,100.0Gbps,3,22, ,0.0,0.0,0.0,0.0,0.0
BitRate blocking probability per pair and bitRate,2,100.0Gbps,5,23, ,0.0,0.0,0.0,0.0,0.0
BitRate blocking probability per pair and bitRate,2,100.0Gbps,14,9, ,0.0,0.0,0.0,0.0,0.0
BitRate blocking probability per pair and bitRate,2,100.0Gbps,23,6, ,0.0,0.0,0.0,0.0,0.0
BitRate blocking probability per pair and bitRate,2,100.0Gbps,6,19, ,0.0,0.0,0.0,0.0,0.0
BitRate blocking probability per pair and bitRate,2,100.0Gbps,14,13, ,0.0,0.0,0.0,0.0,0.0
BitRate blocking probability per pair and bitRate,2,100.0Gbps,14,11, ,0.0,0.0,0.0,0.0,0.0
BitRate blocking probability per pair and bitRate,2,100.0Gbps,12,21, ,0.0,0.0,0.0,0.0,0.0
BitRate blocking probability per pair and bitRate,2,100.0Gbps,2,8, ,0.0,0.0,0.0,0.0,0.0
BitRate blocking probability per pair and bitRate,2,100.0Gbps,16,13, ,0.0,0.0,0.0,0.0,0.0
BitRate blocking probability per pair and bitRate,2,100.0Gbps,20,18, ,0.0,0.0,0.0,0.0,0.0
BitRate blocking probability per pair and bitRate,2,100.0Gbps,6,9, ,0.0,0.0,0.0,0.0,0.0
BitRate blocking probability per pair and bitRate,2,100.0Gbps,6,23, ,0.0,0.0,0.0,0.0,0.0
BitRate blocking probability per pair and bitRate,2,100.0Gbps,10,4, ,0.0,0.0,0.0,0.0,0.0
BitRate blocking probability per pair and bitRate,2,100.0Gbps,17,23, ,0.0,0.0,0.0,0.0,0.0
BitRate blocking probability per pair and bitRate,2,100.0Gbps,17,18, ,0.0,0.0,0.0,0.0,0.0
BitRate blocking probability per pair and bitRate,2,100.0Gbps,14,12, ,0.0,0.0,0.0,0.0,0.0
BitRate blocking probability per pair and bitRate,2,100.0Gbps,14,17, ,0.0,0.0,0.0,0.0,0.0
BitRate blocking probability per pair and bitRate,2,100.0Gbps,19,7, ,0.0,0.0,0.0,0.0,0.0
BitRate blocking probability per pair and bitRate,2,100.0Gbps,7,24, ,0.0,0.0,0.0,0.0,0.0
BitRate blocking probability per pair and bitRate,2,100.0Gbps,11,18, ,0.0,0.0,0.0,0.0,0.0
BitRate blocking probability per pair and bitRate,2,100.0Gbps,11,10, ,0.0,0.0,0.0,0.0,0.0
BitRate blocking probability per pair and bitRate,2,100.0Gbps,14,22, ,0.0,0.0,0.0,0.0,0.0
BitRate blocking probability per pair and bitRate,2,100.0Gbps,4,9, ,0.0,0.0,0.0,0.0,0.0
BitRate blocking probability per pair and bitRate,2,100.0Gbps,22,21, ,0.0,0.0,0.0,0.0,0.0
BitRate blocking probability per pair and bitRate,2,100.0Gbps,22,24, ,0.0,0.0,0.0,0.0,0.0
BitRate blocking probability per pair and bitRate,2,100.0Gbps,8,15, ,0.0,0.0,0.0,0.0,0.0
BitRate blocking probability per pair and bitRate,2,100.0Gbps,12,5, ,0.0,0.0,0.0,0.0,0.0
BitRate blocking probability per pair and bitRate,2,100.0Gbps,7,23, ,0.0,0.0,0.0,0.0,0.0
BitRate blocking probability per pair and bitRate,2,100.0Gbps,24,14, ,0.0,0.0,0.0,0.0,0.0
BitRate blocking probability per pair and bitRate,2,100.0Gbps,1,2, ,0.0,0.0,0.0,0.0,0.0
BitRate blocking probability per pair and bitRate,2,100.0Gbps,15,22, ,0.0,0.0,0.0,0.0,0.0
BitRate blocking probability per pair and bitRate,2,100.0Gbps,19,14, ,0.0,0.0,0.0,0.0,0.0
BitRate blocking probability per pair and bitRate,2,100.0Gbps,21,23, ,0.0,0.0,0.0,0.0,0.0
BitRate blocking probability per pair and bitRate,2,100.0Gbps,8,1, ,0.0,0.0,0.0,0.0,0.0
BitRate blocking probability per pair and bitRate,2,100.0Gbps,18,10, ,0.0,0.0,0.0,0.0,0.0
BitRate blocking probability per pair and bitRate,2,100.0Gbps,17,3, ,0.0,0.0,0.0,0.0,0.0
BitRate blocking probability per pair and bitRate,2,100.0Gbps,5,9, ,0.0,0.0,0.0,0.0,0.0
BitRate blocking probability per pair and bitRate,2,100.0Gbps,19,8, ,0.0,0.0,0.0,0.0,0.0
BitRate blocking probability per pair and bitRate,2,100.0Gbps,4,21, ,0.0,0.0,0.0,0.0,0.0
BitRate blocking probability per pair and bitRate,2,100.0Gbps,8,16, ,0.0,0.0,0.0,0.0,0.0
BitRate blocking probability per pair and bitRate,2,100.0Gbps,5,12, ,0.0,0.0,0.0,0.0,0.0
BitRate blocking probability per pair and bitRate,2,100.0Gbps,6,16, ,0.0,0.0,0.0,0.0,0.0
BitRate blocking probability per pair and bitRate,2,100.0Gbps,20,10, ,0.0,0.0,0.0,0.0,0.0
BitRate blocking probability per pair and bitRate,2,100.0Gbps,2,15, ,0.0,0.0,0.0,0.0,0.0
BitRate blocking probability per pair and bitRate,2,100.0Gbps,20,6, ,0.0,0.0,0.0,0.0,0.0
BitRate blocking probability per pair and bitRate,2,100.0Gbps,21,13, ,0.0,0.0,0.0,0.0,0.0
BitRate blocking probability per pair and bitRate,2,100.0Gbps,6,21, ,0.0,0.0,0.0,0.0,0.0
BitRate blocking probability per pair and bitRate,2,100.0Gbps,18,16, ,0.0,0.0,0.0,0.0,0.0
BitRate blocking probability per pair and bitRate,2,100.0Gbps,5,21, ,0.0,0.0,0.0,0.0,0.0
BitRate blocking probability per pair and bitRate,2,100.0Gbps,15,11, ,0.0,0.0,0.0,0.0,0.0
BitRate blocking probability per pair and bitRate,2,100.0Gbps,8,12, ,0.0,0.0,0.0,0.0,0.0
BitRate blocking probability per pair and bitRate,2,100.0Gbps,19,1, ,0.0,0.0,0.0,0.0,0.0
BitRate blocking probability per pair and bitRate,2,100.0Gbps,21,14, ,0.0,0.0,0.0,0.0,0.0
BitRate blocking probability per pair and bitRate,2,100.0Gbps,2,13, ,0.0,0.0,0.0,0.0,0.0
BitRate blocking probability per pair and bitRate,2,100.0Gbps,17,6, ,0.0,0.0,0.0,0.0,0.0
BitRate blocking probability per pair and bitRate,2,100.0Gbps,24,1, ,0.0,0.0,0.0,0.0,0.0
BitRate blocking probability per pair and bitRate,2,100.0Gbps,8,3, ,0.0,0.0,0.0,0.0,0.0
BitRate blocking probability per pair and bitRate,2,100.0Gbps,1,22, ,0.0,0.0,0.0,0.0,0.0
BitRate blocking probability per pair and bitRate,2,100.0Gbps,23,3, ,0.0,0.0,0.0,0.0,0.0
BitRate blocking probability per pair and bitRate,2,100.0Gbps,2,1, ,0.0,0.0,0.0,0.0,0.0
BitRate blocking probability per pair and bitRate,2,100.0Gbps,15,23, ,0.0,0.0,0.0,0.0,0.0
BitRate blocking probability per pair and bitRate,2,100.0Gbps,19,15, ,0.0,0.0,0.0,0.0,0.0
BitRate blocking probability per pair and bitRate,2,100.0Gbps,2,23, ,0.0,0.0,0.0,0.0,0.0
BitRate blocking probability per pair and bitRate,2,100.0Gbps,13,17, ,0.0,0.0,0.0,0.0,0.0
BitRate blocking probability per pair and bitRate,2,100.0Gbps,1,10, ,0.0,0.0,0.0,0.0,0.0
BitRate blocking probability per pair and bitRate,2,100.0Gbps,5,22, ,0.0,0.0,0.0,0.0,0.0
BitRate blocking probability per pair and bitRate,2,100.0Gbps,18,24, ,0.0,0.0,0.0,0.0,0.0
BitRate blocking probability per pair and bitRate,2,100.0Gbps,19,23, ,0.0,0.0,0.0,0.0,0.0
BitRate blocking probability per pair and bitRate,2,100.0Gbps,20,8, ,0.0,0.0,0.0,0.0,0.0
BitRate blocking probability per pair and bitRate,2,100.0Gbps,10,6, ,0.0,0.0,0.0,0.0,0.0
BitRate blocking probability per pair and bitRate,2,100.0Gbps,2,6, ,0.0,0.0,0.0,0.0,0.0
BitRate blocking probability per pair and bitRate,2,100.0Gbps,16,14, ,0.0,0.0,0.0,0.0,0.0
BitRate blocking probability per pair and bitRate,2,100.0Gbps,24,19, ,0.0,0.0,0.0,0.0,0.0
BitRate blocking probability per pair and bitRate,2,100.0Gbps,23,19, ,0.0,0.0,0.0,0.0,0.0
BitRate blocking probability per pair and bitRate,2,100.0Gbps,12,2, ,0.0,0.0,0.0,0.0,0.0
BitRate blocking probability per pair and bitRate,2,100.0Gbps,23,1, ,0.0,0.0,0.0,0.0,0.0
BitRate blocking probability per pair and bitRate,2,100.0Gbps,15,7, ,0.0,0.0,0.0,0.0,0.0
BitRate blocking probability per pair and bitRate,2,100.0Gbps,22,12, ,0.0,0.0,0.0,0.0,0.0
BitRate blocking probability per pair and bitRate,2,100.0Gbps,3,6, ,0.0,0.0,0.0,0.0,0.0
BitRate blocking probability per pair and bitRate,2,100.0Gbps,4,2, ,0.0,0.0,0.0,0.0,0.0
BitRate blocking probability per pair and bitRate,2,100.0Gbps,13,1, ,0.0,0.0,0.0,0.0,0.0
BitRate blocking probability per pair and bitRate,2,100.0Gbps,6,5, ,0.0,0.0,0.0,0.0,0.0
BitRate blocking probability per pair and bitRate,2,100.0Gbps,16,22, ,0.0,0.0,0.0,0.0,0.0
BitRate blocking probability per pair and bitRate,2,100.0Gbps,7,5, ,0.0,0.0,0.0,0.0,0.0
BitRate blocking probability per pair and bitRate,2,100.0Gbps,6,24, ,0.0,0.0,0.0,0.0,0.0
BitRate blocking probability per pair and bitRate,2,100.0Gbps,18,17, ,0.0,0.0,0.0,0.0,0.0
BitRate blocking probability per pair and bitRate,2,100.0Gbps,22,3, ,0.0,0.0,0.0,0.0,0.0
BitRate blocking probability per pair and bitRate,2,100.0Gbps,13,4, ,0.0,0.0,0.0,0.0,0.0
BitRate blocking probability per pair and bitRate,2,100.0Gbps,16,5, ,0.0,0.0,0.0,0.0,0.0
BitRate blocking probability per pair and bitRate,2,100.0Gbps,18,11, ,0.0,0.0,0.0,0.0,0.0
BitRate blocking probability per pair and bitRate,2,100.0Gbps,6,11, ,0.0,0.0,0.0,0.0,0.0
BitRate blocking probability per pair and bitRate,2,100.0Gbps,17,13, ,0.0,0.0,0.0,0.0,0.0
BitRate blocking probability per pair and bitRate,2,100.0Gbps,7,3, ,0.0,0.0,0.0,0.0,0.0
BitRate blocking probability per pair and bitRate,2,100.0Gbps,22,23, ,0.0,0.0,0.0,0.0,0.0
BitRate blocking probability per pair and bitRate,2,100.0Gbps,10,13, ,0.0,0.0,0.0,0.0,0.0
BitRate blocking probability per pair and bitRate,2,100.0Gbps,14,7, ,0.0,0.0,0.0,0.0,0.0
BitRate blocking probability per pair and bitRate,2,100.0Gbps,20,16, ,0.0,0.0,0.0,0.0,0.0
BitRate blocking probability per pair and bitRate,2,100.0Gbps,14,8, ,0.0,0.0,0.0,0.0,0.0
BitRate blocking probability per pair and bitRate,2,100.0Gbps,7,4, ,0.0,0.0,0.0,0.0,0.0
BitRate blocking probability per pair and bitRate,2,100.0Gbps,8,14, ,0.0,0.0,0.0,0.0,0.0
BitRate blocking probability per pair and bitRate,2,100.0Gbps,3,12, ,0.0,0.0,0.0,0.0,0.0
BitRate blocking probability per pair and bitRate,2,100.0Gbps,7,2, ,0.0,0.0,0.0,0.0,0.0
BitRate blocking probability per pair and bitRate,2,100.0Gbps,10,11, ,0.0,0.0,0.0,0.0,0.0
BitRate blocking probability per pair and bitRate,2,100.0Gbps,11,14, ,0.0,0.0,0.0,0.0,0.0
BitRate blocking probability per pair and bitRate,2,100.0Gbps,20,24, ,0.0,0.0,0.0,0.0,0.0
BitRate blocking probability per pair and bitRate,2,100.0Gbps,20,4, ,0.0,0.0,0.0,0.0,0.0
BitRate blocking probability per pair and bitRate,2,100.0Gbps,23,2, ,0.0,0.0,0.0,0.0,0.0
BitRate blocking probability per pair and bitRate,2,100.0Gbps,22,2, ,0.0,0.0,0.0,0.0,0.0
BitRate blocking probability per pair and bitRate,2,100.0Gbps,22,19, ,0.0,0.0,0.0,0.0,0.0
BitRate blocking probability per pair and bitRate,2,100.0Gbps,24,23, ,0.0,0.0,0.0,0.0,0.0
BitRate blocking probability per pair and bitRate,2,100.0Gbps,6,17, ,0.0,0.0,0.0,0.0,0.0
BitRate blocking probability per pair and bitRate,2,100.0Gbps,4,15, ,0.0,0.0,0.0,0.0,0.0
BitRate blocking probability per pair and bitRate,2,100.0Gbps,20,7, ,0.0,0.0,0.0,0.0,0.0
BitRate blocking probability per pair and bitRate,2,100.0Gbps,10,8, ,0.0,0.0,0.0,0.0,0.0
BitRate blocking probability per pair and bitRate,2,100.0Gbps,10,24, ,0.0,0.0,0.0,0.0,0.0
BitRate blocking probability per pair and bitRate,2,100.0Gbps,12,16, ,0.0,0.0,0.0,0.0,0.0
BitRate blocking probability per pair and bitRate,2,100.0Gbps,8,13, ,0.0,0.0,0.0,0.0,0.0
BitRate blocking probability per pair and bitRate,2,100.0Gbps,11,4, ,0.0,0.0,0.0,0.0,0.0
BitRate blocking probability per pair and bitRate,2,100.0Gbps,22,17, ,0.0,0.0,0.0,0.0,0.0
BitRate blocking probability per pair and bitRate,2,100.0Gbps,4,1, ,0.0,0.0,0.0,0.0,0.0
BitRate blocking probability per pair and bitRate,2,100.0Gbps,14,6, ,0.0,0.0,0.0,0.0,0.0
BitRate blocking probability per pair and bitRate,2,100.0Gbps,14,10, ,0.0,0.0,0.0,0.0,0.0
BitRate blocking probability per pair and bitRate,2,100.0Gbps,24,6, ,0.0,0.0,0.0,0.0,0.0
BitRate blocking probability per pair and bitRate,2,100.0Gbps,15,2, ,0.0,0.0,0.0,0.0,0.0
BitRate blocking probability per pair and bitRate,2,100.0Gbps,22,10, ,0.0,0.0,0.0,0.0,0.0
BitRate blocking probability per pair and bitRate,2,100.0Gbps,4,17, ,0.0,0.0,0.0,0.0,0.0
BitRate blocking probability per pair and bitRate,2,100.0Gbps,17,2, ,0.0,0.0,0.0,0.0,0.0
BitRate blocking probability per pair and bitRate,2,100.0Gbps,18,20, ,0.0,0.0,0.0,0.0,0.0
BitRate blocking probability per pair and bitRate,2,100.0Gbps,17,21, ,0.0,0.0,0.0,0.0,0.0
BitRate blocking probability per pair and bitRate,2,100.0Gbps,18,6, ,0.0,0.0,0.0,0.0,0.0
BitRate blocking probability per pair and bitRate,2,100.0Gbps,10,15, ,0.0,0.0,0.0,0.0,0.0
BitRate blocking probability per pair and bitRate,2,100.0Gbps,4,11, ,0.0,0.0,0.0,0.0,0.0
BitRate blocking probability per pair and bitRate,2,100.0Gbps,2,21, ,0.0,0.0,0.0,0.0,0.0
BitRate blocking probability per pair and bitRate,2,100.0Gbps,19,9, ,0.0,0.0,0.0,0.0,0.0
BitRate blocking probability per pair and bitRate,2,100.0Gbps,5,8, ,0.0,0.0,0.0,0.0,0.0
BitRate blocking probability per pair and bitRate,2,100.0Gbps,5,3, ,0.0,0.0,0.0,0.0,0.0
BitRate blocking probability per pair and bitRate,2,100.0Gbps,11,6, ,0.0,0.0,0.0,0.0,0.0
BitRate blocking probability per pair and bitRate,2,100.0Gbps,8,2, ,0.0,0.0,0.0,0.0,0.0
BitRate blocking probability per pair and bitRate,2,100.0Gbps,9,24, ,0.0,0.0,0.0,0.0,0.0
BitRate blocking probability per pair and bitRate,2,100.0Gbps,16,23, ,0.0,0.0,0.0,0.0,0.0
BitRate blocking probability per pair and bitRate,2,100.0Gbps,2,16, ,0.0,0.0,0.0,0.0,0.0
BitRate blocking probability per pair and bitRate,2,100.0Gbps,16,17, ,0.0,0.0,0.0,0.0,0.0
BitRate blocking probability per pair and bitRate,2,100.0Gbps,23,18, ,0.0,0.0,0.0,0.0,0.0
BitRate blocking probability per pair and bitRate,2,100.0Gbps,7,1, ,0.0,0.0,0.0,0.0,0.0
BitRate blocking probability per pair and bitRate,2,100.0Gbps,11,24, ,0.0,0.0,0.0,0.0,0.0
BitRate blocking probability per pair and bitRate,2,100.0Gbps,2,10, ,0.0,0.0,0.0,0.0,0.0
BitRate blocking probability per pair and bitRate,2,100.0Gbps,4,6, ,0.0,0.0,0.0,0.0,0.0
BitRate blocking probability per pair and bitRate,2,100.0Gbps,15,13, ,0.0,0.0,0.0,0.0,0.0
BitRate blocking probability per pair and bitRate,2,100.0Gbps,21,12, ,0.0,0.0,0.0,0.0,0.0
BitRate blocking probability per pair and bitRate,2,100.0Gbps,5,6, ,0.0,0.0,0.0,0.0,0.0
BitRate blocking probability per pair and bitRate,2,100.0Gbps,10,18, ,0.0,0.0,0.0,0.0,0.0
BitRate blocking probability per pair and bitRate,2,100.0Gbps,14,23, ,0.0,0.0,0.0,0.0,0.0
BitRate blocking probability per pair and bitRate,2,100.0Gbps,21,8, ,0.0,0.0,0.0,0.0,0.0
BitRate blocking probability per pair and bitRate,2,100.0Gbps,11,3, ,0.0,0.0,0.0,0.0,0.0
BitRate blocking probability per pair and bitRate,2,100.0Gbps,13,16, ,0.0,0.0,0.0,0.0,0.0
BitRate blocking probability per pair and bitRate,2,100.0Gbps,22,16, ,0.0,0.0,0.0,0.0,0.0
BitRate blocking probability per pair and bitRate,2,100.0Gbps,21,5, ,0.0,0.0,0.0,0.0,0.0
BitRate blocking probability per pair and bitRate,2,100.0Gbps,23,24, ,0.0,0.0,0.0,0.0,0.0
BitRate blocking probability per pair and bitRate,2,100.0Gbps,9,6, ,0.0,0.0,0.0,0.0,0.0
BitRate blocking probability per pair and bitRate,2,100.0Gbps,20,9, ,0.0,0.0,0.0,0.0,0.0
BitRate blocking probability per pair and bitRate,2,100.0Gbps,16,6, ,0.0,0.0,0.0,0.0,0.0
BitRate blocking probability per pair and bitRate,2,100.0Gbps,15,4, ,0.0,0.0,0.0,0.0,0.0
BitRate blocking probability per pair and bitRate,2,100.0Gbps,3,4, ,0.0,0.0,0.0,0.0,0.0
BitRate blocking probability per pair and bitRate,2,100.0Gbps,17,10, ,0.0,0.0,0.0,0.0,0.0
BitRate blocking probability per pair and bitRate,2,100.0Gbps,12,10, ,0.0,0.0,0.0,0.0,0.0
BitRate blocking probability per pair and bitRate,2,100.0Gbps,12,7, ,0.0,0.0,0.0,0.0,0.0
BitRate blocking probability per pair and bitRate,2,100.0Gbps,3,17, ,0.0,0.0,0.0,0.0,0.0
BitRate blocking probability per pair and bitRate,2,200.0Gbps,11,2, ,0.0,0.0,0.0,0.0,0.0
BitRate blocking probability per pair and bitRate,2,200.0Gbps,1,23, ,0.0,0.0,0.0,0.0,0.0
BitRate blocking probability per pair and bitRate,2,200.0Gbps,2,9, ,0.0,0.0,0.0,0.0,0.0
BitRate blocking probability per pair and bitRate,2,200.0Gbps,1,20, ,0.0,0.0,0.0,0.0,0.0
BitRate blocking probability per pair and bitRate,2,200.0Gbps,17,24, ,0.0,0.0,0.0,0.0,0.0
BitRate blocking probability per pair and bitRate,2,200.0Gbps,21,15, ,0.0,0.0,0.0,0.0,0.0
BitRate blocking probability per pair and bitRate,2,200.0Gbps,19,11, ,0.0,0.0,0.0,0.0,0.0
BitRate blocking probability per pair and bitRate,2,200.0Gbps,3,1, ,0.0,0.0,0.0,0.0,0.0
BitRate blocking probability per pair and bitRate,2,200.0Gbps,24,2, ,0.0,0.0,0.0,0.0,0.0
BitRate blocking probability per pair and bitRate,2,200.0Gbps,23,22, ,0.0,0.0,0.0,0.0,0.0
BitRate blocking probability per pair and bitRate,2,200.0Gbps,17,22, ,0.0,0.0,0.0,0.0,0.0
BitRate blocking probability per pair and bitRate,2,200.0Gbps,15,20, ,0.0,0.0,0.0,0.0,0.0
BitRate blocking probability per pair and bitRate,2,200.0Gbps,2,7, ,0.0,0.0,0.0,0.0,0.0
BitRate blocking probability per pair and bitRate,2,200.0Gbps,10,1, ,0.0,0.0,0.0,0.0,0.0
BitRate blocking probability per pair and bitRate,2,200.0Gbps,14,16, ,0.0,0.0,0.0,0.0,0.0
BitRate blocking probability per pair and bitRate,2,200.0Gbps,13,18, ,0.0,0.0,0.0,0.0,0.0
BitRate blocking probability per pair and bitRate,2,200.0Gbps,11,7, ,0.0,0.0,0.0,0.0,0.0
BitRate blocking probability per pair and bitRate,2,200.0Gbps,15,10, ,0.0,0.0,0.0,0.0,0.0
BitRate blocking probability per pair and bitRate,2,200.0Gbps,17,4, ,0.0,0.0,0.0,0.0,0.0
BitRate blocking probability per pair and bitRate,2,200.0Gbps,15,19, ,0.0,0.0,0.0,0.0,0.0
BitRate blocking probability per pair and bitRate,2,200.0Gbps,9,22, ,0.0,0.0,0.0,0.0,0.0
BitRate blocking probability per pair and bitRate,2,200.0Gbps,9,19, ,0.0,0.0,0.0,0.0,0.0
BitRate blocking probability per pair and bitRate,2,200.0Gbps,24,7, ,0.0,0.0,0.0,0.0,0.0
BitRate blocking probability per pair and bitRate,2,200.0Gbps,1,18, ,0.0,0.0,0.0,0.0,0.0
BitRate blocking probability per pair and bitRate,2,200.0Gbps,19,4, ,0.0,0.0,0.0,0.0,0.0
BitRate blocking probability per pair and bitRate,2,200.0Gbps,5,1, ,0.0,0.0,0.0,0.0,0.0
BitRate blocking probability per pair and bitRate,2,200.0Gbps,5,20, ,0.0,0.0,0.0,0.0,0.0
BitRate blocking probability per pair and bitRate,2,200.0Gbps,21,24, ,0.0,0.0,0.0,0.0,0.0
BitRate blocking probability per pair and bitRate,2,200.0Gbps,9,1, ,0.0,0.0,0.0,0.0,0.0
BitRate blocking probability per pair and bitRate,2,200.0Gbps,9,21, ,0.0,0.0,0.0,0.0,0.0
BitRate blocking probability per pair and bitRate,2,200.0Gbps,14,15, ,0.0,0.0,0.0,0.0,0.0
BitRate blocking probability per pair and bitRate,2,200.0Gbps,8,4, ,0.0,0.0,0.0,0.0,0.0
BitRate blocking probability per pair and bitRate,2,200.0Gbps,8,21, ,0.0,0.0,0.0,0.0,0.0
BitRate blocking probability per pair and bitRate,2,200.0Gbps,6,3, ,0.0,0.0,0.0,0.0,0.0
BitRate blocking probability per pair and bitRate,2,200.0Gbps,9,2, ,0.0,0.0,0.0,0.0,0.0
BitRate blocking probability per pair and bitRate,2,200.0Gbps,16,2, ,0.0,0.0,0.0,0.0,0.0
BitRate blocking probability per pair and bitRate,2,200.0Gbps,9,4, ,0.0,0.0,0.0,0.0,0.0
BitRate blocking probability per pair and bitRate,2,200.0Gbps,23,21, ,0.0,0.0,0.0,0.0,0.0
BitRate blocking probability per pair and bitRate,2,200.0Gbps,19,24, ,0.0,0.0,0.0,0.0,0.0
BitRate blocking probability per pair and bitRate,2,200.0Gbps,22,15, ,0.0,0.0,0.0,0.0,0.0
BitRate blocking probability per pair and bitRate,2,200.0Gbps,23,17, ,0.0,0.0,0.0,0.0,0.0
BitRate blocking probability per pair and bitRate,2,200.0Gbps,8,11, ,0.0,0.0,0.0,0.0,0.0
BitRate blocking probability per pair and bitRate,2,200.0Gbps,24,17, ,0.0,0.0,0.0,0.0,0.0
BitRate blocking probability per pair and bitRate,2,200.0Gbps,22,18, ,0.0,0.0,0.0,0.0,0.0
BitRate blocking probability per pair and bitRate,2,200.0Gbps,5,11, ,0.0,0.0,0.0,0.0,0.0
BitRate blocking probability per pair and bitRate,2,200.0Gbps,4,8, ,0.0,0.0,0.0,0.0,0.0
BitRate blocking probability per pair and bitRate,2,200.0Gbps,23,9, ,0.0,0.0,0.0,0.0,0.0
BitRate blocking probability per pair and bitRate,2,200.0Gbps,6,12, ,0.0,0.0,0.0,0.0,0.0
BitRate blocking probability per pair and bitRate,2,200.0Gbps,4,5, ,0.0,0.0,0.0,0.0,0.0
BitRate blocking probability per pair and bitRate,2,200.0Gbps,16,9, ,0.0,0.0,0.0,0.0,0.0
BitRate blocking probability per pair and bitRate,2,200.0Gbps,16,11, ,0.0,0.0,0.0,0.0,0.0
BitRate blocking probability per pair and bitRate,2,200.0Gbps,24,20, ,0.0,0.0,0.0,0.0,0.0
BitRate blocking probability per pair and bitRate,2,200.0Gbps,12,14, ,0.0,0.0,0.0,0.0,0.0
BitRate blocking probability per pair and bitRate,2,200.0Gbps,20,5, ,0.0,0.0,0.0,0.0,0.0
BitRate blocking probability per pair and bitRate,2,200.0Gbps,11,12, ,0.0,0.0,0.0,0.0,0.0
BitRate blocking probability per pair and bitRate,2,200.0Gbps,7,14, ,0.0,0.0,0.0,0.0,0.0
BitRate blocking probability per pair and bitRate,2,200.0Gbps,10,23, ,0.0,0.0,0.0,0.0,0.0
BitRate blocking probability per pair and bitRate,2,200.0Gbps,22,20, ,0.0,0.0,0.0,0.0,0.0
BitRate blocking probability per pair and bitRate,2,200.0Gbps,17,11, ,0.0,0.0,0.0,0.0,0.0
BitRate blocking probability per pair and bitRate,2,200.0Gbps,3,10, ,0.0,0.0,0.0,0.0,0.0
BitRate blocking probability per pair and bitRate,2,200.0Gbps,17,14, ,0.0,0.0,0.0,0.0,0.0
BitRate blocking probability per pair and bitRate,2,200.0Gbps,10,7, ,0.0,0.0,0.0,0.0,0.0
BitRate blocking probability per pair and bitRate,2,200.0Gbps,3,2, ,0.0,0.0,0.0,0.0,0.0
BitRate blocking probability per pair and bitRate,2,200.0Gbps,3,5, ,0.0,0.0,0.0,0.0,0.0
BitRate blocking probability per pair and bitRate,2,200.0Gbps,22,1, ,0.0,0.0,0.0,0.0,0.0
BitRate blocking probability per pair and bitRate,2,200.0Gbps,1,14, ,0.0,0.0,0.0,0.0,0.0
BitRate blocking probability per pair and bitRate,2,200.0Gbps,24,8, ,0.0,0.0,0.0,0.0,0.0
BitRate blocking probability per pair and bitRate,2,200.0Gbps,11,21, ,0.0,0.0,0.0,0.0,0.0
BitRate blocking probability per pair and bitRate,2,200.0Gbps,20,14, ,0.0,0.0,0.0,0.0,0.0
BitRate blocking probability per pair and bitRate,2,200.0Gbps,8,6, ,0.0,0.0,0.0,0.0,0.0
BitRate blocking probability per pair and bitRate,2,200.0Gbps,21,11, ,0.0,0.0,0.0,0.0,0.0
BitRate blocking probability per pair and bitRate,2,200.0Gbps,11,8, ,0.0,0.0,0.0,0.0,0.0
BitRate blocking probability per pair and bitRate,2,200.0Gbps,21,19, ,0.0,0.0,0.0,0.0,0.0
BitRate blocking probability per pair and bitRate,2,200.0Gbps,17,1, ,0.0,0.0,0.0,0.0,0.0
BitRate blocking probability per pair and bitRate,2,200.0Gbps,11,22, ,0.0,0.0,0.0,0.0,0.0
BitRate blocking probability per pair and bitRate,2,200.0Gbps,24,21, ,0.0,0.0,0.0,0.0,0.0
BitRate blocking probability per pair and bitRate,2,200.0Gbps,19,22, ,0.0,0.0,0.0,0.0,0.0
BitRate blocking probability per pair and bitRate,2,200.0Gbps,7,12, ,0.0,0.0,0.0,0.0,0.0
BitRate blocking probability per pair and bitRate,2,200.0Gbps,7,22, ,0.0,0.0,0.0,0.0,0.0
BitRate blocking probability per pair and bitRate,2,200.0Gbps,23,5, ,0.0,0.0,0.0,0.0,0.0
BitRate blocking probability per pair and bitRate,2,200.0Gbps,21,17, ,0.0,0.0,0.0,0.0,0.0
BitRate blocking probability per pair and bitRate,2,200.0Gbps,1,11, ,0.0,0.0,0.0,0.0,0.0
BitRate blocking probability per pair and bitRate,2,200.0Gbps,18,12, ,0.0,0.0,0.0,0.0,0.0
BitRate blocking probability per pair and bitRate,2,200.0Gbps,23,10, ,0.0,0.0,0.0,0.0,0.0
BitRate blocking probability per pair and bitRate,2,200.0Gbps,18,7, ,0.0,0.0,0.0,0.0,0.0
BitRate blocking probability per pair and bitRate,2,200.0Gbps,24,22, ,0.0,0.0,0.0,0.0,0.0
BitRate blocking probability per pair and bitRate,2,200.0Gbps,21,2, ,0.0,0.0,0.0,0.0,0.0
BitRate blocking probability per pair and bitRate,2,200.0Gbps,16,4, ,0.0,0.0,0.0,0.0,0.0
BitRate blocking probability per pair and bitRate,2,200.0Gbps,10,9, ,0.0,0.0,0.0,0.0,0.0
BitRate blocking probability per pair and bitRate,2,200.0Gbps,22,5, ,0.0,0.0,0.0,0.0,0.0
BitRate blocking probability per pair and bitRate,2,200.0Gbps,9,17, ,0.0,0.0,0.0,0.0,0.0
BitRate blocking probability per pair and bitRate,2,200.0Gbps,8,20, ,0.0,0.0,0.0,0.0,0.0
BitRate blocking probability per pair and bitRate,2,200.0Gbps,1,24, ,0.0,0.0,0.0,0.0,0.0
BitRate blocking probability per pair and bitRate,2,200.0Gbps,2,14, ,0.0,0.0,0.0,0.0,0.0
BitRate blocking probability per pair and bitRate,2,200.0Gbps,5,18, ,0.0,0.0,0.0,0.0,0.0
BitRate blocking probability per pair and bitRate,2,200.0Gbps,8,9, ,0.0,0.0,0.0,0.0,0.0
BitRate blocking probability per pair and bitRate,2,200.0Gbps,9,13, ,0.0,0.0,0.0,0.0,0.0
BitRate blocking probability per pair and bitRate,2,200.0Gbps,24,13, ,0.0,0.0,0.0,0.0,0.0
BitRate blocking probability per pair and bitRate,2,200.0Gbps,2,17, ,0.0,0.0,0.0,0.0,0.0
BitRate blocking probability per pair and bitRate,2,200.0Gbps,20,1, ,0.0,0.0,0.0,0.0,0.0
BitRate blocking probability per pair and bitRate,2,200.0Gbps,19,2, ,0.0,0.0,0.0,0.0,0.0
BitRate blocking probability per pair and bitRate,2,200.0Gbps,4,3, ,0.0,0.0,0.0,0.0,0.0
BitRate blocking probability per pair and bitRate,2,200.0Gbps,22,4, ,0.0,0.0,0.0,0.0,0.0
BitRate blocking probability per pair and bitRate,2,200.0Gbps,5,4, ,0.0,0.0,0.0,0.0,0.0
BitRate blocking probability per pair and bitRate,2,200.0Gbps,16,19, ,0.0,0.0,0.0,0.0,0.0
BitRate blocking probability per pair and bitRate,2,200.0Gbps,12,6, ,0.0,0.0,0.0,0.0,0.0
BitRate blocking probability per pair and bitRate,2,200.0Gbps,17,8, ,0.0,0.0,0.0,0.0,0.0
BitRate blocking probability per pair and bitRate,2,200.0Gbps,12,9, ,0.0,0.0,0.0,0.0,0.0
BitRate blocking probability per pair and bitRate,2,200.0Gbps,11,20, ,0.0,0.0,0.0,0.0,0.0
BitRate blocking probability per pair and bitRate,2,200.0Gbps,15,12, ,0.0,0.0,0.0,0.0,0.0
BitRate blocking probability per pair and bitRate,2,200.0Gbps,9,16, ,0.0,0.0,0.0,0.0,0.0
BitRate blocking probability per pair and bitRate,2,200.0Gbps,7,15, ,0.0,0.0,0.0,0.0,0.0
BitRate blocking probability per pair and bitRate,2,200.0Gbps,6,13, ,0.0,0.0,0.0,0.0,0.0
BitRate blocking probability per pair and bitRate,2,200.0Gbps,19,18, ,0.0,0.0,0.0,0.0,0.0
BitRate blocking probability per pair and bitRate,2,200.0Gbps,3,9, ,0.0,0.0,0.0,0.0,0.0
BitRate blocking probability per pair and bitRate,2,200.0Gbps,21,18, ,0.0,0.0,0.0,0.0,0.0
BitRate blocking probability per pair and bitRate,2,200.0Gbps,1,17, ,0.0,0.0,0.0,0.0,0.0
BitRate blocking probability per pair and bitRate,2,200.0Gbps,8,24, ,0.0,0.0,0.0,0.0,0.0
BitRate blocking probability per pair and bitRate,2,200.0Gbps,7,16, ,0.0,0.0,0.0,0.0,0.0
BitRate blocking probability per pair and bitRate,2,200.0Gbps,15,21, ,0.0,0.0,0.0,0.0,0.0
BitRate blocking probability per pair and bitRate,2,200.0Gbps,18,22, ,0.0,0.0,0.0,0.0,0.0
BitRate blocking probability per pair and bitRate,2,200.0Gbps,14,2, ,0.0,0.0,0.0,0.0,0.0
BitRate blocking probability per pair and bitRate,2,200.0Gbps,2,12, ,0.0,0.0,0.0,0.0,0.0
BitRate blocking probability per pair and bitRate,2,200.0Gbps,12,8, ,0.0,0.0,0.0,0.0,0.0
BitRate blocking probability per pair and bitRate,2,200.0Gbps,1,13, ,0.0,0.0,0.0,0.0,0.0
BitRate blocking probability per pair and bitRate,2,200.0Gbps,8,18, ,0.0,0.0,0.0,0.0,0.0
BitRate blocking probability per pair and bitRate,2,200.0Gbps,15,6, ,0.0,0.0,0.0,0.0,0.0
BitRate blocking probability per pair and bitRate,2,200.0Gbps,6,20, ,0.0,0.0,0.0,0.0,0.0
BitRate blocking probability per pair and bitRate,2,200.0Gbps,7,21, ,0.0,0.0,0.0,0.0,0.0
BitRate blocking probability per pair and bitRate,2,200.0Gbps,9,3, ,0.0,0.0,0.0,0.0,0.0
BitRate blocking probability per pair and bitRate,2,200.0Gbps,12,13, ,0.0,0.0,0.0,0.0,0.0
BitRate blocking probability per pair and bitRate,2,200.0Gbps,8,22, ,0.0,0.0,0.0,0.0,0.0
BitRate blocking probability per pair and bitRate,2,200.0Gbps,2,3, ,0.0,0.0,0.0,0.0,0.0
BitRate blocking probability per pair and bitRate,2,200.0Gbps,14,18, ,0.0,0.0,0.0,0.0,0.0
BitRate blocking probability per pair and bitRate,2,200.0Gbps,23,20, ,0.0,0.0,0.0,0.0,0.0
BitRate blocking probability per pair and bitRate,2,200.0Gbps,4,20, ,0.0,0.0,0.0,0.0,0.0
BitRate blocking probability per pair and bitRate,2,200.0Gbps,4,24, ,0.0,0.0,0.0,0.0,0.0
BitRate blocking probability per pair and bitRate,2,200.0Gbps,16,15, ,0.0,0.0,0.0,0.0,0.0
BitRate blocking probability per pair and bitRate,2,200.0Gbps,24,16, ,0.0,0.0,0.0,0.0,0.0
BitRate blocking probability per pair and bitRate,2,200.0Gbps,19,12, ,0.0,0.0,0.0,0.0,0.0
BitRate blocking probability per pair and bitRate,2,200.0Gbps,6,15, ,0.0,0.0,0.0,0.0,0.0
BitRate blocking probability per pair and bitRate,2,200.0Gbps,8,7, ,0.0,0.0,0.0,0.0,0.0
BitRate blocking probability per pair and bitRate,2,200.0Gbps,2,20, ,0.0,0.0,0.0,0.0,0.0
BitRate blocking probability per pair and bitRate,2,200.0Gbps,11,9, ,0.0,0.0,0.0,0.0,0.0
BitRate blocking probability per pair and bitRate,2,200.0Gbps,4,12, ,0.0,0.0,0.0,0.0,0.0
BitRate blocking probability per pair and bitRate,2,200.0Gbps,13,23, ,0.0,0.0,0.0,0.0,0.0
BitRate blocking probability per pair and bitRate,2,200.0Gbps,11,16, ,0.0,0.0,0.0,0.0,0.0
BitRate blocking probability per pair and bitRate,2,200.0Gbps,3,11, ,0.0,0.0,0.0,0.0,0.0
BitRate blocking probability per pair and bitRate,2,200.0Gbps,2,5, ,0.0,0.0,0.0,0.0,0.0
BitRate blocking probability per pair and bitRate,2,200.0Gbps,3,24, ,0.0,0.0,0.0,0.0,0.0
BitRate blocking probability per pair and bitRate,2,200.0Gbps,18,1, ,0.0,0.0,0.0,0.0,0.0
BitRate blocking probability per pair and bitRate,2,200.0Gbps,10,2, ,0.0,0.0,0.0,0.0,0.0
BitRate blocking probability per pair and bitRate,2,200.0Gbps,15,16, ,0.0,0.0,0.0,0.0,0.0
BitRate blocking probability per pair and bitRate,2,200.0Gbps,20,17, ,0.0,0.0,0.0,0.0,0.0
BitRate blocking probability per pair and bitRate,2,200.0Gbps,5,13, ,0.0,0.0,0.0,0.0,0.0
BitRate blocking probability per pair and bitRate,2,200.0Gbps,24,15, ,0.0,0.0,0.0,0.0,0.0
BitRate blocking probability per pair and bitRate,2,200.0Gbps,12,17, ,0.0,0.0,0.0,0.0,0.0
BitRate blocking probability per pair and bitRate,2,200.0Gbps,20,2, ,0.0,0.0,0.0,0.0,0.0
BitRate blocking probability per pair and bitRate,2,200.0Gbps,5,19, ,0.0,0.0,0.0,0.0,0.0
BitRate blocking probability per pair and bitRate,2,200.0Gbps,6,8, ,0.0,0.0,0.0,0.0,0.0
BitRate blocking probability per pair and bitRate,2,200.0Gbps,4,10, ,0.0,0.0,0.0,0.0,0.0
BitRate blocking probability per pair and bitRate,2,200.0Gbps,1,4, ,0.0,0.0,0.0,0.0,0.0
BitRate blocking probability per pair and bitRate,2,200.0Gbps,12,23, ,0.0,0.0,0.0,0.0,0.0
BitRate blocking probability per pair and bitRate,2,200.0Gbps,23,4, ,0.0,0.0,0.0,0.0,0.0
BitRate blocking probability per pair and bitRate,2,200.0Gbps,12,20, ,0.0,0.0,0.0,0.0,0.0
BitRate blocking probability per pair and bitRate,2,200.0Gbps,11,19, ,0.0,0.0,0.0,0.0,0.0
BitRate blocking probability per pair and bitRate,2,200.0Gbps,2,11, ,0.0,0.0,0.0,0.0,0.0
BitRate blocking probability per pair and bitRate,2,200.0Gbps,8,23, ,0.0,0.0,0.0,0.0,0.0
BitRate blocking probability per pair and bitRate,2,200.0Gbps,10,14, ,0.0,0.0,0.0,0.0,0.0
BitRate blocking probability per pair and bitRate,2,200.0Gbps,21,22, ,0.0,0.0,0.0,0.0,0.0
BitRate blocking probability per pair and bitRate,2,200.0Gbps,9,11, ,0.0,0.0,0.0,0.0,0.0
BitRate blocking probability per pair and bitRate,2,200.0Gbps,23,7, ,0.0,0.0,0.0,0.0,0.0
BitRate blocking probability per pair and bitRate,2,200.0Gbps,24,18, ,0.0,0.0,0.0,0.0,0.0
BitRate blocking probability per pair and bitRate,2,200.0Gbps,14,24, ,0.0,0.0,0.0,0.0,0.0
BitRate blocking probability per pair and bitRate,2,200.0Gbps,6,4, ,0.0,0.0,0.0,0.0,0.0
BitRate blocking probability per pair and bitRate,2,200.0Gbps,21,9, ,0.0,0.0,0.0,0.0,0.0
BitRate blocking probability per pair and bitRate,2,200.0Gbps,15,1, ,0.0,0.0,0.0,0.0,0.0
BitRate blocking probability per pair and bitRate,2,200.0Gbps,13,8, ,0.0,0.0,0.0,0.0,0.0
BitRate blocking probability per pair and bitRate,2,200.0Gbps,13,12, ,0.0,0.0,0.0,0.0,0.0
BitRate blocking probability per pair and bitRate,2,200.0Gbps,12,11, ,0.0,0.0,0.0,0.0,0.0
BitRate blocking probability per pair and bitRate,2,200.0Gbps,23,16, ,0.0,0.0,0.0,0.0,0.0
BitRate blocking probability per pair and bitRate,2,200.0Gbps,16,10, ,0.0,0.0,0.0,0.0,0.0
BitRate blocking probability per pair and bitRate,2,200.0Gbps,14,4, ,0.0,0.0,0.0,0.0,0.0
BitRate blocking probability per pair and bitRate,2,200.0Gbps,10,21, ,0.0,0.0,0.0,0.0,0.0
BitRate blocking probability per pair and bitRate,2,200.0Gbps,1,16, ,0.0,0.0,0.0,0.0,0.0
BitRate blocking probability per pair and bitRate,2,200.0Gbps,5,14, ,0.0,0.0,0.0,0.0,0.0
BitRate blocking probability per pair and bitRate,2,200.0Gbps,14,3, ,0.0,0.0,0.0,0.0,0.0
BitRate blocking probability per pair and bitRate,2,200.0Gbps,9,5, ,0.0,0.0,0.0,0.0,0.0
BitRate blocking probability per pair and bitRate,2,200.0Gbps,11,23, ,0.0,0.0,0.0,0.0,0.0
BitRate blocking probability per pair and bitRate,2,200.0Gbps,23,12, ,0.0,0.0,0.0,0.0,0.0
BitRate blocking probability per pair and bitRate,2,200.0Gbps,18,4, ,0.0,0.0,0.0,0.0,0.0
BitRate blocking probability per pair and bitRate,2,200.0Gbps,19,10, ,0.0,0.0,0.0,0.0,0.0
BitRate blocking probability per pair and bitRate,2,200.0Gbps,14,19, ,0.0,0.0,0.0,0.0,0.0
BitRate blocking probability per pair and bitRate,2,200.0Gbps,3,18, ,0.0,0.0,0.0,0.0,0.0
BitRate blocking probability per pair and bitRate,2,200.0Gbps,1,21, ,0.0,0.0,0.0,0.0,0.0
BitRate blocking probability per pair and bitRate,2,200.0Gbps,10,16, ,0.0,0.0,0.0,0.0,0.0
BitRate blocking probability per pair and bitRate,2,200.0Gbps,24,9, ,0.0,0.0,0.0,0.0,0.0
BitRate blocking probability per pair and bitRate,2,200.0Gbps,3,21, ,0.0,0.0,0.0,0.0,0.0
BitRate blocking probability per pair and bitRate,2,200.0Gbps,12,24, ,0.0,0.0,0.0,0.0,0.0
BitRate blocking probability per pair and bitRate,2,200.0Gbps,15,9, ,0.0,0.0,0.0,0.0,0.0
BitRate blocking probability per pair and bitRate,2,200.0Gbps,18,14, ,0.0,0.0,0.0,0.0,0.0
BitRate blocking probability per pair and bitRate,2,200.0Gbps,16,3, ,0.0,0.0,0.0,0.0,0.0
BitRate blocking probability per pair and bitRate,2,200.0Gbps,15,5, ,0.0,0.0,0.0,0.0,0.0
BitRate blocking probability per pair and bitRate,2,200.0Gbps,16,21, ,0.0,0.0,0.0,0.0,0.0
BitRate blocking probability per pair and bitRate,2,200.0Gbps,8,17, ,0.0,0.0,0.0,0.0,0.0
BitRate blocking probability per pair and bitRate,2,200.0Gbps,5,16, ,0.0,0.0,0.0,0.0,0.0
BitRate blocking probability per pair and bitRate,2,200.0Gbps,21,4, ,0.0,0.0,0.0,0.0,0.0
BitRate blocking probability per pair and bitRate,2,200.0Gbps,17,19, ,0.0,0.0,0.0,0.0,0.0
BitRate blocking probability per pair and bitRate,2,200.0Gbps,16,12, ,0.0,0.0,0.0,0.0,0.0
BitRate blocking probability per pair and bitRate,2,200.0Gbps,7,19, ,0.0,0.0,0.0,0.0,0.0
BitRate blocking probability per pair and bitRate,2,200.0Gbps,8,19, ,0.0,0.0,0.0,0.0,0.0
BitRate blocking probability per pair and bitRate,2,200.0Gbps,9,20, ,0.0,0.0,0.0,0.0,0.0
BitRate blocking probability per pair and bitRate,2,200.0Gbps,13,10, ,0.0,0.0,0.0,0.0,0.0
BitRate blocking probability per pair and bitRate,2,200.0Gbps,17,16, ,0.0,0.0,0.0,0.0,0.0
BitRate blocking probability per pair and bitRate,2,200.0Gbps,5,7, ,0.0,0.0,0.0,0.0,0.0
BitRate blocking probability per pair and bitRate,2,200.0Gbps,5,10, ,0.0,0.0,0.0,0.0,0.0
BitRate blocking probability per pair and bitRate,2,200.0Gbps,22,14, ,0.0,0.0,0.0,0.0,0.0
BitRate blocking probability per pair and bitRate,2,200.0Gbps,2,24, ,0.0,0.0,0.0,0.0,0.0
BitRate blocking probability per pair and bitRate,2,200.0Gbps,11,15, ,0.0,0.0,0.0,0.0,0.0
BitRate blocking probability per pair and bitRate,2,200.0Gbps,19,13, ,0.0,0.0,0.0,0.0,0.0
BitRate blocking probability per pair and bitRate,2,200.0Gbps,9,14, ,0.0,0.0,0.0,0.0,0.0
BitRate blocking probability per pair and bitRate,2,200.0Gbps,13,20, ,0.0,0.0,0.0,0.0,0.0
BitRate blocking probability per pair and bitRate,2,200.0Gbps,20,15, ,0.0,0.0,0.0,0.0,0.0
BitRate blocking probability per pair and bitRate,2,200.0Gbps,1,9, ,0.0,0.0,0.0,0.0,0.0
BitRate blocking probability per pair and bitRate,2,200.0Gbps,4,16, ,0.0,0.0,0.0,0.0,0.0
BitRate blocking probability per pair and bitRate,2,200.0Gbps,21,20, ,0.0,0.0,0.0,0.0,0.0
BitRate blocking probability per pair and bitRate,2,200.0Gbps,6,18, ,0.0,0.0,0.0,0.0,0.0
BitRate blocking probability per pair and bitRate,2,200.0Gbps,3,20, ,0.0,0.0,0.0,0.0,0.0
BitRate blocking probability per pair and bitRate,2,200.0Gbps,21,10, ,0.0,0.0,0.0,0.0,0.0
BitRate blocking probability per pair and bitRate,2,200.0Gbps,2,19, ,0.0,0.0,0.0,0.0,0.0
BitRate blocking probability per pair and bitRate,2,200.0Gbps,7,17, ,0.0,0.0,0.0,0.0,0.0
BitRate blocking probability per pair and bitRate,2,200.0Gbps,14,5, ,0.0,0.0,0.0,0.0,0.0
BitRate blocking probability per pair and bitRate,2,200.0Gbps,7,13, ,0.0,0.0,0.0,0.0,0.0
BitRate blocking probability per pair and bitRate,2,200.0Gbps,5,15, ,0.0,0.0,0.0,0.0,0.0
BitRate blocking probability per pair and bitRate,2,200.0Gbps,18,8, ,0.0,0.0,0.0,0.0,0.0
BitRate blocking probability per pair and bitRate,2,200.0Gbps,19,17, ,0.0,0.0,0.0,0.0,0.0
BitRate blocking probability per pair and bitRate,2,200.0Gbps,19,21, ,0.0,0.0,0.0,0.0,0.0
BitRate blocking probability per pair and bitRate,2,200.0Gbps,19,3, ,0.0,0.0,0.0,0.0,0.0
BitRate blocking probability per pair and bitRate,2,200.0Gbps,13,19, ,0.0,0.0,0.0,0.0,0.0
BitRate blocking probability per pair and bitRate,2,200.0Gbps,12,18, ,0.0,0.0,0.0,0.0,0.0
BitRate blocking probability per pair and bitRate,2,200.0Gbps,13,3, ,0.0,0.0,0.0,0.0,0.0
BitRate blocking probability per pair and bitRate,2,200.0Gbps,7,18, ,0.0,0.0,0.0,0.0,0.0
BitRate blocking probability per pair and bitRate,2,200.0Gbps,17,12, ,0.0,0.0,0.0,0.0,0.0
BitRate blocking probability per pair and bitRate,2,200.0Gbps,13,9, ,0.0,0.0,0.0,0.0,0.0
BitRate blocking probability per pair and bitRate,2,200.0Gbps,6,22, ,0.0,0.0,0.0,0.0,0.04281429263944625
BitRate blocking probability per pair and bitRate,2,200.0Gbps,1,15, ,0.0,0.0,0.0,0.0,0.0
BitRate blocking probability per pair and bitRate,2,200.0Gbps,3,19, ,0.0,0.0,0.0,0.0,0.0
BitRate blocking probability per pair and bitRate,2,200.0Gbps,12,4, ,0.0,0.0,0.0,0.0,0.0
BitRate blocking probability per pair and bitRate,2,200.0Gbps,16,24, ,0.0,0.0,0.0,0.0,0.0
BitRate blocking probability per pair and bitRate,2,200.0Gbps,6,10, ,0.0,0.0,0.0,0.0,0.0
BitRate blocking probability per pair and bitRate,2,200.0Gbps,2,18, ,0.0,0.0,0.0,0.0,0.0
BitRate blocking probability per pair and bitRate,2,200.0Gbps,18,21, ,0.0,0.0,0.0,0.0,0.0
BitRate blocking probability per pair and bitRate,2,200.0Gbps,18,3, ,0.0,0.0,0.0,0.0,0.0
BitRate blocking probability per pair and bitRate,2,200.0Gbps,15,18, ,0.0,0.0,0.0,0.0,0.0
BitRate blocking probability per pair and bitRate,2,200.0Gbps,4,14, ,0.0,0.0,0.0,0.0,0.0
BitRate blocking probability per pair and bitRate,2,200.0Gbps,7,20, ,0.0,0.0,0.0,0.0,0.0
BitRate blocking probability per pair and bitRate,2,200.0Gbps,13,15, ,0.0,0.0,0.0,0.0,0.0
BitRate blocking probability per pair and bitRate,2,200.0Gbps,13,21, ,0.0,0.0,0.0,0.0,0.0
BitRate blocking probability per pair and bitRate,2,200.0Gbps,15,14, ,0.0,0.0,0.0,0.0,0.0
BitRate blocking probability per pair and bitRate,2,200.0Gbps,3,15, ,0.0,0.0,0.0,0.0,0.0
BitRate blocking probability per pair and bitRate,2,200.0Gbps,18,5, ,0.0,0.0,0.0,0.0,0.0
BitRate blocking probability per pair and bitRate,2,200.0Gbps,12,1, ,0.0,0.0,0.0,0.0,0.0
BitRate blocking probability per pair and bitRate,2,200.0Gbps,6,7, ,0.0,0.0,0.0,0.0,0.0
BitRate blocking probability per pair and bitRate,2,200.0Gbps,24,3, ,0.0,0.0,0.0,0.0,0.0
BitRate blocking probability per pair and bitRate,2,200.0Gbps,19,5, ,0.0,0.0,0.0,0.0,0.0
BitRate blocking probability per pair and bitRate,2,200.0Gbps,20,19, ,0.0,0.0,0.0,0.0,0.0
BitRate blocking probability per pair and bitRate,2,200.0Gbps,5,17, ,0.0,0.0,0.0,0.0,0.0
BitRate blocking probability per pair and bitRate,2,200.0Gbps,20,12, ,0.0,0.0,0.0,0.0,0.0
BitRate blocking probability per pair and bitRate,2,200.0Gbps,4,22, ,0.0,0.0,0.0,0.0,0.0
BitRate blocking probability per pair and bitRate,2,200.0Gbps,7,8, ,0.0,0.0,0.0,0.0,0.0
BitRate blocking probability per pair and bitRate,2,200.0Gbps,14,1, ,0.0,0.0,0.0,0.0,0.0
BitRate blocking probability per pair and bitRate,2,200.0Gbps,20,21, ,0.0,0.0,0.0,0.0,0.0
BitRate blocking probability per pair and bitRate,2,200.0Gbps,1,6, ,0.0,0.0,0.0,0.0,0.0
BitRate blocking probability per pair and bitRate,2,200.0Gbps,13,2, ,0.0,0.0,0.0,0.0,0.0
BitRate blocking probability per pair and bitRate,2,200.0Gbps,14,20, ,0.0,0.0,0.0,0.0,0.0
BitRate blocking probability per pair and bitRate,2,200.0Gbps,16,20, ,0.0,0.0,0.0,0.0,0.0
BitRate blocking probability per pair and bitRate,2,200.0Gbps,18,15, ,0.0,0.0,0.0,0.0,0.0
BitRate blocking probability per pair and bitRate,2,200.0Gbps,6,2, ,0.0,0.0,0.0,0.0,0.0
BitRate blocking probability per pair and bitRate,2,200.0Gbps,9,15, ,0.0,0.0,0.0,0.0,0.0
BitRate blocking probability per pair and bitRate,2,200.0Gbps,15,17, ,0.0,0.0,0.0,0.0,0.0
BitRate blocking probability per pair and bitRate,2,200.0Gbps,18,2, ,0.0,0.0,0.0,0.0,0.0
BitRate blocking probability per pair and bitRate,2,200.0Gbps,15,24, ,0.0,0.0,0.0,0.0,0.0
BitRate blocking probability per pair and bitRate,2,200.0Gbps,7,10, ,0.0,0.0,0.0,0.0,0.0
BitRate blocking probability per pair and bitRate,2,200.0Gbps,14,21, ,0.0,0.0,0.0,0.0,0.0
BitRate blocking probability per pair and bitRate,2,200.0Gbps,23,15, ,0.0,0.0,0.0,0.0,0.0
BitRate blocking probability per pair and bitRate,2,200.0Gbps,11,1, ,0.0,0.0,0.0,0.0,0.0
BitRate blocking probability per pair and bitRate,2,200.0Gbps,19,20, ,0.0,0.0,0.0,0.0,0.0
BitRate blocking probability per pair and bitRate,2,200.0Gbps,1,8, ,0.0,0.0,0.0,0.0,0.0
BitRate blocking probability per pair and bitRate,2,200.0Gbps,16,1, ,0.0,0.0,0.0,0.0,0.0
BitRate blocking probability per pair and bitRate,2,200.0Gbps,24,5, ,0.0,0.0,0.0,0.0,0.0
BitRate blocking probability per pair and bitRate,2,200.0Gbps,2,4, ,0.0,0.0,0.0,0.0,0.0
BitRate blocking probability per pair and bitRate,2,200.0Gbps,10,5, ,0.0,0.0,0.0,0.0,0.0
BitRate blocking probability per pair and bitRate,2,200.0Gbps,21,7, ,0.0,0.0,0.0,0.0,0.0
BitRate blocking probability per pair and bitRate,2,200.0Gbps,23,11, ,0.0,0.0,0.0,0.0,0.0
BitRate blocking probability per pair and bitRate,2,200.0Gbps,19,6, ,0.0,0.0,0.0,0.0,0.0
BitRate blocking probability per pair and bitRate,2,200.0Gbps,10,17, ,0.0,0.0,0.0,0.0,0.0
BitRate blocking probability per pair and bitRate,2,200.0Gbps,3,8, ,0.0,0.0,0.0,0.0,0.0
BitRate blocking probability per pair and bitRate,2,200.0Gbps,3,23, ,0.0,0.0,0.0,0.0,0.0
BitRate blocking probability per pair and bitRate,2,200.0Gbps,17,9, ,0.0,0.0,0.0,0.0,0.0
BitRate blocking probability per pair and bitRate,2,200.0Gbps,9,18, ,0.0,0.0,0.0,0.0,0.0
BitRate blocking probability per pair and bitRate,2,200.0Gbps,1,3, ,0.0,0.0,0.0,0.0,0.0
BitRate blocking probability per pair and bitRate,2,200.0Gbps,10,20, ,0.0,0.0,0.0,0.0,0.0
BitRate blocking probability per pair and bitRate,2,200.0Gbps,21,6, ,0.0,0.0,0.0,0.0,0.0
BitRate blocking probability per pair and bitRate,2,200.0Gbps,8,5, ,0.0,0.0,0.0,0.0,0.0
BitRate blocking probability per pair and bitRate,2,200.0Gbps,9,8, ,0.0,0.0,0.0,0.0,0.0
BitRate blocking probability per pair and bitRate,2,200.0Gbps,24,4, ,0.0,0.0,0.0,0.0,0.0
BitRate blocking probability per pair and bitRate,2,200.0Gbps,1,12, ,0.0,0.0,0.0,0.0,0.0
BitRate blocking probability per pair and bitRate,2,200.0Gbps,11,5, ,0.0,0.0,0.0,0.0,0.0
BitRate blocking probability per pair and bitRate,2,200.0Gbps,22,7, ,0.0,0.0,0.0,0.0,0.0
BitRate blocking probability per pair and bitRate,2,200.0Gbps,22,8, ,0.0,0.0,0.0,0.0,0.0
BitRate blocking probability per pair and bitRate,2,200.0Gbps,20,22, ,0.0,0.0,0.0,0.0,0.0
BitRate blocking probability per pair and bitRate,2,200.0Gbps,13,24, ,0.0,0.0,0.0,0.0,0.0
BitRate blocking probability per pair and bitRate,2,200.0Gbps,1,7, ,0.0,0.0,0.0,0.0,0.0
BitRate blocking probability per pair and bitRate,2,200.0Gbps,17,20, ,0.0,0.0,0.0,0.0,0.0
BitRate blocking probability per pair and bitRate,2,200.0Gbps,16,18, ,0.0,0.0,0.0,0.0,0.0
BitRate blocking probability per pair and bitRate,2,200.0Gbps,16,8, ,0.0,0.0,0.0,0.0,0.0
BitRate blocking probability per pair and bitRate,2,200.0Gbps,12,15, ,0.0,0.0,0.0,0.0,0.0
BitRate blocking probability per pair and bitRate,2,200.0Gbps,17,5, ,0.0,0.0,0.0,0.0,0.0
BitRate blocking probability per pair and bitRate,2,200.0Gbps,23,14, ,0.0,0.0,0.0,0.0,0.0
BitRate blocking probability per pair and bitRate,2,200.0Gbps,1,19, ,0.0,0.0,0.0,0.0,0.0
BitRate blocking probability per pair and bitRate,2,200.0Gbps,17,7, ,0.0,0.0,0.0,0.0,0.0
BitRate blocking probability per pair and bitRate,2,200.0Gbps,18,9, ,0.0,0.0,0.0,0.0,0.0
BitRate blocking probability per pair and bitRate,2,200.0Gbps,18,23, ,0.0,0.0,0.0,0.0,0.0
BitRate blocking probability per pair and bitRate,2,200.0Gbps,13,22, ,0.0,0.0,0.0,0.0,0.0
BitRate blocking probability per pair and bitRate,2,200.0Gbps,7,6, ,0.0,0.0,0.0,0.0,0.0
BitRate blocking probability per pair and bitRate,2,200.0Gbps,9,23, ,0.0,0.0,0.0,0.0,0.0
BitRate blocking probability per pair and bitRate,2,200.0Gbps,13,6, ,0.0,0.0,0.0,0.0,0.0
BitRate blocking probability per pair and bitRate,2,200.0Gbps,15,8, ,0.0,0.0,0.0,0.0,0.0
BitRate blocking probability per pair and bitRate,2,200.0Gbps,13,14, ,0.0,0.0,0.0,0.0,0.0
BitRate blocking probability per pair and bitRate,2,200.0Gbps,20,3, ,0.0,0.0,0.0,0.0,0.0
BitRate blocking probability per pair and bitRate,2,200.0Gbps,21,16, ,0.0,0.0,0.0,0.0,0.0
BitRate blocking probability per pair and bitRate,2,200.0Gbps,3,16, ,0.0,0.0,0.0,0.0,0.0
BitRate blocking probability per pair and bitRate,2,200.0Gbps,22,13, ,0.0,0.0,0.0,0.0,0.0
BitRate blocking probability per pair and bitRate,2,200.0Gbps,3,14, ,0.0,0.0,0.0,0.0,0.0
BitRate blocking probability per pair and bitRate,2,200.0Gbps,3,7, ,0.0,0.0,0.0,0.0,0.0
BitRate blocking probability per pair and bitRate,2,200.0Gbps,10,22, ,0.0,0.0,0.0,0.0,0.0
BitRate blocking probability per pair and bitRate,2,200.0Gbps,8,10, ,0.0,0.0,0.0,0.0,0.0
BitRate blocking probability per pair and bitRate,2,200.0Gbps,22,6, ,0.0,0.0,0.0,0.0,0.0
BitRate blocking probability per pair and bitRate,2,200.0Gbps,5,2, ,0.0,0.0,0.0,0.0,0.0
BitRate blocking probability per pair and bitRate,2,200.0Gbps,13,5, ,0.0,0.0,0.0,0.0,0.0
BitRate blocking probability per pair and bitRate,2,200.0Gbps,23,8, ,0.0,0.0,0.0,0.0,0.0
BitRate blocking probability per pair and bitRate,2,200.0Gbps,13,11, ,0.0,0.0,0.0,0.0,0.0
BitRate blocking probability per pair and bitRate,2,200.0Gbps,13,7, ,0.0,0.0,0.0,0.0,0.0
BitRate blocking probability per pair and bitRate,2,200.0Gbps,3,13, ,0.0,0.0,0.0,0.0,0.0
BitRate blocking probability per pair and bitRate,2,200.0Gbps,10,12, ,0.0,0.0,0.0,0.0,0.0
BitRate blocking probability per pair and bitRate,2,200.0Gbps,24,11, ,0.0,0.0,0.0,0.0,0.0
BitRate blocking probability per pair and bitRate,2,200.0Gbps,9,7, ,0.0,0.0,0.0,0.0,0.0
BitRate blocking probability per pair and bitRate,2,200.0Gbps,24,12, ,0.0,0.0,0.0,0.0,0.0
BitRate blocking probability per pair and bitRate,2,200.0Gbps,15,3, ,0.0,0.0,0.0,0.0,0.0
BitRate blocking probability per pair and bitRate,2,200.0Gbps,22,11, ,0.0,0.0,0.0,0.0,0.0
BitRate blocking probability per pair and bitRate,2,200.0Gbps,18,19, ,0.0,0.0,0.0,0.0,0.0
BitRate blocking probability per pair and bitRate,2,200.0Gbps,16,7, ,0.0,0.0,0.0,0.0,0.0
BitRate blocking probability per pair and bitRate,2,200.0Gbps,5,24, ,0.0,0.0,0.0,0.0,0.0
BitRate blocking probability per pair and bitRate,2,200.0Gbps,10,19, ,0.0,0.0,0.0,0.0,0.0
BitRate blocking probability per pair and bitRate,2,200.0Gbps,23,13, ,0.0,0.0,0.0,0.0,0.0
BitRate blocking probability per pair and bitRate,2,200.0Gbps,12,3, ,0.0,0.0,0.0,0.0,0.0
BitRate blocking probability per pair and bitRate,2,200.0Gbps,9,10, ,0.0,0.0,0.0,0.0,0.0
BitRate blocking probability per pair and bitRate,2,200.0Gbps,4,18, ,0.0,0.0,0.0,0.0,0.0
BitRate blocking probability per pair and bitRate,2,200.0Gbps,4,19, ,0.0,0.0,0.0,0.0,0.0
BitRate blocking probability per pair and bitRate,2,200.0Gbps,17,15, ,0.0,0.0,0.0,0.0,0.0
BitRate blocking probability per pair and bitRate,2,200.0Gbps,2,22, ,0.0,0.0,0.0,0.0,0.0
BitRate blocking probability per pair and bitRate,2,200.0Gbps,11,17, ,0.0,0.0,0.0,0.0,0.0
BitRate blocking probability per pair and bitRate,2,200.0Gbps,18,13, ,0.0,0.0,0.0,0.0,0.0
BitRate blocking probability per pair and bitRate,2,200.0Gbps,24,10, ,0.0,0.0,0.0,0.0,0.0
BitRate blocking probability per pair and bitRate,2,200.0Gbps,11,13, ,0.0,0.0,0.0,0.0,0.0
BitRate blocking probability per pair and bitRate,2,200.0Gbps,12,22, ,0.0,0.0,0.0,0.0,0.0
BitRate blocking probability per pair and bitRate,2,200.0Gbps,20,23, ,0.0,0.0,0.0,0.0,0.0
BitRate blocking probability per pair and bitRate,2,200.0Gbps,4,7, ,0.0,0.0,0.0,0.0,0.0
BitRate blocking probability per pair and bitRate,2,200.0Gbps,9,12, ,0.0,0.0,0.0,0.0,0.0
BitRate blocking probability per pair and bitRate,2,200.0Gbps,4,13, ,0.0,0.0,0.0,0.0,0.0
BitRate blocking probability per pair and bitRate,2,200.0Gbps,20,13, ,0.0,0.0,0.0,0.0,0.0
BitRate blocking probability per pair and bitRate,2,200.0Gbps,10,3, ,0.0,0.0,0.0,0.0,0.0
BitRate blocking probability per pair and bitRate,2,200.0Gbps,21,3, ,0.0,0.0,0.0,0.0,0.0
BitRate blocking probability per pair and bitRate,2,200.0Gbps,7,9, ,0.0,0.0,0.0,0.0,0.0
BitRate blocking probability per pair and bitRate,2,200.0Gbps,12,19, ,0.0,0.0,0.0,0.0,0.0
BitRate blocking probability per pair and bitRate,2,200.0Gbps,19,16, ,0.0,0.0,0.0,0.0,0.0
BitRate blocking probability per pair and bitRate,2,200.0Gbps,20,11, ,0.0,0.0,0.0,0.0,0.0
BitRate blocking probability per pair and bitRate,2,200.0Gbps,22,9, ,0.0,0.0,0.0,0.0,0.0
BitRate blocking probability per pair and bitRate,2,200.0Gbps,7,11, ,0.0,0.0,0.0,0.0,0.0
BitRate blocking probability per pair and bitRate,2,200.0Gbps,6,1, ,0.0,0.0,0.0,0.0,0.0
BitRate blocking probability per pair and bitRate,2,200.0Gbps,6,14, ,0.0,0.0,0.0,0.0,0.0
BitRate blocking probability per pair and bitRate,2,200.0Gbps,21,1, ,0.0,0.0,0.0,0.0,0.0
BitRate blocking probability per pair and bitRate,2,200.0Gbps,4,23, ,0.0,0.0,0.0,0.0,0.0
BitRate blocking probability per pair and bitRate,2,200.0Gbps,1,5, ,0.0,0.0,0.0,0.0,0.0
BitRate blocking probability per pair and bitRate,2,200.0Gbps,3,22, ,0.0,0.0,0.0,0.0,0.0
BitRate blocking probability per pair and bitRate,2,200.0Gbps,5,23, ,0.0,0.0,0.0,0.0,0.0
BitRate blocking probability per pair and bitRate,2,200.0Gbps,14,9, ,0.0,0.0,0.0,0.0,0.0
BitRate blocking probability per pair and bitRate,2,200.0Gbps,23,6, ,0.0,0.0,0.0,0.0,0.0
BitRate blocking probability per pair and bitRate,2,200.0Gbps,6,19, ,0.0,0.0,0.0,0.0,0.0
BitRate blocking probability per pair and bitRate,2,200.0Gbps,14,13, ,0.0,0.0,0.0,0.0,0.0
BitRate blocking probability per pair and bitRate,2,200.0Gbps,14,11, ,0.0,0.0,0.0,0.0,0.0
BitRate blocking probability per pair and bitRate,2,200.0Gbps,12,21, ,0.0,0.0,0.0,0.0,0.0
BitRate blocking probability per pair and bitRate,2,200.0Gbps,2,8, ,0.0,0.0,0.0,0.0,0.0
BitRate blocking probability per pair and bitRate,2,200.0Gbps,16,13, ,0.0,0.0,0.0,0.0,0.0
BitRate blocking probability per pair and bitRate,2,200.0Gbps,20,18, ,0.0,0.0,0.0,0.0,0.0
BitRate blocking probability per pair and bitRate,2,200.0Gbps,6,9, ,0.0,0.0,0.0,0.0,0.0
BitRate blocking probability per pair and bitRate,2,200.0Gbps,6,23, ,0.0,0.0,0.0,0.0,0.0
BitRate blocking probability per pair and bitRate,2,200.0Gbps,10,4, ,0.0,0.0,0.0,0.0,0.0
BitRate blocking probability per pair and bitRate,2,200.0Gbps,17,23, ,0.0,0.0,0.0,0.0,0.0
BitRate blocking probability per pair and bitRate,2,200.0Gbps,17,18, ,0.0,0.0,0.0,0.0,0.0
BitRate blocking probability per pair and bitRate,2,200.0Gbps,14,12, ,0.0,0.0,0.0,0.0,0.0
BitRate blocking probability per pair and bitRate,2,200.0Gbps,14,17, ,0.0,0.0,0.0,0.0,0.0
BitRate blocking probability per pair and bitRate,2,200.0Gbps,19,7, ,0.0,0.0,0.0,0.0,0.0
BitRate blocking probability per pair and bitRate,2,200.0Gbps,7,24, ,0.0,0.0,0.0,0.0,0.0
BitRate blocking probability per pair and bitRate,2,200.0Gbps,11,18, ,0.0,0.0,0.0,0.0,0.0
BitRate blocking probability per pair and bitRate,2,200.0Gbps,11,10, ,0.0,0.0,0.0,0.0,0.0
BitRate blocking probability per pair and bitRate,2,200.0Gbps,14,22, ,0.0,0.0,0.0,0.0,0.0
BitRate blocking probability per pair and bitRate,2,200.0Gbps,4,9, ,0.0,0.0,0.0,0.0,0.0
BitRate blocking probability per pair and bitRate,2,200.0Gbps,22,21, ,0.0,0.0,0.0,0.0,0.0
BitRate blocking probability per pair and bitRate,2,200.0Gbps,22,24, ,0.0,0.0,0.0,0.0,0.0
BitRate blocking probability per pair and bitRate,2,200.0Gbps,8,15, ,0.0,0.0,0.0,0.0,0.0
BitRate blocking probability per pair and bitRate,2,200.0Gbps,12,5, ,0.0,0.0,0.0,0.0,0.0
BitRate blocking probability per pair and bitRate,2,200.0Gbps,7,23, ,0.0,0.0,0.0,0.0,0.0
BitRate blocking probability per pair and bitRate,2,200.0Gbps,24,14, ,0.0,0.0,0.0,0.0,0.0
BitRate blocking probability per pair and bitRate,2,200.0Gbps,1,2, ,0.0,0.0,0.0,0.0,0.0
BitRate blocking probability per pair and bitRate,2,200.0Gbps,15,22, ,0.0,0.0,0.0,0.0,0.0
BitRate blocking probability per pair and bitRate,2,200.0Gbps,19,14, ,0.0,0.0,0.0,0.0,0.0
BitRate blocking probability per pair and bitRate,2,200.0Gbps,21,23, ,0.0,0.0,0.0,0.0,0.0
BitRate blocking probability per pair and bitRate,2,200.0Gbps,8,1, ,0.0,0.0,0.0,0.0,0.0
BitRate blocking probability per pair and bitRate,2,200.0Gbps,18,10, ,0.0,0.0,0.0,0.0,0.0
BitRate blocking probability per pair and bitRate,2,200.0Gbps,17,3, ,0.0,0.0,0.0,0.0,0.0
BitRate blocking probability per pair and bitRate,2,200.0Gbps,5,9, ,0.0,0.0,0.0,0.0,0.0
BitRate blocking probability per pair and bitRate,2,200.0Gbps,19,8, ,0.0,0.0,0.0,0.0,0.0
BitRate blocking probability per pair and bitRate,2,200.0Gbps,4,21, ,0.0,0.0,0.0,0.0,0.0
BitRate blocking probability per pair and bitRate,2,200.0Gbps,8,16, ,0.0,0.0,0.0,0.0,0.0
BitRate blocking probability per pair and bitRate,2,200.0Gbps,5,12, ,0.0,0.0,0.0,0.0,0.0
BitRate blocking probability per pair and bitRate,2,200.0Gbps,6,16, ,0.0,0.0,0.0,0.0,0.0
BitRate blocking probability per pair and bitRate,2,200.0Gbps,20,10, ,0.0,0.0,0.0,0.0,0.0
BitRate blocking probability per pair and bitRate,2,200.0Gbps,2,15, ,0.0,0.0,0.0,0.0,0.0
BitRate blocking probability per pair and bitRate,2,200.0Gbps,20,6, ,0.0,0.0,0.0,0.0,0.0
BitRate blocking probability per pair and bitRate,2,200.0Gbps,21,13, ,0.0,0.0,0.0,0.0,0.0
BitRate blocking probability per pair and bitRate,2,200.0Gbps,6,21, ,0.0,0.0,0.0,0.0,0.0
BitRate blocking probability per pair and bitRate,2,200.0Gbps,18,16, ,0.0,0.0,0.0,0.0,0.0
BitRate blocking probability per pair and bitRate,2,200.0Gbps,5,21, ,0.0,0.0,0.0,0.0,0.0
BitRate blocking probability per pair and bitRate,2,200.0Gbps,15,11, ,0.0,0.0,0.0,0.0,0.0
BitRate blocking probability per pair and bitRate,2,200.0Gbps,8,12, ,0.0,0.0,0.0,0.0,0.0
BitRate blocking probability per pair and bitRate,2,200.0Gbps,19,1, ,0.0,0.0,0.0,0.0,0.0
BitRate blocking probability per pair and bitRate,2,200.0Gbps,21,14, ,0.0,0.0,0.0,0.0,0.0
BitRate blocking probability per pair and bitRate,2,200.0Gbps,2,13, ,0.0,0.0,0.0,0.0,0.0
BitRate blocking probability per pair and bitRate,2,200.0Gbps,17,6, ,0.0,0.0,0.0,0.0,0.0
BitRate blocking probability per pair and bitRate,2,200.0Gbps,24,1, ,0.0,0.0,0.0,0.0,0.0
BitRate blocking probability per pair and bitRate,2,200.0Gbps,8,3, ,0.0,0.0,0.0,0.0,0.0
BitRate blocking probability per pair and bitRate,2,200.0Gbps,1,22, ,0.0,0.0,0.0,0.0,0.0
BitRate blocking probability per pair and bitRate,2,200.0Gbps,23,3, ,0.0,0.0,0.0,0.0,0.0
BitRate blocking probability per pair and bitRate,2,200.0Gbps,2,1, ,0.0,0.0,0.0,0.0,0.0
BitRate blocking probability per pair and bitRate,2,200.0Gbps,15,23, ,0.0,0.0,0.0,0.0,0.0
BitRate blocking probability per pair and bitRate,2,200.0Gbps,19,15, ,0.0,0.0,0.0,0.0,0.0
BitRate blocking probability per pair and bitRate,2,200.0Gbps,2,23, ,0.0,0.0,0.0,0.0,0.0
BitRate blocking probability per pair and bitRate,2,200.0Gbps,13,17, ,0.0,0.0,0.0,0.0,0.0
BitRate blocking probability per pair and bitRate,2,200.0Gbps,1,10, ,0.0,0.0,0.0,0.0,0.0
BitRate blocking probability per pair and bitRate,2,200.0Gbps,5,22, ,0.0,0.0,0.0,0.0,0.0
BitRate blocking probability per pair and bitRate,2,200.0Gbps,18,24, ,0.0,0.0,0.0,0.0,0.0
BitRate blocking probability per pair and bitRate,2,200.0Gbps,19,23, ,0.0,0.0,0.0,0.0,0.0
BitRate blocking probability per pair and bitRate,2,200.0Gbps,20,8, ,0.0,0.0,0.0,0.0,0.0
BitRate blocking probability per pair and bitRate,2,200.0Gbps,10,6, ,0.0,0.0,0.0,0.0,0.0
BitRate blocking probability per pair and bitRate,2,200.0Gbps,2,6, ,0.0,0.0,0.0,0.0,0.0
BitRate blocking probability per pair and bitRate,2,200.0Gbps,16,14, ,0.0,0.0,0.0,0.0,0.0
BitRate blocking probability per pair and bitRate,2,200.0Gbps,24,19, ,0.0,0.0,0.0,0.0,0.0
BitRate blocking probability per pair and bitRate,2,200.0Gbps,23,19, ,0.0,0.0,0.0,0.0,0.0
BitRate blocking probability per pair and bitRate,2,200.0Gbps,12,2, ,0.0,0.0,0.0,0.0,0.0
BitRate blocking probability per pair and bitRate,2,200.0Gbps,23,1, ,0.0,0.0,0.0,0.0,0.0
BitRate blocking probability per pair and bitRate,2,200.0Gbps,15,7, ,0.0,0.0,0.0,0.0,0.0
BitRate blocking probability per pair and bitRate,2,200.0Gbps,22,12, ,0.0,0.0,0.0,0.0,0.0
BitRate blocking probability per pair and bitRate,2,200.0Gbps,3,6, ,0.0,0.0,0.0,0.0,0.0
BitRate blocking probability per pair and bitRate,2,200.0Gbps,4,2, ,0.0,0.0,0.0,0.0,0.0
BitRate blocking probability per pair and bitRate,2,200.0Gbps,13,1, ,0.0,0.0,0.0,0.0,0.0
BitRate blocking probability per pair and bitRate,2,200.0Gbps,6,5, ,0.0,0.0,0.0,0.0,0.0
BitRate blocking probability per pair and bitRate,2,200.0Gbps,16,22, ,0.0,0.0,0.0,0.0,0.0
BitRate blocking probability per pair and bitRate,2,200.0Gbps,7,5, ,0.0,0.0,0.0,0.0,0.0
BitRate blocking probability per pair and bitRate,2,200.0Gbps,6,24, ,0.0,0.0,0.0,0.0,0.0
BitRate blocking probability per pair and bitRate,2,200.0Gbps,18,17, ,0.0,0.0,0.0,0.0,0.0
BitRate blocking probability per pair and bitRate,2,200.0Gbps,22,3, ,0.0,0.0,0.0,0.0,0.0
BitRate blocking probability per pair and bitRate,2,200.0Gbps,13,4, ,0.0,0.0,0.0,0.0,0.0
BitRate blocking probability per pair and bitRate,2,200.0Gbps,16,5, ,0.0,0.0,0.0,0.0,0.0
BitRate blocking probability per pair and bitRate,2,200.0Gbps,18,11, ,0.0,0.0,0.0,0.0,0.0
BitRate blocking probability per pair and bitRate,2,200.0Gbps,6,11, ,0.0,0.0,0.0,0.0,0.0
BitRate blocking probability per pair and bitRate,2,200.0Gbps,17,13, ,0.0,0.0,0.0,0.0,0.0
BitRate blocking probability per pair and bitRate,2,200.0Gbps,7,3, ,0.0,0.0,0.0,0.0,0.0
BitRate blocking probability per pair and bitRate,2,200.0Gbps,22,23, ,0.0,0.0,0.0,0.0,0.0
BitRate blocking probability per pair and bitRate,2,200.0Gbps,10,13, ,0.0,0.0,0.0,0.0,0.0
BitRate blocking probability per pair and bitRate,2,200.0Gbps,14,7, ,0.0,0.0,0.0,0.0,0.0
BitRate blocking probability per pair and bitRate,2,200.0Gbps,20,16, ,0.0,0.0,0.0,0.0,0.0
BitRate blocking probability per pair and bitRate,2,200.0Gbps,14,8, ,0.0,0.0,0.0,0.0,0.0
BitRate blocking probability per pair and bitRate,2,200.0Gbps,7,4, ,0.0,0.0,0.0,0.0,0.0
BitRate blocking probability per pair and bitRate,2,200.0Gbps,8,14, ,0.0,0.0,0.0,0.0,0.0
BitRate blocking probability per pair and bitRate,2,200.0Gbps,3,12, ,0.0,0.0,0.0,0.0,0.0
BitRate blocking probability per pair and bitRate,2,200.0Gbps,7,2, ,0.0,0.0,0.0,0.0,0.0
BitRate blocking probability per pair and bitRate,2,200.0Gbps,10,11, ,0.0,0.0,0.0,0.0,0.0
BitRate blocking probability per pair and bitRate,2,200.0Gbps,11,14, ,0.0,0.0,0.0,0.0,0.0
BitRate blocking probability per pair and bitRate,2,200.0Gbps,20,24, ,0.0,0.0,0.0,0.0,0.0
BitRate blocking probability per pair and bitRate,2,200.0Gbps,20,4, ,0.0,0.0,0.0,0.0,0.0
BitRate blocking probability per pair and bitRate,2,200.0Gbps,23,2, ,0.0,0.0,0.0,0.0,0.0
BitRate blocking probability per pair and bitRate,2,200.0Gbps,22,2, ,0.0,0.0,0.0,0.0,0.0
BitRate blocking probability per pair and bitRate,2,200.0Gbps,22,19, ,0.0,0.0,0.0,0.0,0.0
BitRate blocking probability per pair and bitRate,2,200.0Gbps,24,23, ,0.0,0.0,0.0,0.0,0.0
BitRate blocking probability per pair and bitRate,2,200.0Gbps,6,17, ,0.0,0.0,0.0,0.0,0.0
BitRate blocking probability per pair and bitRate,2,200.0Gbps,4,15, ,0.0,0.0,0.0,0.0,0.0
BitRate blocking probability per pair and bitRate,2,200.0Gbps,20,7, ,0.0,0.0,0.0,0.0,0.0
BitRate blocking probability per pair and bitRate,2,200.0Gbps,10,8, ,0.0,0.0,0.0,0.0,0.0
BitRate blocking probability per pair and bitRate,2,200.0Gbps,10,24, ,0.0,0.0,0.0,0.0,0.0
BitRate blocking probability per pair and bitRate,2,200.0Gbps,12,16, ,0.0,0.0,0.0,0.0,0.0
BitRate blocking probability per pair and bitRate,2,200.0Gbps,8,13, ,0.0,0.0,0.0,0.0,0.0
BitRate blocking probability per pair and bitRate,2,200.0Gbps,11,4, ,0.0,0.0,0.0,0.0,0.0
BitRate blocking probability per pair and bitRate,2,200.0Gbps,22,17, ,0.0,0.0,0.0,0.0,0.0
BitRate blocking probability per pair and bitRate,2,200.0Gbps,4,1, ,0.0,0.0,0.0,0.0,0.0
BitRate blocking probability per pair and bitRate,2,200.0Gbps,14,6, ,0.0,0.0,0.0,0.0,0.0
BitRate blocking probability per pair and bitRate,2,200.0Gbps,14,10, ,0.0,0.0,0.0,0.0,0.0
BitRate blocking probability per pair and bitRate,2,200.0Gbps,24,6, ,0.0,0.0,0.0,0.0,0.0
BitRate blocking probability per pair and bitRate,2,200.0Gbps,15,2, ,0.0,0.0,0.0,0.0,0.0
BitRate blocking probability per pair and bitRate,2,200.0Gbps,22,10, ,0.0,0.0,0.0,0.0,0.0
BitRate blocking probability per pair and bitRate,2,200.0Gbps,4,17, ,0.0,4.5378305919709555E-4,0.0,0.0,0.0
BitRate blocking probability per pair and bitRate,2,200.0Gbps,17,2, ,0.0,0.0,0.0,0.0,0.0
BitRate blocking probability per pair and bitRate,2,200.0Gbps,18,20, ,0.0,0.0,0.0,0.0,0.0
BitRate blocking probability per pair and bitRate,2,200.0Gbps,17,21, ,0.0,0.0,0.0,0.0,0.0
BitRate blocking probability per pair and bitRate,2,200.0Gbps,18,6, ,0.0,0.0,0.0,0.0,0.0
BitRate blocking probability per pair and bitRate,2,200.0Gbps,10,15, ,0.0,0.0,0.0,0.0,0.0
BitRate blocking probability per pair and bitRate,2,200.0Gbps,4,11, ,0.0,0.0,0.0,0.0,0.0
BitRate blocking probability per pair and bitRate,2,200.0Gbps,2,21, ,0.0,0.0,0.0,0.0,0.0
BitRate blocking probability per pair and bitRate,2,200.0Gbps,19,9, ,0.0,0.0,0.0,0.0,0.0
BitRate blocking probability per pair and bitRate,2,200.0Gbps,5,8, ,0.0,0.0,0.0,0.0,0.0
BitRate blocking probability per pair and bitRate,2,200.0Gbps,5,3, ,0.0,0.0,0.0,0.0,0.0
BitRate blocking probability per pair and bitRate,2,200.0Gbps,11,6, ,0.0,0.0,0.0,0.0,0.0
BitRate blocking probability per pair and bitRate,2,200.0Gbps,8,2, ,0.0,0.0,0.0,0.0,0.0
BitRate blocking probability per pair and bitRate,2,200.0Gbps,9,24, ,0.0,0.0,0.0,0.0,0.0
BitRate blocking probability per pair and bitRate,2,200.0Gbps,16,23, ,0.0,0.0,0.0,0.0,0.0
BitRate blocking probability per pair and bitRate,2,200.0Gbps,2,16, ,0.0,0.0,0.0,0.0,0.0
BitRate blocking probability per pair and bitRate,2,200.0Gbps,16,17, ,0.0,0.0,0.0,0.0,0.0
BitRate blocking probability per pair and bitRate,2,200.0Gbps,23,18, ,0.0,0.0,0.0,0.0,0.0
BitRate blocking probability per pair and bitRate,2,200.0Gbps,7,1, ,0.0,0.0,0.0,0.0,0.0
BitRate blocking probability per pair and bitRate,2,200.0Gbps,11,24, ,0.0,0.0,0.0,0.0,0.0
BitRate blocking probability per pair and bitRate,2,200.0Gbps,2,10, ,0.0,0.0,0.0,0.0,0.0
BitRate blocking probability per pair and bitRate,2,200.0Gbps,4,6, ,0.0,0.0,0.0,0.0,0.0
BitRate blocking probability per pair and bitRate,2,200.0Gbps,15,13, ,0.0,0.0,0.0,0.0,0.0
BitRate blocking probability per pair and bitRate,2,200.0Gbps,21,12, ,0.0,0.0,0.0,0.0,0.0
BitRate blocking probability per pair and bitRate,2,200.0Gbps,5,6, ,0.0,0.0,0.0,0.0,0.0
BitRate blocking probability per pair and bitRate,2,200.0Gbps,10,18, ,0.0,0.0,0.0,0.0,0.0
BitRate blocking probability per pair and bitRate,2,200.0Gbps,14,23, ,0.0,0.0,0.0,0.0,0.0
BitRate blocking probability per pair and bitRate,2,200.0Gbps,21,8, ,0.0,0.0,0.0,0.0,0.0
BitRate blocking probability per pair and bitRate,2,200.0Gbps,11,3, ,0.0,0.0,0.0,0.0,0.0
BitRate blocking probability per pair and bitRate,2,200.0Gbps,13,16, ,0.0,0.0,0.0,0.0,0.0
BitRate blocking probability per pair and bitRate,2,200.0Gbps,22,16, ,0.0,0.0,0.0,0.0,0.0
BitRate blocking probability per pair and bitRate,2,200.0Gbps,21,5, ,0.0,0.0,0.0,0.0,0.0
BitRate blocking probability per pair and bitRate,2,200.0Gbps,23,24, ,0.0,0.0,0.0,0.0,0.0
BitRate blocking probability per pair and bitRate,2,200.0Gbps,9,6, ,0.0,0.0,0.0,0.0,0.0
BitRate blocking probability per pair and bitRate,2,200.0Gbps,20,9, ,0.0,0.0,0.0,0.0,0.0
BitRate blocking probability per pair and bitRate,2,200.0Gbps,16,6, ,0.0,0.0,0.0,0.0,0.0
BitRate blocking probability per pair and bitRate,2,200.0Gbps,15,4, ,0.0,0.0,0.0,0.0,0.0
BitRate blocking probability per pair and bitRate,2,200.0Gbps,3,4, ,0.0,0.0,0.0,0.0,0.0
BitRate blocking probability per pair and bitRate,2,200.0Gbps,17,10, ,0.0,0.0,0.0,0.0,0.0
BitRate blocking probability per pair and bitRate,2,200.0Gbps,12,10, ,0.0,0.0,0.0,0.0,0.0
BitRate blocking probability per pair and bitRate,2,200.0Gbps,12,7, ,0.0,0.0,0.0,0.0,0.0
BitRate blocking probability per pair and bitRate,2,200.0Gbps,3,17, ,0.0,0.0,0.0,0.0,0.0
BitRate blocking probability per pair and bitRate,2,400.0Gbps,11,2, ,0.0,0.0,0.0,0.0,0.0
BitRate blocking probability per pair and bitRate,2,400.0Gbps,1,23, ,0.0,0.0,0.0,0.0,0.0
BitRate blocking probability per pair and bitRate,2,400.0Gbps,2,9, ,0.0,0.0,0.0,0.0,0.0
BitRate blocking probability per pair and bitRate,2,400.0Gbps,1,20, ,0.0,0.0,0.0,0.0,0.0
BitRate blocking probability per pair and bitRate,2,400.0Gbps,17,24, ,0.0,0.0,0.0,0.0,0.0
BitRate blocking probability per pair and bitRate,2,400.0Gbps,21,15, ,0.0,0.0,0.0,0.0,0.0
BitRate blocking probability per pair and bitRate,2,400.0Gbps,19,11, ,0.0,0.0,0.0,0.0,0.0
BitRate blocking probability per pair and bitRate,2,400.0Gbps,3,1, ,0.0,0.0,0.0,0.0,0.0
BitRate blocking probability per pair and bitRate,2,400.0Gbps,24,2, ,0.0,0.0,0.0,0.0,0.0
BitRate blocking probability per pair and bitRate,2,400.0Gbps,23,22, ,0.0,0.0,0.0,0.0,0.0
BitRate blocking probability per pair and bitRate,2,400.0Gbps,17,22, ,0.0,0.0,0.0,0.0,0.0
BitRate blocking probability per pair and bitRate,2,400.0Gbps,15,20, ,0.0,0.0,0.0,0.0,0.0
BitRate blocking probability per pair and bitRate,2,400.0Gbps,2,7, ,0.0,0.0,0.0,0.0,0.0
BitRate blocking probability per pair and bitRate,2,400.0Gbps,10,1, ,0.0,0.0,0.0,0.0,0.0
BitRate blocking probability per pair and bitRate,2,400.0Gbps,14,16, ,0.0,0.0,0.0,0.0,0.0
BitRate blocking probability per pair and bitRate,2,400.0Gbps,13,18, ,0.0,0.0,0.0,0.0,0.0
BitRate blocking probability per pair and bitRate,2,400.0Gbps,11,7, ,0.0,0.0,0.0,0.0,0.0
BitRate blocking probability per pair and bitRate,2,400.0Gbps,15,10, ,0.0,0.0,0.0,0.0,0.0
BitRate blocking probability per pair and bitRate,2,400.0Gbps,17,4, ,0.0,0.0,0.0,0.0,0.0
BitRate blocking probability per pair and bitRate,2,400.0Gbps,15,19, ,0.0,0.0,0.0,0.0,0.0
BitRate blocking probability per pair and bitRate,2,400.0Gbps,9,22, ,0.0,0.0,0.0,0.0,0.0
BitRate blocking probability per pair and bitRate,2,400.0Gbps,9,19, ,0.0,0.0,0.0,0.0,0.0
BitRate blocking probability per pair and bitRate,2,400.0Gbps,24,7, ,0.0,0.0,0.0,0.0,0.0
BitRate blocking probability per pair and bitRate,2,400.0Gbps,1,18, ,0.0,0.0,0.0,0.0,0.0
BitRate blocking probability per pair and bitRate,2,400.0Gbps,19,4, ,0.0,0.0,0.0,0.0,0.0
BitRate blocking probability per pair and bitRate,2,400.0Gbps,5,1, ,0.0,0.0,0.0,0.0,0.0
BitRate blocking probability per pair and bitRate,2,400.0Gbps,5,20, ,0.0,0.0,0.0,0.0,0.0
BitRate blocking probability per pair and bitRate,2,400.0Gbps,21,24, ,0.0,0.0,0.0,0.0,0.0
BitRate blocking probability per pair and bitRate,2,400.0Gbps,9,1, ,0.0,0.0,0.0,0.0,0.0
BitRate blocking probability per pair and bitRate,2,400.0Gbps,9,21, ,0.0,0.0,0.0,0.0,0.0
BitRate blocking probability per pair and bitRate,2,400.0Gbps,14,15, ,0.0,0.0,0.0,0.0,0.0
BitRate blocking probability per pair and bitRate,2,400.0Gbps,8,4, ,0.0,0.0,0.0,0.0,0.0
BitRate blocking probability per pair and bitRate,2,400.0Gbps,8,21, ,0.0,0.0,0.0,0.0,0.0
BitRate blocking probability per pair and bitRate,2,400.0Gbps,6,3, ,0.0,0.0,0.0,0.0,0.0
BitRate blocking probability per pair and bitRate,2,400.0Gbps,9,2, ,0.0,0.0,0.0,0.0,0.0
BitRate blocking probability per pair and bitRate,2,400.0Gbps,16,2, ,0.0,0.0,0.0,0.0,0.0
BitRate blocking probability per pair and bitRate,2,400.0Gbps,9,4, ,0.0,0.0,0.0,0.0,0.0
BitRate blocking probability per pair and bitRate,2,400.0Gbps,23,21, ,0.0,0.0,0.0,0.0,0.0
BitRate blocking probability per pair and bitRate,2,400.0Gbps,19,24, ,0.0,0.0,0.0,0.0,0.0
BitRate blocking probability per pair and bitRate,2,400.0Gbps,22,15, ,0.0,0.0,0.0,0.0,0.0
BitRate blocking probability per pair and bitRate,2,400.0Gbps,23,17, ,0.0,0.0,0.0,0.0,0.0
BitRate blocking probability per pair and bitRate,2,400.0Gbps,8,11, ,0.0,0.0,0.0,0.0,0.0
BitRate blocking probability per pair and bitRate,2,400.0Gbps,24,17, ,0.0,0.0,0.0,0.0,0.0
BitRate blocking probability per pair and bitRate,2,400.0Gbps,22,18, ,0.0,0.0,0.0,0.0,0.0
BitRate blocking probability per pair and bitRate,2,400.0Gbps,5,11, ,0.0,0.0,0.0,0.0,0.0
BitRate blocking probability per pair and bitRate,2,400.0Gbps,4,8, ,0.0,0.0,0.0,0.0,0.0
BitRate blocking probability per pair and bitRate,2,400.0Gbps,23,9, ,0.0,0.0,0.0,0.0,0.0
BitRate blocking probability per pair and bitRate,2,400.0Gbps,6,12, ,0.0,0.0,0.0,0.0,0.0
BitRate blocking probability per pair and bitRate,2,400.0Gbps,4,5, ,0.0,0.0,0.0,0.0,0.0
BitRate blocking probability per pair and bitRate,2,400.0Gbps,16,9, ,0.0,0.0,0.0,0.0,0.0
BitRate blocking probability per pair and bitRate,2,400.0Gbps,16,11, ,0.0,0.0,0.0,0.0,0.0
BitRate blocking probability per pair and bitRate,2,400.0Gbps,24,20, ,0.0,0.0,0.0,0.0,0.0
BitRate blocking probability per pair and bitRate,2,400.0Gbps,12,14, ,0.0,0.0,0.0,0.0,0.0
BitRate blocking probability per pair and bitRate,2,400.0Gbps,20,5, ,0.0,0.0,0.0,0.0,0.0
BitRate blocking probability per pair and bitRate,2,400.0Gbps,11,12, ,0.0,0.0,0.0,0.0,0.0
BitRate blocking probability per pair and bitRate,2,400.0Gbps,7,14, ,0.0,0.0,0.0,0.0,0.0
BitRate blocking probability per pair and bitRate,2,400.0Gbps,10,23, ,0.0,0.0,0.0,0.0,0.0
BitRate blocking probability per pair and bitRate,2,400.0Gbps,22,20, ,0.0,0.0,0.0,0.0,0.0
BitRate blocking probability per pair and bitRate,2,400.0Gbps,17,11, ,0.0,0.0,0.0,0.0,0.0
BitRate blocking probability per pair and bitRate,2,400.0Gbps,3,10, ,0.0,0.0,0.0,0.0,0.0
BitRate blocking probability per pair and bitRate,2,400.0Gbps,17,14, ,0.0,0.0,0.0,0.0,0.0
BitRate blocking probability per pair and bitRate,2,400.0Gbps,10,7, ,0.0,0.0,0.0,0.0,0.0
BitRate blocking probability per pair and bitRate,2,400.0Gbps,3,2, ,0.0,0.0,0.0,0.0,0.0
BitRate blocking probability per pair and bitRate,2,400.0Gbps,3,5, ,0.0,0.0,0.0,0.0,0.0
BitRate blocking probability per pair and bitRate,2,400.0Gbps,22,1, ,0.0,0.0,0.0,0.0,0.0
BitRate blocking probability per pair and bitRate,2,400.0Gbps,1,14, ,0.0,0.0,0.0,0.0,0.0
BitRate blocking probability per pair and bitRate,2,400.0Gbps,24,8, ,0.0,0.0,0.0,0.0,0.0
BitRate blocking probability per pair and bitRate,2,400.0Gbps,11,21, ,0.0,0.0,0.0,0.0,0.0
BitRate blocking probability per pair and bitRate,2,400.0Gbps,20,14, ,0.0,0.0,0.0,0.0,0.0
BitRate blocking probability per pair and bitRate,2,400.0Gbps,8,6, ,0.0,0.0,0.0,0.0,0.0
BitRate blocking probability per pair and bitRate,2,400.0Gbps,21,11, ,0.0,0.0,0.0,0.0,0.0
BitRate blocking probability per pair and bitRate,2,400.0Gbps,11,8, ,0.0,0.0,0.0,0.0,0.0
BitRate blocking probability per pair and bitRate,2,400.0Gbps,21,19, ,0.0,0.0,0.0,0.0,0.0
BitRate blocking probability per pair and bitRate,2,400.0Gbps,17,1, ,0.0,0.0,0.0,0.0,0.0
BitRate blocking probability per pair and bitRate,2,400.0Gbps,11,22, ,0.0,0.0,0.0,0.0,0.0
BitRate blocking probability per pair and bitRate,2,400.0Gbps,24,21, ,0.0,0.0,0.0,0.0,0.0
BitRate blocking probability per pair and bitRate,2,400.0Gbps,19,22, ,0.0,0.0,0.0,0.0,0.0
BitRate blocking probability per pair and bitRate,2,400.0Gbps,7,12, ,0.0,0.0,0.0,0.0,0.0
BitRate blocking probability per pair and bitRate,2,400.0Gbps,7,22, ,0.0,0.0,0.0,0.0,0.0
BitRate blocking probability per pair and bitRate,2,400.0Gbps,23,5, ,0.0,0.0,0.0,0.0,0.0
BitRate blocking probability per pair and bitRate,2,400.0Gbps,21,17, ,0.0,0.0,0.0,0.0,0.0
BitRate blocking probability per pair and bitRate,2,400.0Gbps,1,11, ,0.0,0.0,0.0,0.0,0.0
BitRate blocking probability per pair and bitRate,2,400.0Gbps,18,12, ,0.0,0.0,0.0,0.0,0.0
BitRate blocking probability per pair and bitRate,2,400.0Gbps,23,10, ,0.0,0.0,0.0,0.0,0.0
BitRate blocking probability per pair and bitRate,2,400.0Gbps,18,7, ,0.0,0.0,0.0,0.0,0.0
BitRate blocking probability per pair and bitRate,2,400.0Gbps,24,22, ,0.0,0.0,0.0,0.0,0.0
BitRate blocking probability per pair and bitRate,2,400.0Gbps,21,2, ,0.0,0.0,0.0,0.0,0.0
BitRate blocking probability per pair and bitRate,2,400.0Gbps,16,4, ,0.0,0.0,0.0,0.0,0.0
BitRate blocking probability per pair and bitRate,2,400.0Gbps,10,9, ,0.0,0.0,0.0,0.0,0.0
BitRate blocking probability per pair and bitRate,2,400.0Gbps,22,5, ,0.0,0.0,0.0,0.0,0.0
BitRate blocking probability per pair and bitRate,2,400.0Gbps,9,17, ,0.0,0.0,0.0,0.0,0.0
BitRate blocking probability per pair and bitRate,2,400.0Gbps,8,20, ,0.0,0.0,0.0,0.0,0.0
BitRate blocking probability per pair and bitRate,2,400.0Gbps,1,24, ,0.0,0.0,0.0,0.0,0.0
BitRate blocking probability per pair and bitRate,2,400.0Gbps,2,14, ,0.0,0.0,0.0,0.0,0.0
BitRate blocking probability per pair and bitRate,2,400.0Gbps,5,18, ,0.0,0.0,0.0,0.0,0.0
BitRate blocking probability per pair and bitRate,2,400.0Gbps,8,9, ,0.0,0.0,0.0,0.0,0.0
BitRate blocking probability per pair and bitRate,2,400.0Gbps,9,13, ,0.0,0.0,0.0,0.0,0.0
BitRate blocking probability per pair and bitRate,2,400.0Gbps,24,13, ,0.0,0.0,0.0,0.0,0.0
BitRate blocking probability per pair and bitRate,2,400.0Gbps,2,17, ,0.0,0.0,0.0,0.0,0.0
BitRate blocking probability per pair and bitRate,2,400.0Gbps,20,1, ,0.0,0.0,0.0,0.0,0.0
BitRate blocking probability per pair and bitRate,2,400.0Gbps,19,2, ,0.0,0.0,0.0,0.0,0.0
BitRate blocking probability per pair and bitRate,2,400.0Gbps,4,3, ,0.0,0.0,0.0,0.0,0.0
BitRate blocking probability per pair and bitRate,2,400.0Gbps,22,4, ,0.0,0.0,0.0,0.0,0.0
BitRate blocking probability per pair and bitRate,2,400.0Gbps,5,4, ,0.0,0.0,0.0,0.0,0.0
BitRate blocking probability per pair and bitRate,2,400.0Gbps,16,19, ,0.0,0.0,0.0,0.0,0.0
BitRate blocking probability per pair and bitRate,2,400.0Gbps,12,6, ,0.0,0.0,0.0,0.0,0.0
BitRate blocking probability per pair and bitRate,2,400.0Gbps,17,8, ,0.0,0.0,0.0,0.0,0.0
BitRate blocking probability per pair and bitRate,2,400.0Gbps,12,9, ,0.0,0.0,0.0,0.0,0.0
BitRate blocking probability per pair and bitRate,2,400.0Gbps,11,20, ,0.0,0.0,0.0,0.0,0.0
BitRate blocking probability per pair and bitRate,2,400.0Gbps,15,12, ,0.0,0.0,0.0,0.0,0.0
BitRate blocking probability per pair and bitRate,2,400.0Gbps,9,16, ,0.0,0.0,0.0,0.0,0.0
BitRate blocking probability per pair and bitRate,2,400.0Gbps,7,15, ,0.0,0.0,0.0,0.0,0.0
BitRate blocking probability per pair and bitRate,2,400.0Gbps,6,13, ,0.0,0.0,0.0,0.0,0.0
BitRate blocking probability per pair and bitRate,2,400.0Gbps,19,18, ,0.0,0.0,0.0,0.0,0.0
BitRate blocking probability per pair and bitRate,2,400.0Gbps,3,9, ,0.0,0.0,0.0,0.0,0.0
BitRate blocking probability per pair and bitRate,2,400.0Gbps,21,18, ,0.0,0.0,0.0,0.0,0.0
BitRate blocking probability per pair and bitRate,2,400.0Gbps,1,17, ,0.0,0.0,0.0,0.0,0.0
BitRate blocking probability per pair and bitRate,2,400.0Gbps,8,24, ,0.0,0.0,0.0,0.0,0.0
BitRate blocking probability per pair and bitRate,2,400.0Gbps,7,16, ,0.0,0.0,0.0,0.0,0.0
BitRate blocking probability per pair and bitRate,2,400.0Gbps,15,21, ,0.0,0.0,0.0,0.0,0.0
BitRate blocking probability per pair and bitRate,2,400.0Gbps,18,22, ,0.0,0.0,0.0,0.0,0.0
BitRate blocking probability per pair and bitRate,2,400.0Gbps,14,2, ,0.0,0.0,0.0,0.0,0.0
BitRate blocking probability per pair and bitRate,2,400.0Gbps,2,12, ,0.0,0.0,0.0,0.0,0.0
BitRate blocking probability per pair and bitRate,2,400.0Gbps,12,8, ,0.0,0.0,0.0,0.0,0.0
BitRate blocking probability per pair and bitRate,2,400.0Gbps,1,13, ,0.0,0.0,0.0,0.0,0.0
BitRate blocking probability per pair and bitRate,2,400.0Gbps,8,18, ,0.0,0.0,0.0,0.0,0.0
BitRate blocking probability per pair and bitRate,2,400.0Gbps,15,6, ,0.0,0.0,0.0,0.0,0.0
BitRate blocking probability per pair and bitRate,2,400.0Gbps,6,20, ,0.0,0.0,0.0,0.0,0.0
BitRate blocking probability per pair and bitRate,2,400.0Gbps,7,21, ,0.0,0.0,0.0,0.0,0.0
BitRate blocking probability per pair and bitRate,2,400.0Gbps,9,3, ,0.0,0.0,0.0,0.0,0.0
BitRate blocking probability per pair and bitRate,2,400.0Gbps,12,13, ,0.0,0.0,0.0,0.0,0.0
BitRate blocking probability per pair and bitRate,2,400.0Gbps,8,22, ,0.0,0.0,0.0,0.0,0.0
BitRate blocking probability per pair and bitRate,2,400.0Gbps,2,3, ,0.0,0.0,0.0,0.0,0.0
BitRate blocking probability per pair and bitRate,2,400.0Gbps,14,18, ,0.0,0.0,0.0,0.0,0.0
BitRate blocking probability per pair and bitRate,2,400.0Gbps,23,20, ,0.0,0.0,0.0,0.0,0.0
BitRate blocking probability per pair and bitRate,2,400.0Gbps,4,20, ,0.0,0.0,0.0,0.0,0.0
BitRate blocking probability per pair and bitRate,2,400.0Gbps,4,24, ,0.0,0.0,0.0,0.0,0.0
BitRate blocking probability per pair and bitRate,2,400.0Gbps,16,15, ,0.0,0.0,0.0,0.0,0.0
BitRate blocking probability per pair and bitRate,2,400.0Gbps,24,16, ,0.0,0.0,0.0,0.0,0.0
BitRate blocking probability per pair and bitRate,2,400.0Gbps,19,12, ,0.0,0.0,0.0,0.0,0.0
BitRate blocking probability per pair and bitRate,2,400.0Gbps,6,15, ,0.0,0.0,0.0,0.0,0.0
BitRate blocking probability per pair and bitRate,2,400.0Gbps,8,7, ,0.0,0.0,0.0,0.0,0.0
BitRate blocking probability per pair and bitRate,2,400.0Gbps,2,20, ,0.0,0.0,0.0,0.0,0.0
BitRate blocking probability per pair and bitRate,2,400.0Gbps,11,9, ,0.0,0.0,0.0,0.0,0.0
BitRate blocking probability per pair and bitRate,2,400.0Gbps,4,12, ,0.0,0.0,0.0,0.0,0.0
BitRate blocking probability per pair and bitRate,2,400.0Gbps,13,23, ,0.0,0.0,0.0,0.0,0.0
BitRate blocking probability per pair and bitRate,2,400.0Gbps,11,16, ,0.0,0.0,0.0,0.0,0.0
BitRate blocking probability per pair and bitRate,2,400.0Gbps,3,11, ,0.0,0.0,0.0,0.0,0.0
BitRate blocking probability per pair and bitRate,2,400.0Gbps,2,5, ,0.0,0.0,0.0,0.0,0.0
BitRate blocking probability per pair and bitRate,2,400.0Gbps,3,24, ,0.0,0.0,0.0,0.0,0.0
BitRate blocking probability per pair and bitRate,2,400.0Gbps,18,1, ,0.0,0.0,0.0,0.0,0.0
BitRate blocking probability per pair and bitRate,2,400.0Gbps,10,2, ,0.0,0.0,0.0,0.0,0.0
BitRate blocking probability per pair and bitRate,2,400.0Gbps,15,16, ,0.0,0.0,0.0,0.0,0.0
BitRate blocking probability per pair and bitRate,2,400.0Gbps,20,17, ,0.0,0.0,0.0,0.0,0.0
BitRate blocking probability per pair and bitRate,2,400.0Gbps,5,13, ,0.0,0.0,0.0,0.0,0.0
BitRate blocking probability per pair and bitRate,2,400.0Gbps,24,15, ,0.0,0.0,0.0,0.0,0.0
BitRate blocking probability per pair and bitRate,2,400.0Gbps,12,17, ,0.0,0.0,0.0,0.0,0.0
BitRate blocking probability per pair and bitRate,2,400.0Gbps,20,2, ,0.0,0.0,0.0,0.0,0.0
BitRate blocking probability per pair and bitRate,2,400.0Gbps,5,19, ,0.0,0.0,0.0,0.0,0.0
BitRate blocking probability per pair and bitRate,2,400.0Gbps,6,8, ,0.0,0.0,0.0,0.0,0.0
BitRate blocking probability per pair and bitRate,2,400.0Gbps,4,10, ,0.0,0.0,0.0,0.0,0.0
BitRate blocking probability per pair and bitRate,2,400.0Gbps,1,4, ,0.0,0.0,0.0,0.0,0.0
BitRate blocking probability per pair and bitRate,2,400.0Gbps,12,23, ,0.0,0.0,0.0,0.0,0.0
BitRate blocking probability per pair and bitRate,2,400.0Gbps,23,4, ,0.0,0.0,0.0,0.0,0.0
BitRate blocking probability per pair and bitRate,2,400.0Gbps,12,20, ,0.0,0.0,0.0,0.0,0.0
BitRate blocking probability per pair and bitRate,2,400.0Gbps,11,19, ,0.0,0.0,0.0,0.0,0.0
BitRate blocking probability per pair and bitRate,2,400.0Gbps,2,11, ,0.0,0.0,0.0,0.0,0.0
BitRate blocking probability per pair and bitRate,2,400.0Gbps,8,23, ,0.0,0.0,0.0,0.0,0.0
BitRate blocking probability per pair and bitRate,2,400.0Gbps,10,14, ,0.0,0.0,0.0,0.0,0.0
BitRate blocking probability per pair and bitRate,2,400.0Gbps,21,22, ,0.0,0.0,0.0,0.0,0.0
BitRate blocking probability per pair and bitRate,2,400.0Gbps,9,11, ,0.0,0.0,0.0,0.0,0.0
BitRate blocking probability per pair and bitRate,2,400.0Gbps,23,7, ,0.0,0.0,0.0,0.0,0.0
BitRate blocking probability per pair and bitRate,2,400.0Gbps,24,18, ,0.0,0.0,0.0,0.0,0.0
BitRate blocking probability per pair and bitRate,2,400.0Gbps,14,24, ,0.0,0.0,0.0,0.0,0.0
BitRate blocking probability per pair and bitRate,2,400.0Gbps,6,4, ,0.0,0.0,0.0,0.0,0.0
BitRate blocking probability per pair and bitRate,2,400.0Gbps,21,9, ,0.0,0.0,0.0,0.0,0.0
BitRate blocking probability per pair and bitRate,2,400.0Gbps,15,1, ,0.0,0.0,0.0,0.0,0.0
BitRate blocking probability per pair and bitRate,2,400.0Gbps,13,8, ,0.0,0.0,0.0,0.0,0.0
BitRate blocking probability per pair and bitRate,2,400.0Gbps,13,12, ,0.0,0.0,0.0,0.0,0.0
BitRate blocking probability per pair and bitRate,2,400.0Gbps,12,11, ,0.0,0.0,0.0,0.0,0.0
BitRate blocking probability per pair and bitRate,2,400.0Gbps,23,16, ,0.0,0.0,0.0,0.0,0.0
BitRate blocking probability per pair and bitRate,2,400.0Gbps,16,10, ,0.0,0.0,0.0,0.0,0.0
BitRate blocking probability per pair and bitRate,2,400.0Gbps,14,4, ,0.0,0.0,0.0,0.0,0.0
BitRate blocking probability per pair and bitRate,2,400.0Gbps,10,21, ,0.0,0.0,0.0,0.0,0.0
BitRate blocking probability per pair and bitRate,2,400.0Gbps,1,16, ,0.0,0.0,0.0,0.0,0.0
BitRate blocking probability per pair and bitRate,2,400.0Gbps,5,14, ,0.0,0.0,0.0,0.0,0.0
BitRate blocking probability per pair and bitRate,2,400.0Gbps,14,3, ,0.0,0.0,0.0,0.0,0.0
BitRate blocking probability per pair and bitRate,2,400.0Gbps,9,5, ,0.0,0.0,0.0,0.0,0.0
BitRate blocking probability per pair and bitRate,2,400.0Gbps,11,23, ,0.0,0.0,0.0,0.0,0.0
BitRate blocking probability per pair and bitRate,2,400.0Gbps,23,12, ,0.0,0.0,0.0,0.0,0.0
BitRate blocking probability per pair and bitRate,2,400.0Gbps,18,4, ,0.0,0.0,0.0,0.0,0.0
BitRate blocking probability per pair and bitRate,2,400.0Gbps,19,10, ,0.0,0.0,0.0,0.0,0.0
BitRate blocking probability per pair and bitRate,2,400.0Gbps,14,19, ,0.0,0.0,0.0,0.0,0.0
BitRate blocking probability per pair and bitRate,2,400.0Gbps,3,18, ,0.0,0.0,0.0,0.0,0.0
BitRate blocking probability per pair and bitRate,2,400.0Gbps,1,21, ,0.0,0.0,0.0,0.0,0.0
BitRate blocking probability per pair and bitRate,2,400.0Gbps,10,16, ,0.0,0.0,0.0,0.0,0.0
BitRate blocking probability per pair and bitRate,2,400.0Gbps,24,9, ,0.0,0.0,0.0,0.0,0.0
BitRate blocking probability per pair and bitRate,2,400.0Gbps,3,21, ,0.0,0.0,0.0,0.0,0.0
BitRate blocking probability per pair and bitRate,2,400.0Gbps,12,24, ,0.0,0.0,0.0,0.0,0.0
BitRate blocking probability per pair and bitRate,2,400.0Gbps,15,9, ,0.0,0.0,0.0,0.0,0.0
BitRate blocking probability per pair and bitRate,2,400.0Gbps,18,14, ,0.0,0.0,0.0,0.0,0.0
BitRate blocking probability per pair and bitRate,2,400.0Gbps,16,3, ,0.0,0.0,0.0,0.0,0.0
BitRate blocking probability per pair and bitRate,2,400.0Gbps,15,5, ,0.0,0.0,0.0,0.0,0.0
BitRate blocking probability per pair and bitRate,2,400.0Gbps,16,21, ,0.0,0.0,0.0,0.0,0.0
BitRate blocking probability per pair and bitRate,2,400.0Gbps,8,17, ,0.0,0.0,0.0,0.0,0.0
BitRate blocking probability per pair and bitRate,2,400.0Gbps,5,16, ,0.0,0.0,0.0,0.0,0.0
BitRate blocking probability per pair and bitRate,2,400.0Gbps,21,4, ,0.0,0.0,0.0,0.0,0.0
BitRate blocking probability per pair and bitRate,2,400.0Gbps,17,19, ,0.0,0.0,0.0,0.0,0.0
BitRate blocking probability per pair and bitRate,2,400.0Gbps,16,12, ,0.0,0.0,0.0,0.0,0.0
BitRate blocking probability per pair and bitRate,2,400.0Gbps,7,19, ,0.0,0.0,0.0,0.0,0.0
BitRate blocking probability per pair and bitRate,2,400.0Gbps,8,19, ,0.0,0.0,0.0,0.0,0.0
BitRate blocking probability per pair and bitRate,2,400.0Gbps,9,20, ,0.0,0.0,0.0,0.0,0.0
BitRate blocking probability per pair and bitRate,2,400.0Gbps,13,10, ,0.0,0.0,0.0,0.0,0.0
BitRate blocking probability per pair and bitRate,2,400.0Gbps,17,16, ,0.0,0.0,0.0,0.0,0.0
BitRate blocking probability per pair and bitRate,2,400.0Gbps,5,7, ,0.0,0.0,0.0,0.0,0.0
BitRate blocking probability per pair and bitRate,2,400.0Gbps,5,10, ,0.0,0.0,0.0,0.0,0.0
BitRate blocking probability per pair and bitRate,2,400.0Gbps,22,14, ,0.0,0.0,0.0,0.0,0.0
BitRate blocking probability per pair and bitRate,2,400.0Gbps,2,24, ,0.0,0.0,0.0,0.0,0.0
BitRate blocking probability per pair and bitRate,2,400.0Gbps,11,15, ,0.0,0.0,0.0,0.0,0.0
BitRate blocking probability per pair and bitRate,2,400.0Gbps,19,13, ,0.0,0.0,0.0,0.0,0.0
BitRate blocking probability per pair and bitRate,2,400.0Gbps,9,14, ,0.0,0.0,0.0,0.0,0.0
BitRate blocking probability per pair and bitRate,2,400.0Gbps,13,20, ,0.0,0.0,0.0,0.0,0.0
BitRate blocking probability per pair and bitRate,2,400.0Gbps,20,15, ,0.0,0.0,0.0,0.0,0.0
BitRate blocking probability per pair and bitRate,2,400.0Gbps,1,9, ,0.0,0.0,0.0,0.0,0.0
BitRate blocking probability per pair and bitRate,2,400.0Gbps,4,16, ,0.0,0.0,0.0,0.0,0.0
BitRate blocking probability per pair and bitRate,2,400.0Gbps,21,20, ,0.0,0.0,0.0,0.0,0.0
BitRate blocking probability per pair and bitRate,2,400.0Gbps,6,18, ,0.0,0.0,0.0,0.0,0.0
BitRate blocking probability per pair and bitRate,2,400.0Gbps,3,20, ,0.0,0.0,0.0,0.0,0.0
BitRate blocking probability per pair and bitRate,2,400.0Gbps,21,10, ,0.0,0.0,0.0,0.0,0.0
BitRate blocking probability per pair and bitRate,2,400.0Gbps,2,19, ,0.0,0.0,0.0,0.0,0.0
BitRate blocking probability per pair and bitRate,2,400.0Gbps,7,17, ,0.0,0.0,0.0,0.0,0.0
BitRate blocking probability per pair and bitRate,2,400.0Gbps,14,5, ,0.0,0.0,0.0,0.0,0.0
BitRate blocking probability per pair and bitRate,2,400.0Gbps,7,13, ,0.0,0.0,0.0,0.0,0.0
BitRate blocking probability per pair and bitRate,2,400.0Gbps,5,15, ,0.0,0.0,0.0,0.0,0.0
BitRate blocking probability per pair and bitRate,2,400.0Gbps,18,8, ,0.0,0.0,0.0,0.0,0.0
BitRate blocking probability per pair and bitRate,2,400.0Gbps,19,17, ,0.0,0.0,0.0,0.0,0.0
BitRate blocking probability per pair and bitRate,2,400.0Gbps,19,21, ,0.0,0.0,0.0,0.0,0.0
BitRate blocking probability per pair and bitRate,2,400.0Gbps,19,3, ,0.0,0.0,0.0,0.0,0.0
BitRate blocking probability per pair and bitRate,2,400.0Gbps,13,19, ,0.0,0.0,0.0,0.0,0.0
BitRate blocking probability per pair and bitRate,2,400.0Gbps,12,18, ,0.0,0.0,0.0,0.0,0.0
BitRate blocking probability per pair and bitRate,2,400.0Gbps,13,3, ,0.0,0.0,0.0,0.0,0.0
BitRate blocking probability per pair and bitRate,2,400.0Gbps,7,18, ,0.0,0.0,0.0,0.0,0.0
BitRate blocking probability per pair and bitRate,2,400.0Gbps,17,12, ,0.0,0.0,0.0,0.0,0.0
BitRate blocking probability per pair and bitRate,2,400.0Gbps,13,9, ,0.0,0.0,0.0,0.0,0.0
BitRate blocking probability per pair and bitRate,2,400.0Gbps,6,22, ,0.0,0.04812615472125635,0.03917803926433185,0.0,0.0
BitRate blocking probability per pair and bitRate,2,400.0Gbps,1,15, ,0.0,0.0,0.0,0.0,0.0
BitRate blocking probability per pair and bitRate,2,400.0Gbps,3,19, ,0.0,0.0,0.0,0.0,0.0
BitRate blocking probability per pair and bitRate,2,400.0Gbps,12,4, ,0.0,0.0,0.0,0.0,0.0
BitRate blocking probability per pair and bitRate,2,400.0Gbps,16,24, ,0.0,0.0,0.0,0.0,0.0
BitRate blocking probability per pair and bitRate,2,400.0Gbps,6,10, ,0.0,0.0,0.0,0.0,0.0
BitRate blocking probability per pair and bitRate,2,400.0Gbps,2,18, ,0.0,0.0,0.0,0.0,0.0
BitRate blocking probability per pair and bitRate,2,400.0Gbps,18,21, ,0.0,0.0,0.0,0.0,0.0
BitRate blocking probability per pair and bitRate,2,400.0Gbps,18,3, ,0.0,0.0,0.0,0.0,0.0
BitRate blocking probability per pair and bitRate,2,400.0Gbps,15,18, ,0.0,0.0,0.0,0.0,0.0
BitRate blocking probability per pair and bitRate,2,400.0Gbps,4,14, ,0.0,0.0,0.0,0.0,0.0
BitRate blocking probability per pair and bitRate,2,400.0Gbps,7,20, ,0.0,0.0,0.0,0.0,0.0
BitRate blocking probability per pair and bitRate,2,400.0Gbps,13,15, ,0.0,0.0,0.0,0.0,0.0
BitRate blocking probability per pair and bitRate,2,400.0Gbps,13,21, ,0.0,0.0,0.0,0.0,0.0
BitRate blocking probability per pair and bitRate,2,400.0Gbps,15,14, ,0.0,0.0,0.0,0.0,0.0
BitRate blocking probability per pair and bitRate,2,400.0Gbps,3,15, ,0.0,0.0,0.0,0.0,0.0
BitRate blocking probability per pair and bitRate,2,400.0Gbps,18,5, ,0.0,0.0,0.0,0.0,0.0
BitRate blocking probability per pair and bitRate,2,400.0Gbps,12,1, ,0.0,0.0,0.0,0.0,0.0
BitRate blocking probability per pair and bitRate,2,400.0Gbps,6,7, ,0.0,0.0,0.0,0.0,0.0
BitRate blocking probability per pair and bitRate,2,400.0Gbps,24,3, ,0.0,0.0,0.0,0.0,0.0
BitRate blocking probability per pair and bitRate,2,400.0Gbps,19,5, ,0.0,0.0,0.0,0.0,0.0
BitRate blocking probability per pair and bitRate,2,400.0Gbps,20,19, ,0.0,0.0,0.0,0.0,0.0
BitRate blocking probability per pair and bitRate,2,400.0Gbps,5,17, ,0.01819661038721343,0.0,0.0,0.0,0.023535671885853537
BitRate blocking probability per pair and bitRate,2,400.0Gbps,20,12, ,0.0,0.0,0.0,0.0,0.0
BitRate blocking probability per pair and bitRate,2,400.0Gbps,4,22, ,0.0,0.0,0.0,0.0,0.0
BitRate blocking probability per pair and bitRate,2,400.0Gbps,7,8, ,0.0,0.0,0.0,0.0,0.0
BitRate blocking probability per pair and bitRate,2,400.0Gbps,14,1, ,0.0,0.0,0.0,0.0,0.0
BitRate blocking probability per pair and bitRate,2,400.0Gbps,20,21, ,0.0,0.0,0.0,0.0,0.0
BitRate blocking probability per pair and bitRate,2,400.0Gbps,1,6, ,0.0,0.0,0.0,0.0,0.0
BitRate blocking probability per pair and bitRate,2,400.0Gbps,13,2, ,0.0,0.0,0.0,0.0,0.0
BitRate blocking probability per pair and bitRate,2,400.0Gbps,14,20, ,0.0,0.0,0.0,0.0,0.0
BitRate blocking probability per pair and bitRate,2,400.0Gbps,16,20, ,0.0,0.0,0.0,0.0,0.0
BitRate blocking probability per pair and bitRate,2,400.0Gbps,18,15, ,0.0,0.0,0.0,0.0,0.0
BitRate blocking probability per pair and bitRate,2,400.0Gbps,6,2, ,0.0,0.0,0.0,0.0,0.0
BitRate blocking probability per pair and bitRate,2,400.0Gbps,9,15, ,0.0,0.0,0.0,0.0,0.0
BitRate blocking probability per pair and bitRate,2,400.0Gbps,15,17, ,0.0,0.0,0.0,0.0,0.0
BitRate blocking probability per pair and bitRate,2,400.0Gbps,18,2, ,0.0,0.0,0.0,0.0,0.0
BitRate blocking probability per pair and bitRate,2,400.0Gbps,15,24, ,0.0,0.0,0.0,0.0,0.0
BitRate blocking probability per pair and bitRate,2,400.0Gbps,7,10, ,0.0,0.0,0.0,0.0,0.0
BitRate blocking probability per pair and bitRate,2,400.0Gbps,14,21, ,0.0,0.0,0.0,0.0,0.0
BitRate blocking probability per pair and bitRate,2,400.0Gbps,23,15, ,0.0,0.0,0.0,0.0,0.0
BitRate blocking probability per pair and bitRate,2,400.0Gbps,11,1, ,0.0,0.0,0.0,0.0,0.0
BitRate blocking probability per pair and bitRate,2,400.0Gbps,19,20, ,0.0,0.0,0.0,0.0,0.0
BitRate blocking probability per pair and bitRate,2,400.0Gbps,1,8, ,0.0,0.0,0.0,0.0,0.0
BitRate blocking probability per pair and bitRate,2,400.0Gbps,16,1, ,0.0,0.0,0.0,0.0,0.0
BitRate blocking probability per pair and bitRate,2,400.0Gbps,24,5, ,0.0,0.0,0.0,0.0,0.0
BitRate blocking probability per pair and bitRate,2,400.0Gbps,2,4, ,0.0,0.0,0.0,0.0,0.0
BitRate blocking probability per pair and bitRate,2,400.0Gbps,10,5, ,0.0,0.0,0.0,0.0,0.0
BitRate blocking probability per pair and bitRate,2,400.0Gbps,21,7, ,0.0,0.0,0.0,0.0,0.0
BitRate blocking probability per pair and bitRate,2,400.0Gbps,23,11, ,0.0,0.0,0.0,0.0,0.0
BitRate blocking probability per pair and bitRate,2,400.0Gbps,19,6, ,0.0,0.0,0.0,0.0,0.0
BitRate blocking probability per pair and bitRate,2,400.0Gbps,10,17, ,0.0,0.0,0.0,0.0,0.0
BitRate blocking probability per pair and bitRate,2,400.0Gbps,3,8, ,0.0,0.0,0.0,0.0,0.0
BitRate blocking probability per pair and bitRate,2,400.0Gbps,3,23, ,0.0,0.0,0.0,0.0,0.0
BitRate blocking probability per pair and bitRate,2,400.0Gbps,17,9, ,0.0,0.0,0.0,0.0,0.0
BitRate blocking probability per pair and bitRate,2,400.0Gbps,9,18, ,0.0,0.0,0.0,0.0,0.0
BitRate blocking probability per pair and bitRate,2,400.0Gbps,1,3, ,0.0,0.0,0.0,0.0,0.0
BitRate blocking probability per pair and bitRate,2,400.0Gbps,10,20, ,0.0,0.0,0.0,0.0,0.0
BitRate blocking probability per pair and bitRate,2,400.0Gbps,21,6, ,0.0,0.0,0.0,0.0,0.0
BitRate blocking probability per pair and bitRate,2,400.0Gbps,8,5, ,0.0,0.0,0.0,0.0,0.0
BitRate blocking probability per pair and bitRate,2,400.0Gbps,9,8, ,0.0,0.0,0.0,0.0,0.0
BitRate blocking probability per pair and bitRate,2,400.0Gbps,24,4, ,0.0,0.0,0.0,0.0,0.0
BitRate blocking probability per pair and bitRate,2,400.0Gbps,1,12, ,0.0,0.0,0.0,0.0,0.0
BitRate blocking probability per pair and bitRate,2,400.0Gbps,11,5, ,0.0,0.0,0.0,0.0,0.0
BitRate blocking probability per pair and bitRate,2,400.0Gbps,22,7, ,0.0,0.0,0.0,0.0,0.0
BitRate blocking probability per pair and bitRate,2,400.0Gbps,22,8, ,0.0,0.0,0.0,0.0,0.0
BitRate blocking probability per pair and bitRate,2,400.0Gbps,20,22, ,0.0,0.0,0.0,0.0,0.0
BitRate blocking probability per pair and bitRate,2,400.0Gbps,13,24, ,0.0,0.0,0.0,0.0,0.0
BitRate blocking probability per pair and bitRate,2,400.0Gbps,1,7, ,0.0,0.0,0.0,0.0,0.0
BitRate blocking probability per pair and bitRate,2,400.0Gbps,17,20, ,0.0,0.0,0.0,0.0,0.0
BitRate blocking probability per pair and bitRate,2,400.0Gbps,16,18, ,0.0,0.0,0.0,0.0,0.0
BitRate blocking probability per pair and bitRate,2,400.0Gbps,16,8, ,0.0,0.0,0.0,0.0,0.0
BitRate blocking probability per pair and bitRate,2,400.0Gbps,12,15, ,0.0,0.0,0.0,0.0,0.0
BitRate blocking probability per pair and bitRate,2,400.0Gbps,17,5, ,0.0,0.0,0.0,0.0,0.014499762130299859
BitRate blocking probability per pair and bitRate,2,400.0Gbps,23,14, ,0.0,0.0,0.0,0.0,0.0
BitRate blocking probability per pair and bitRate,2,400.0Gbps,1,19, ,0.0,0.0,0.0,0.0,0.0
BitRate blocking probability per pair and bitRate,2,400.0Gbps,17,7, ,0.0,0.0,0.0,0.0,0.0
BitRate blocking probability per pair and bitRate,2,400.0Gbps,18,9, ,0.0,0.0,0.0,0.0,0.0
BitRate blocking probability per pair and bitRate,2,400.0Gbps,18,23, ,0.0,0.0,0.0,0.0,0.0
BitRate blocking probability per pair and bitRate,2,400.0Gbps,13,22, ,0.0,0.0,0.0,0.0,0.0
BitRate blocking probability per pair and bitRate,2,400.0Gbps,7,6, ,0.0,0.0,0.0,0.0,0.0
BitRate blocking probability per pair and bitRate,2,400.0Gbps,9,23, ,0.0,0.0,0.0,0.0,0.0
BitRate blocking probability per pair and bitRate,2,400.0Gbps,13,6, ,0.0,0.0,0.0,0.0,0.0
BitRate blocking probability per pair and bitRate,2,400.0Gbps,15,8, ,0.0,0.0,0.0,0.0,0.0
BitRate blocking probability per pair and bitRate,2,400.0Gbps,13,14, ,0.0,0.0,0.0,0.0,0.0
BitRate blocking probability per pair and bitRate,2,400.0Gbps,20,3, ,0.0,0.0,0.0,0.0,0.0
BitRate blocking probability per pair and bitRate,2,400.0Gbps,21,16, ,0.0,0.0,0.0,0.0,0.0
BitRate blocking probability per pair and bitRate,2,400.0Gbps,3,16, ,0.0,0.0,0.0,0.0,0.0
BitRate blocking probability per pair and bitRate,2,400.0Gbps,22,13, ,0.0,0.0,0.0,0.0,0.0
BitRate blocking probability per pair and bitRate,2,400.0Gbps,3,14, ,0.0,0.0,0.0,0.0,0.0
BitRate blocking probability per pair and bitRate,2,400.0Gbps,3,7, ,0.0,0.0,0.0,0.0,0.0
BitRate blocking probability per pair and bitRate,2,400.0Gbps,10,22, ,0.0,0.0,0.0,0.0,0.0
BitRate blocking probability per pair and bitRate,2,400.0Gbps,8,10, ,0.0,0.0,0.0,0.0,0.0
BitRate blocking probability per pair and bitRate,2,400.0Gbps,22,6, ,0.0,0.019301522237396555,0.0,0.0,0.0
BitRate blocking probability per pair and bitRate,2,400.0Gbps,5,2, ,0.0,0.0,0.0,0.0,0.0
BitRate blocking probability per pair and bitRate,2,400.0Gbps,13,5, ,0.0,0.0,0.0,0.0,0.0
BitRate blocking probability per pair and bitRate,2,400.0Gbps,23,8, ,0.0,0.0,0.0,0.0,0.0
BitRate blocking probability per pair and bitRate,2,400.0Gbps,13,11, ,0.0,0.0,0.0,0.0,0.0
BitRate blocking probability per pair and bitRate,2,400.0Gbps,13,7, ,0.0,0.0,0.0,0.0,0.0
BitRate blocking probability per pair and bitRate,2,400.0Gbps,3,13, ,0.0,0.0,0.0,0.0,0.0
BitRate blocking probability per pair and bitRate,2,400.0Gbps,10,12, ,0.0,0.0,0.0,0.0,0.0
BitRate blocking probability per pair and bitRate,2,400.0Gbps,24,11, ,0.0,0.0,0.0,0.0,0.0
BitRate blocking probability per pair and bitRate,2,400.0Gbps,9,7, ,0.0,0.0,0.0,0.0,0.0
BitRate blocking probability per pair and bitRate,2,400.0Gbps,24,12, ,0.0,0.0,0.0,0.0,0.0
BitRate blocking probability per pair and bitRate,2,400.0Gbps,15,3, ,0.0,0.0,0.0,0.0,0.0
BitRate blocking probability per pair and bitRate,2,400.0Gbps,22,11, ,0.0,0.0,0.0,0.0,0.0
BitRate blocking probability per pair and bitRate,2,400.0Gbps,18,19, ,0.0,0.0,0.0,0.0,0.0
BitRate blocking probability per pair and bitRate,2,400.0Gbps,16,7, ,0.0,0.0,0.0,0.0,0.0
BitRate blocking probability per pair and bitRate,2,400.0Gbps,5,24, ,0.0,0.0,0.0,0.0,0.0
BitRate blocking probability per pair and bitRate,2,400.0Gbps,10,19, ,0.0,0.0,0.0,0.0,0.0
BitRate blocking probability per pair and bitRate,2,400.0Gbps,23,13, ,0.0,0.0,0.0,0.0,0.0
BitRate blocking probability per pair and bitRate,2,400.0Gbps,12,3, ,0.0,0.0,0.0,0.0,0.0
BitRate blocking probability per pair and bitRate,2,400.0Gbps,9,10, ,0.0,0.0,0.0,0.0,0.0
BitRate blocking probability per pair and bitRate,2,400.0Gbps,4,18, ,0.0,0.0,0.0,0.0,0.0
BitRate blocking probability per pair and bitRate,2,400.0Gbps,4,19, ,0.0,0.0,0.0,0.0,0.0
BitRate blocking probability per pair and bitRate,2,400.0Gbps,17,15, ,0.0,0.0,0.0,0.0,0.0
BitRate blocking probability per pair and bitRate,2,400.0Gbps,2,22, ,0.0,0.0,0.0,0.0,0.0
BitRate blocking probability per pair and bitRate,2,400.0Gbps,11,17, ,0.0,0.0,0.0,0.0,0.0
BitRate blocking probability per pair and bitRate,2,400.0Gbps,18,13, ,0.0,0.0,0.0,0.0,0.0
BitRate blocking probability per pair and bitRate,2,400.0Gbps,24,10, ,0.0,0.0,0.0,0.0,0.0
BitRate blocking probability per pair and bitRate,2,400.0Gbps,11,13, ,0.0,0.0,0.0,0.0,0.0
BitRate blocking probability per pair and bitRate,2,400.0Gbps,12,22, ,0.0,0.0,0.0,0.0,0.0
BitRate blocking probability per pair and bitRate,2,400.0Gbps,20,23, ,0.0,0.0,0.0,0.0,0.0
BitRate blocking probability per pair and bitRate,2,400.0Gbps,4,7, ,0.0,0.0,0.0,0.0,0.0
BitRate blocking probability per pair and bitRate,2,400.0Gbps,9,12, ,0.0,0.0,0.0,0.0,0.0
BitRate blocking probability per pair and bitRate,2,400.0Gbps,4,13, ,0.0,0.0,0.0,0.0,0.0
BitRate blocking probability per pair and bitRate,2,400.0Gbps,20,13, ,0.0,0.0,0.0,0.0,0.0
BitRate blocking probability per pair and bitRate,2,400.0Gbps,10,3, ,0.0,0.0,0.0,0.0,0.0
BitRate blocking probability per pair and bitRate,2,400.0Gbps,21,3, ,0.0,0.0,0.0,0.0,0.0
BitRate blocking probability per pair and bitRate,2,400.0Gbps,7,9, ,0.0,0.0,0.0,0.0,0.0
BitRate blocking probability per pair and bitRate,2,400.0Gbps,12,19, ,0.0,0.0,0.0,0.0,0.0
BitRate blocking probability per pair and bitRate,2,400.0Gbps,19,16, ,0.0,0.0,0.0,0.0,0.0
BitRate blocking probability per pair and bitRate,2,400.0Gbps,20,11, ,0.0,0.0,0.0,0.0,0.0
BitRate blocking probability per pair and bitRate,2,400.0Gbps,22,9, ,0.0,0.0,0.0,0.0,0.0
BitRate blocking probability per pair and bitRate,2,400.0Gbps,7,11, ,0.0,0.0,0.0,0.0,0.0
BitRate blocking probability per pair and bitRate,2,400.0Gbps,6,1, ,0.0,0.0,0.0,0.0,0.0
BitRate blocking probability per pair and bitRate,2,400.0Gbps,6,14, ,0.0,0.0,0.0,0.0,0.0
BitRate blocking probability per pair and bitRate,2,400.0Gbps,21,1, ,0.0,0.0,0.0,0.0,0.0
BitRate blocking probability per pair and bitRate,2,400.0Gbps,4,23, ,0.0,0.0,0.0,0.0,0.0
BitRate blocking probability per pair and bitRate,2,400.0Gbps,1,5, ,0.0,0.0,0.0,0.0,0.0
BitRate blocking probability per pair and bitRate,2,400.0Gbps,3,22, ,0.0,0.0,0.0,0.0,0.0
BitRate blocking probability per pair and bitRate,2,400.0Gbps,5,23, ,0.0,0.0,0.0,0.0,0.0
BitRate blocking probability per pair and bitRate,2,400.0Gbps,14,9, ,0.0,0.0,0.0,0.0,0.0
BitRate blocking probability per pair and bitRate,2,400.0Gbps,23,6, ,0.0,0.0,0.0,0.0,0.0
BitRate blocking probability per pair and bitRate,2,400.0Gbps,6,19, ,0.0,0.0,0.0,0.0,0.0
BitRate blocking probability per pair and bitRate,2,400.0Gbps,14,13, ,0.0,0.0,0.0,0.0,0.0
BitRate blocking probability per pair and bitRate,2,400.0Gbps,14,11, ,0.0,0.0,0.0,0.0,0.0
BitRate blocking probability per pair and bitRate,2,400.0Gbps,12,21, ,0.0,0.0,0.0,0.0,0.0
BitRate blocking probability per pair and bitRate,2,400.0Gbps,2,8, ,0.0,0.0,0.0,0.0,0.0
BitRate blocking probability per pair and bitRate,2,400.0Gbps,16,13, ,0.0,0.0,0.0,0.0,0.0
BitRate blocking probability per pair and bitRate,2,400.0Gbps,20,18, ,0.0,0.0,0.0,0.0,0.0
BitRate blocking probability per pair and bitRate,2,400.0Gbps,6,9, ,0.0,0.0,0.0,0.0,0.0
BitRate blocking probability per pair and bitRate,2,400.0Gbps,6,23, ,0.0,0.0,0.0,0.0,0.0
BitRate blocking probability per pair and bitRate,2,400.0Gbps,10,4, ,0.0,0.0,0.0,0.0,0.0
BitRate blocking probability per pair and bitRate,2,400.0Gbps,17,23, ,0.0,0.0,0.0,0.0,0.0
BitRate blocking probability per pair and bitRate,2,400.0Gbps,17,18, ,0.0,0.0,0.0,0.0,0.0
BitRate blocking probability per pair and bitRate,2,400.0Gbps,14,12, ,0.0,0.0,0.0,0.0,0.0
BitRate blocking probability per pair and bitRate,2,400.0Gbps,14,17, ,0.0,0.0,0.0,0.0,0.0
BitRate blocking probability per pair and bitRate,2,400.0Gbps,19,7, ,0.0,0.0,0.0,0.0,0.0
BitRate blocking probability per pair and bitRate,2,400.0Gbps,7,24, ,0.0,0.0,0.0,0.0,0.0
BitRate blocking probability per pair and bitRate,2,400.0Gbps,11,18, ,0.0,0.0,0.0,0.0,0.0
BitRate blocking probability per pair and bitRate,2,400.0Gbps,11,10, ,0.0,0.0,0.0,0.0,0.0
BitRate blocking probability per pair and bitRate,2,400.0Gbps,14,22, ,0.0,0.0,0.0,0.0,0.0
BitRate blocking probability per pair and bitRate,2,400.0Gbps,4,9, ,0.0,0.0,0.0,0.0,0.0
BitRate blocking probability per pair and bitRate,2,400.0Gbps,22,21, ,0.0,0.0,0.0,0.0,0.0
BitRate blocking probability per pair and bitRate,2,400.0Gbps,22,24, ,0.0,0.0,0.0,0.0,0.0
BitRate blocking probability per pair and bitRate,2,400.0Gbps,8,15, ,0.0,0.0,0.0,0.0,0.0
BitRate blocking probability per pair and bitRate,2,400.0Gbps,12,5, ,0.0,0.0,0.0,0.0,0.0
BitRate blocking probability per pair and bitRate,2,400.0Gbps,7,23, ,0.0,0.0,0.0,0.0,0.0
BitRate blocking probability per pair and bitRate,2,400.0Gbps,24,14, ,0.0,0.0,0.0,0.0,0.0
BitRate blocking probability per pair and bitRate,2,400.0Gbps,1,2, ,0.0,0.0,0.0,0.0,0.0
BitRate blocking probability per pair and bitRate,2,400.0Gbps,15,22, ,0.0,0.0,0.0,0.0,0.0
BitRate blocking probability per pair and bitRate,2,400.0Gbps,19,14, ,0.0,0.0,0.0,0.0,0.0
BitRate blocking probability per pair and bitRate,2,400.0Gbps,21,23, ,0.0,0.0,0.0,0.0,0.0
BitRate blocking probability per pair and bitRate,2,400.0Gbps,8,1, ,0.0,0.0,0.0,0.0,0.0
BitRate blocking probability per pair and bitRate,2,400.0Gbps,18,10, ,0.0,0.0,0.0,0.0,0.0
BitRate blocking probability per pair and bitRate,2,400.0Gbps,17,3, ,0.0,0.0,0.0,0.0,0.0
BitRate blocking probability per pair and bitRate,2,400.0Gbps,5,9, ,0.0,0.0,0.0,0.0,0.0
BitRate blocking probability per pair and bitRate,2,400.0Gbps,19,8, ,0.0,0.0,0.0,0.0,0.0
BitRate blocking probability per pair and bitRate,2,400.0Gbps,4,21, ,0.0,0.0,0.0,0.0,0.0
BitRate blocking probability per pair and bitRate,2,400.0Gbps,8,16, ,0.0,0.0,0.0,0.0,0.0
BitRate blocking probability per pair and bitRate,2,400.0Gbps,5,12, ,0.0,0.0,0.0,0.0,0.0
BitRate blocking probability per pair and bitRate,2,400.0Gbps,6,16, ,0.0,0.0,0.0,0.0,0.0
BitRate blocking probability per pair and bitRate,2,400.0Gbps,20,10, ,0.0,0.0,0.0,0.0,0.0
BitRate blocking probability per pair and bitRate,2,400.0Gbps,2,15, ,0.0,0.0,0.0,0.0,0.0
BitRate blocking probability per pair and bitRate,2,400.0Gbps,20,6, ,0.0,0.0,0.0,0.0,0.0
BitRate blocking probability per pair and bitRate,2,400.0Gbps,21,13, ,0.0,0.0,0.0,0.0,0.0
BitRate blocking probability per pair and bitRate,2,400.0Gbps,6,21, ,0.0,0.0,0.0,0.0,0.0
BitRate blocking probability per pair and bitRate,2,400.0Gbps,18,16, ,0.0,0.0,0.0,0.0,0.0
BitRate blocking probability per pair and bitRate,2,400.0Gbps,5,21, ,0.0,0.0,0.0,0.0,0.0
BitRate blocking probability per pair and bitRate,2,400.0Gbps,15,11, ,0.0,0.0,0.0,0.0,0.0
BitRate blocking probability per pair and bitRate,2,400.0Gbps,8,12, ,0.0,0.0,0.0,0.0,0.0
BitRate blocking probability per pair and bitRate,2,400.0Gbps,19,1, ,0.0,0.0,0.0,0.0,0.0
BitRate blocking probability per pair and bitRate,2,400.0Gbps,21,14, ,0.0,0.0,0.0,0.0,0.0
BitRate blocking probability per pair and bitRate,2,400.0Gbps,2,13, ,0.0,0.0,0.0,0.0,0.0
BitRate blocking probability per pair and bitRate,2,400.0Gbps,17,6, ,0.0,0.0,0.0,0.0,0.0
BitRate blocking probability per pair and bitRate,2,400.0Gbps,24,1, ,0.0,0.0,0.0,0.0,0.0
BitRate blocking probability per pair and bitRate,2,400.0Gbps,8,3, ,0.0,0.0,0.0,0.0,0.0
BitRate blocking probability per pair and bitRate,2,400.0Gbps,1,22, ,0.0,0.0,0.0,0.0,0.0
BitRate blocking probability per pair and bitRate,2,400.0Gbps,23,3, ,0.0,0.0,0.0,0.0,0.0
BitRate blocking probability per pair and bitRate,2,400.0Gbps,2,1, ,0.0,0.0,0.0,0.0,0.0
BitRate blocking probability per pair and bitRate,2,400.0Gbps,15,23, ,0.0,0.0,0.0,0.0,0.0
BitRate blocking probability per pair and bitRate,2,400.0Gbps,19,15, ,0.0,0.0,0.0,0.0,0.0
BitRate blocking probability per pair and bitRate,2,400.0Gbps,2,23, ,0.0,0.0,0.0,0.0,0.0
BitRate blocking probability per pair and bitRate,2,400.0Gbps,13,17, ,0.0,0.0,0.0,0.0,0.0
BitRate blocking probability per pair and bitRate,2,400.0Gbps,1,10, ,0.0,0.0,0.0,0.0,0.0
BitRate blocking probability per pair and bitRate,2,400.0Gbps,5,22, ,0.0,0.0,0.0,0.0,0.0
BitRate blocking probability per pair and bitRate,2,400.0Gbps,18,24, ,0.0,0.0,0.0,0.0,0.0
BitRate blocking probability per pair and bitRate,2,400.0Gbps,19,23, ,0.0,0.0,0.0,0.0,0.0
BitRate blocking probability per pair and bitRate,2,400.0Gbps,20,8, ,0.0,0.0,0.0,0.0,0.0
BitRate blocking probability per pair and bitRate,2,400.0Gbps,10,6, ,0.0,0.0,0.0,0.0,0.0
BitRate blocking probability per pair and bitRate,2,400.0Gbps,2,6, ,0.0,0.0,0.0,0.0,0.0
BitRate blocking probability per pair and bitRate,2,400.0Gbps,16,14, ,0.0,0.0,0.0,0.0,0.0
BitRate blocking probability per pair and bitRate,2,400.0Gbps,24,19, ,0.0,0.0,0.0,0.0,0.0
BitRate blocking probability per pair and bitRate,2,400.0Gbps,23,19, ,0.0,0.0,0.0,0.0,0.0
BitRate blocking probability per pair and bitRate,2,400.0Gbps,12,2, ,0.0,0.0,0.0,0.0,0.0
BitRate blocking probability per pair and bitRate,2,400.0Gbps,23,1, ,0.0,0.0,0.0,0.0,0.0
BitRate blocking probability per pair and bitRate,2,400.0Gbps,15,7, ,0.0,0.0,0.0,0.0,0.0
BitRate blocking probability per pair and bitRate,2,400.0Gbps,22,12, ,0.0,0.0,0.0,0.0,0.0
BitRate blocking probability per pair and bitRate,2,400.0Gbps,3,6, ,0.0,0.0,0.0,0.0,0.0
BitRate blocking probability per pair and bitRate,2,400.0Gbps,4,2, ,0.0,0.0,0.0,0.0,0.0
BitRate blocking probability per pair and bitRate,2,400.0Gbps,13,1, ,0.0,0.0,0.0,0.0,0.0
BitRate blocking probability per pair and bitRate,2,400.0Gbps,6,5, ,0.0,0.0,0.0,0.0,0.0
BitRate blocking probability per pair and bitRate,2,400.0Gbps,16,22, ,0.0,0.0,0.0,0.0,0.0
BitRate blocking probability per pair and bitRate,2,400.0Gbps,7,5, ,0.0,0.0,0.0,0.0,0.0
BitRate blocking probability per pair and bitRate,2,400.0Gbps,6,24, ,0.0,0.0,0.0,0.0,0.0
BitRate blocking probability per pair and bitRate,2,400.0Gbps,18,17, ,0.0,0.0,0.0,0.0,0.0
BitRate blocking probability per pair and bitRate,2,400.0Gbps,22,3, ,0.0,0.0,0.0,0.0,0.0
BitRate blocking probability per pair and bitRate,2,400.0Gbps,13,4, ,0.0,0.0,0.0,0.0,0.0
BitRate blocking probability per pair and bitRate,2,400.0Gbps,16,5, ,0.0,0.0,0.0,0.0,0.0
BitRate blocking probability per pair and bitRate,2,400.0Gbps,18,11, ,0.0,0.0,0.0,0.0,0.0
BitRate blocking probability per pair and bitRate,2,400.0Gbps,6,11, ,0.0,0.0,0.0,0.0,0.0
BitRate blocking probability per pair and bitRate,2,400.0Gbps,17,13, ,0.0,0.0,0.0,0.0,0.0
BitRate blocking probability per pair and bitRate,2,400.0Gbps,7,3, ,0.0,0.0,0.0,0.0,0.0
BitRate blocking probability per pair and bitRate,2,400.0Gbps,22,23, ,0.0,0.0,0.0,0.0,0.0
BitRate blocking probability per pair and bitRate,2,400.0Gbps,10,13, ,0.0,0.0,0.0,0.0,0.0
BitRate blocking probability per pair and bitRate,2,400.0Gbps,14,7, ,0.0,0.0,0.0,0.0,0.0
BitRate blocking probability per pair and bitRate,2,400.0Gbps,20,16, ,0.0,0.0,0.0,0.0,0.0
BitRate blocking probability per pair and bitRate,2,400.0Gbps,14,8, ,0.0,0.0,0.0,0.0,0.0
BitRate blocking probability per pair and bitRate,2,400.0Gbps,7,4, ,0.0,0.0,0.0,0.0,0.0
BitRate blocking probability per pair and bitRate,2,400.0Gbps,8,14, ,0.0,0.0,0.0,0.0,0.0
BitRate blocking probability per pair and bitRate,2,400.0Gbps,3,12, ,0.0,0.0,0.0,0.0,0.0
BitRate blocking probability per pair and bitRate,2,400.0Gbps,7,2, ,0.0,0.0,0.0,0.0,0.0
BitRate blocking probability per pair and bitRate,2,400.0Gbps,10,11, ,0.0,0.0,0.0,0.0,0.0
BitRate blocking probability per pair and bitRate,2,400.0Gbps,11,14, ,0.0,0.0,0.0,0.0,0.0
BitRate blocking probability per pair and bitRate,2,400.0Gbps,20,24, ,0.0,0.0,0.0,0.0,0.0
BitRate blocking probability per pair and bitRate,2,400.0Gbps,20,4, ,0.0,0.0,0.0,0.0,0.0
BitRate blocking probability per pair and bitRate,2,400.0Gbps,23,2, ,0.0,0.0,0.0,0.0,0.0
BitRate blocking probability per pair and bitRate,2,400.0Gbps,22,2, ,0.0,0.0,0.0,0.0,0.0
BitRate blocking probability per pair and bitRate,2,400.0Gbps,22,19, ,0.0,0.0,0.0,0.0,0.0
BitRate blocking probability per pair and bitRate,2,400.0Gbps,24,23, ,0.0,0.0,0.0,0.0,0.0
BitRate blocking probability per pair and bitRate,2,400.0Gbps,6,17, ,0.0,0.0,0.0,0.0,0.0
BitRate blocking probability per pair and bitRate,2,400.0Gbps,4,15, ,0.0,0.0,0.0,0.0,0.0
BitRate blocking probability per pair and bitRate,2,400.0Gbps,20,7, ,0.0,0.0,0.0,0.0,0.0
BitRate blocking probability per pair and bitRate,2,400.0Gbps,10,8, ,0.0,0.0,0.0,0.0,0.0
BitRate blocking probability per pair and bitRate,2,400.0Gbps,10,24, ,0.0,0.0,0.0,0.0,0.0
BitRate blocking probability per pair and bitRate,2,400.0Gbps,12,16, ,0.0,0.0,0.0,0.0,0.0
BitRate blocking probability per pair and bitRate,2,400.0Gbps,8,13, ,0.0,0.0,0.0,0.0,0.0
BitRate blocking probability per pair and bitRate,2,400.0Gbps,11,4, ,0.0,0.0,0.0,0.0,0.0
BitRate blocking probability per pair and bitRate,2,400.0Gbps,22,17, ,0.0,0.0,0.0,0.0,0.0
BitRate blocking probability per pair and bitRate,2,400.0Gbps,4,1, ,0.0,0.0,0.0,0.0,0.0
BitRate blocking probability per pair and bitRate,2,400.0Gbps,14,6, ,0.0,0.0,0.0,0.0,0.0
BitRate blocking probability per pair and bitRate,2,400.0Gbps,14,10, ,0.0,0.0,0.0,0.0,0.0
BitRate blocking probability per pair and bitRate,2,400.0Gbps,24,6, ,0.0,0.0,0.0,0.0,0.0
BitRate blocking probability per pair and bitRate,2,400.0Gbps,15,2, ,0.0,0.0,0.0,0.0,0.0
BitRate blocking probability per pair and bitRate,2,400.0Gbps,22,10, ,0.0,0.0,0.0,0.0,0.0
BitRate blocking probability per pair and bitRate,2,400.0Gbps,4,17, ,0.0,0.0,0.0,0.0,0.0
BitRate blocking probability per pair and bitRate,2,400.0Gbps,17,2, ,0.0,0.0,0.0,0.0,0.0
BitRate blocking probability per pair and bitRate,2,400.0Gbps,18,20, ,0.0,0.0,0.0,0.0,0.0
BitRate blocking probability per pair and bitRate,2,400.0Gbps,17,21, ,0.0,0.0,0.0,0.0,0.0
BitRate blocking probability per pair and bitRate,2,400.0Gbps,18,6, ,0.0,0.0,0.0,0.0,0.0
BitRate blocking probability per pair and bitRate,2,400.0Gbps,10,15, ,0.0,0.0,0.0,0.0,0.0
BitRate blocking probability per pair and bitRate,2,400.0Gbps,4,11, ,0.0,0.0,0.0,0.0,0.0
BitRate blocking probability per pair and bitRate,2,400.0Gbps,2,21, ,0.0,0.0,0.0,0.0,0.0
BitRate blocking probability per pair and bitRate,2,400.0Gbps,19,9, ,0.0,0.0,0.0,0.0,0.0
BitRate blocking probability per pair and bitRate,2,400.0Gbps,5,8, ,0.0,0.0,0.0,0.0,0.0
BitRate blocking probability per pair and bitRate,2,400.0Gbps,5,3, ,0.0,0.0,0.0,0.0,0.0
BitRate blocking probability per pair and bitRate,2,400.0Gbps,11,6, ,0.0,0.0,0.0,0.0,0.0
BitRate blocking probability per pair and bitRate,2,400.0Gbps,8,2, ,0.0,0.0,0.0,0.0,0.0
BitRate blocking probability per pair and bitRate,2,400.0Gbps,9,24, ,0.0,0.0,0.0,0.0,0.0
BitRate blocking probability per pair and bitRate,2,400.0Gbps,16,23, ,0.0,0.0,0.0,0.0,0.0
BitRate blocking probability per pair and bitRate,2,400.0Gbps,2,16, ,0.0,0.0,0.0,0.0,0.0
BitRate blocking probability per pair and bitRate,2,400.0Gbps,16,17, ,0.0,0.0,0.0,0.0,0.0
BitRate blocking probability per pair and bitRate,2,400.0Gbps,23,18, ,0.0,0.0,0.0,0.0,0.0
BitRate blocking probability per pair and bitRate,2,400.0Gbps,7,1, ,0.0,0.0,0.0,0.0,0.0
BitRate blocking probability per pair and bitRate,2,400.0Gbps,11,24, ,0.0,0.0,0.0,0.0,0.0
BitRate blocking probability per pair and bitRate,2,400.0Gbps,2,10, ,0.0,0.0,0.0,0.0,0.0
BitRate blocking probability per pair and bitRate,2,400.0Gbps,4,6, ,0.0,0.0,0.0,0.0,0.0
BitRate blocking probability per pair and bitRate,2,400.0Gbps,15,13, ,0.0,0.0,0.0,0.0,0.0
BitRate blocking probability per pair and bitRate,2,400.0Gbps,21,12, ,0.0,0.0,0.0,0.0,0.0
BitRate blocking probability per pair and bitRate,2,400.0Gbps,5,6, ,0.0,0.0,0.0,0.0,0.0
BitRate blocking probability per pair and bitRate,2,400.0Gbps,10,18, ,0.0,0.0,0.0,0.0,0.0
BitRate blocking probability per pair and bitRate,2,400.0Gbps,14,23, ,0.0,0.0,0.0,0.0,0.0
BitRate blocking probability per pair and bitRate,2,400.0Gbps,21,8, ,0.0,0.0,0.0,0.0,0.0
BitRate blocking probability per pair and bitRate,2,400.0Gbps,11,3, ,0.0,0.0,0.0,0.0,0.0
BitRate blocking probability per pair and bitRate,2,400.0Gbps,13,16, ,0.0,0.0,0.0,0.0,0.0
BitRate blocking probability per pair and bitRate,2,400.0Gbps,22,16, ,0.0,0.0,0.0,0.0,0.0
BitRate blocking probability per pair and bitRate,2,400.0Gbps,21,5, ,0.0,0.0,0.0,0.0,0.0
BitRate blocking probability per pair and bitRate,2,400.0Gbps,23,24, ,0.0,0.0,0.0,0.0,0.0
BitRate blocking probability per pair and bitRate,2,400.0Gbps,9,6, ,0.0,0.0,0.0,0.0,0.0
BitRate blocking probability per pair and bitRate,2,400.0Gbps,20,9, ,0.0,0.0,0.0,0.0,0.0
BitRate blocking probability per pair and bitRate,2,400.0Gbps,16,6, ,0.0,0.0,0.0,0.0,0.0
BitRate blocking probability per pair and bitRate,2,400.0Gbps,15,4, ,0.0,0.0,0.0,0.0,0.0
BitRate blocking probability per pair and bitRate,2,400.0Gbps,3,4, ,0.0,0.0,0.0,0.0,0.0
BitRate blocking probability per pair and bitRate,2,400.0Gbps,17,10, ,0.0,0.0,0.0,0.0,0.0
BitRate blocking probability per pair and bitRate,2,400.0Gbps,12,10, ,0.0,0.0,0.0,0.0,0.0
BitRate blocking probability per pair and bitRate,2,400.0Gbps,12,7, ,0.0,0.0,0.0,0.0,0.0
BitRate blocking probability per pair and bitRate,2,400.0Gbps,3,17, ,0.0,0.0,0.0,0.0,0.0
BitRate blocking probability per pair and bitRate,2,300.0Gbps,11,2, ,0.0,0.0,0.0,0.0,0.0
BitRate blocking probability per pair and bitRate,2,300.0Gbps,1,23, ,0.0,0.0,0.0,0.0,0.0
BitRate blocking probability per pair and bitRate,2,300.0Gbps,2,9, ,0.0,0.0,0.0,0.0,0.0
BitRate blocking probability per pair and bitRate,2,300.0Gbps,1,20, ,0.0,0.0,0.0,0.0,0.0
BitRate blocking probability per pair and bitRate,2,300.0Gbps,17,24, ,0.0,0.0,0.0,0.0,0.0
BitRate blocking probability per pair and bitRate,2,300.0Gbps,21,15, ,0.0,0.0,0.0,0.0,0.0
BitRate blocking probability per pair and bitRate,2,300.0Gbps,19,11, ,0.0,0.0,0.0,0.0,0.0
BitRate blocking probability per pair and bitRate,2,300.0Gbps,3,1, ,0.0,0.0,0.0,0.0,0.0
BitRate blocking probability per pair and bitRate,2,300.0Gbps,24,2, ,0.0,0.0,0.0,0.0,0.0
BitRate blocking probability per pair and bitRate,2,300.0Gbps,23,22, ,0.0,0.0,0.0,0.0,0.0
BitRate blocking probability per pair and bitRate,2,300.0Gbps,17,22, ,0.0,0.0,0.0,0.0,0.0
BitRate blocking probability per pair and bitRate,2,300.0Gbps,15,20, ,0.0,0.0,0.0,0.0,0.0
BitRate blocking probability per pair and bitRate,2,300.0Gbps,2,7, ,0.0,0.0,0.0,0.0,0.0
BitRate blocking probability per pair and bitRate,2,300.0Gbps,10,1, ,0.0,0.0,0.0,0.0,0.0
BitRate blocking probability per pair and bitRate,2,300.0Gbps,14,16, ,0.0,0.0,0.0,0.0,0.0
BitRate blocking probability per pair and bitRate,2,300.0Gbps,13,18, ,0.0,0.0,0.0,0.0,0.0
BitRate blocking probability per pair and bitRate,2,300.0Gbps,11,7, ,0.0,0.0,0.0,0.0,0.0
BitRate blocking probability per pair and bitRate,2,300.0Gbps,15,10, ,0.0,0.0,0.0,0.0,0.0
BitRate blocking probability per pair and bitRate,2,300.0Gbps,17,4, ,0.0,0.0,0.0,0.0,0.08604879646696748
BitRate blocking probability per pair and bitRate,2,300.0Gbps,15,19, ,0.0,0.0,0.0,0.0,0.0
BitRate blocking probability per pair and bitRate,2,300.0Gbps,9,22, ,0.0,0.0,0.0,0.0,0.0
BitRate blocking probability per pair and bitRate,2,300.0Gbps,9,19, ,0.0,0.0,0.0,0.0,0.0
BitRate blocking probability per pair and bitRate,2,300.0Gbps,24,7, ,0.0,0.0,0.0,0.0,0.0
BitRate blocking probability per pair and bitRate,2,300.0Gbps,1,18, ,0.0,0.0,0.0,0.0,0.0
BitRate blocking probability per pair and bitRate,2,300.0Gbps,19,4, ,0.0,0.0,0.0,0.0,0.0
BitRate blocking probability per pair and bitRate,2,300.0Gbps,5,1, ,0.0,0.0,0.0,0.0,0.0
BitRate blocking probability per pair and bitRate,2,300.0Gbps,5,20, ,0.0,0.0,0.0,0.0,0.0
BitRate blocking probability per pair and bitRate,2,300.0Gbps,21,24, ,0.0,0.0,0.0,0.0,0.0
BitRate blocking probability per pair and bitRate,2,300.0Gbps,9,1, ,0.0,0.0,0.0,0.0,0.0
BitRate blocking probability per pair and bitRate,2,300.0Gbps,9,21, ,0.0,0.0,0.0,0.0,0.0
BitRate blocking probability per pair and bitRate,2,300.0Gbps,14,15, ,0.0,0.0,0.0,0.0,0.0
BitRate blocking probability per pair and bitRate,2,300.0Gbps,8,4, ,0.0,0.0,0.0,0.0,0.0
BitRate blocking probability per pair and bitRate,2,300.0Gbps,8,21, ,0.0,0.0,0.0,0.0,0.0
BitRate blocking probability per pair and bitRate,2,300.0Gbps,6,3, ,0.0,0.0,0.0,0.0,0.0
BitRate blocking probability per pair and bitRate,2,300.0Gbps,9,2, ,0.0,0.0,0.0,0.0,0.0
BitRate blocking probability per pair and bitRate,2,300.0Gbps,16,2, ,0.0,0.0,0.0,0.0,0.0
BitRate blocking probability per pair and bitRate,2,300.0Gbps,9,4, ,0.0,0.0,0.0,0.0,0.0
BitRate blocking probability per pair and bitRate,2,300.0Gbps,23,21, ,0.0,0.0,0.0,0.0,0.0
BitRate blocking probability per pair and bitRate,2,300.0Gbps,19,24, ,0.0,0.0,0.0,0.0,0.0
BitRate blocking probability per pair and bitRate,2,300.0Gbps,22,15, ,0.0,0.0,0.0,0.0,0.0
BitRate blocking probability per pair and bitRate,2,300.0Gbps,23,17, ,0.0,0.0,0.0,0.0,0.0
BitRate blocking probability per pair and bitRate,2,300.0Gbps,8,11, ,0.0,0.0,0.0,0.0,0.0
BitRate blocking probability per pair and bitRate,2,300.0Gbps,24,17, ,0.0,0.0,0.0,0.0,0.0
BitRate blocking probability per pair and bitRate,2,300.0Gbps,22,18, ,0.0,0.0,0.0,0.0,0.0
BitRate blocking probability per pair and bitRate,2,300.0Gbps,5,11, ,0.0,0.0,0.0,0.0,0.0
BitRate blocking probability per pair and bitRate,2,300.0Gbps,4,8, ,0.0,0.0,0.0,0.0,0.0
BitRate blocking probability per pair and bitRate,2,300.0Gbps,23,9, ,0.0,0.0,0.0,0.0,0.0
BitRate blocking probability per pair and bitRate,2,300.0Gbps,6,12, ,0.0,0.0,0.0,0.0,0.0
BitRate blocking probability per pair and bitRate,2,300.0Gbps,4,5, ,0.0,0.0,0.0,0.0,0.0
BitRate blocking probability per pair and bitRate,2,300.0Gbps,16,9, ,0.0,0.0,0.0,0.0,0.0
BitRate blocking probability per pair and bitRate,2,300.0Gbps,16,11, ,0.0,0.0,0.0,0.0,0.0
BitRate blocking probability per pair and bitRate,2,300.0Gbps,24,20, ,0.0,0.0,0.0,0.0,0.0
BitRate blocking probability per pair and bitRate,2,300.0Gbps,12,14, ,0.0,0.0,0.0,0.0,0.0
BitRate blocking probability per pair and bitRate,2,300.0Gbps,20,5, ,0.0,0.0,0.0,0.0,0.0
BitRate blocking probability per pair and bitRate,2,300.0Gbps,11,12, ,0.0,0.0,0.0,0.0,0.0
BitRate blocking probability per pair and bitRate,2,300.0Gbps,7,14, ,0.0,0.0,0.0,0.0,0.0
BitRate blocking probability per pair and bitRate,2,300.0Gbps,10,23, ,0.0,0.0,0.0,0.0,0.0
BitRate blocking probability per pair and bitRate,2,300.0Gbps,22,20, ,0.0,0.0,0.0,0.0,0.0
BitRate blocking probability per pair and bitRate,2,300.0Gbps,17,11, ,0.0,0.0,0.0,0.0,0.0
BitRate blocking probability per pair and bitRate,2,300.0Gbps,3,10, ,0.0,0.0,0.0,0.0,0.0
BitRate blocking probability per pair and bitRate,2,300.0Gbps,17,14, ,0.0,0.0,0.0,0.0,0.0
BitRate blocking probability per pair and bitRate,2,300.0Gbps,10,7, ,0.0,0.0,0.0,0.0,0.0
BitRate blocking probability per pair and bitRate,2,300.0Gbps,3,2, ,0.0,0.0,0.0,0.0,0.0
BitRate blocking probability per pair and bitRate,2,300.0Gbps,3,5, ,0.0,0.0,0.0,0.0,0.0
BitRate blocking probability per pair and bitRate,2,300.0Gbps,22,1, ,0.0,0.0,0.0,0.0,0.0
BitRate blocking probability per pair and bitRate,2,300.0Gbps,1,14, ,0.0,0.0,0.0,0.0,0.0
BitRate blocking probability per pair and bitRate,2,300.0Gbps,24,8, ,0.0,0.0,0.0,0.0,0.0
BitRate blocking probability per pair and bitRate,2,300.0Gbps,11,21, ,0.0,0.0,0.0,0.0,0.0
BitRate blocking probability per pair and bitRate,2,300.0Gbps,20,14, ,0.0,0.0,0.0,0.0,0.0
BitRate blocking probability per pair and bitRate,2,300.0Gbps,8,6, ,0.0,0.0,0.0,0.0,0.0
BitRate blocking probability per pair and bitRate,2,300.0Gbps,21,11, ,0.0,0.0,0.0,0.0,0.0
BitRate blocking probability per pair and bitRate,2,300.0Gbps,11,8, ,0.0,0.0,0.0,0.0,0.0
BitRate blocking probability per pair and bitRate,2,300.0Gbps,21,19, ,0.0,0.0,0.0,0.0,0.0
BitRate blocking probability per pair and bitRate,2,300.0Gbps,17,1, ,0.0,0.0,0.0,0.0,0.0
BitRate blocking probability per pair and bitRate,2,300.0Gbps,11,22, ,0.0,0.0,0.0,0.0,0.0
BitRate blocking probability per pair and bitRate,2,300.0Gbps,24,21, ,0.0,0.0,0.0,0.0,0.0
BitRate blocking probability per pair and bitRate,2,300.0Gbps,19,22, ,0.0,0.0,0.0,0.0,0.0
BitRate blocking probability per pair and bitRate,2,300.0Gbps,7,12, ,0.0,0.0,0.0,0.0,0.0
BitRate blocking probability per pair and bitRate,2,300.0Gbps,7,22, ,0.0,0.0,0.0,0.0,0.0
BitRate blocking probability per pair and bitRate,2,300.0Gbps,23,5, ,0.0,0.0,0.0,0.0,0.0
BitRate blocking probability per pair and bitRate,2,300.0Gbps,21,17, ,0.0,0.0,0.0,0.0,0.0
BitRate blocking probability per pair and bitRate,2,300.0Gbps,1,11, ,0.0,0.0,0.0,0.0,0.0
BitRate blocking probability per pair and bitRate,2,300.0Gbps,18,12, ,0.0,0.0,0.0,0.0,0.0
BitRate blocking probability per pair and bitRate,2,300.0Gbps,23,10, ,0.0,0.0,0.0,0.0,0.0
BitRate blocking probability per pair and bitRate,2,300.0Gbps,18,7, ,0.0,0.0,0.0,0.0,0.0
BitRate blocking probability per pair and bitRate,2,300.0Gbps,24,22, ,0.0,0.0,0.0,0.0,0.0
BitRate blocking probability per pair and bitRate,2,300.0Gbps,21,2, ,0.0,0.0,0.0,0.0,0.0
BitRate blocking probability per pair and bitRate,2,300.0Gbps,16,4, ,0.0,0.0,0.0,0.0,0.0
BitRate blocking probability per pair and bitRate,2,300.0Gbps,10,9, ,0.0,0.0,0.0,0.0,0.0
BitRate blocking probability per pair and bitRate,2,300.0Gbps,22,5, ,0.0,0.0,0.0,0.0,0.0
BitRate blocking probability per pair and bitRate,2,300.0Gbps,9,17, ,0.0,0.0,0.0,0.0,0.0
BitRate blocking probability per pair and bitRate,2,300.0Gbps,8,20, ,0.0,0.0,0.0,0.0,0.0
BitRate blocking probability per pair and bitRate,2,300.0Gbps,1,24, ,0.0,0.0,0.0,0.0,0.0
BitRate blocking probability per pair and bitRate,2,300.0Gbps,2,14, ,0.0,0.0,0.0,0.0,0.0
BitRate blocking probability per pair and bitRate,2,300.0Gbps,5,18, ,0.0,0.0,0.0,0.0,0.0
BitRate blocking probability per pair and bitRate,2,300.0Gbps,8,9, ,0.0,0.0,0.0,0.0,0.0
BitRate blocking probability per pair and bitRate,2,300.0Gbps,9,13, ,0.0,0.0,0.0,0.0,0.0
BitRate blocking probability per pair and bitRate,2,300.0Gbps,24,13, ,0.0,0.0,0.0,0.0,0.0
BitRate blocking probability per pair and bitRate,2,300.0Gbps,2,17, ,0.0,0.0,0.0,0.0,0.0
BitRate blocking probability per pair and bitRate,2,300.0Gbps,20,1, ,0.0,0.0,0.0,0.0,0.0
BitRate blocking probability per pair and bitRate,2,300.0Gbps,19,2, ,0.0,0.0,0.0,0.0,0.0
BitRate blocking probability per pair and bitRate,2,300.0Gbps,4,3, ,0.0,0.0,0.0,0.0,0.0
BitRate blocking probability per pair and bitRate,2,300.0Gbps,22,4, ,0.0,0.0,0.0,0.0,0.0
BitRate blocking probability per pair and bitRate,2,300.0Gbps,5,4, ,0.0,0.0,0.0,0.0,0.0
BitRate blocking probability per pair and bitRate,2,300.0Gbps,16,19, ,0.0,0.0,0.0,0.0,0.0
BitRate blocking probability per pair and bitRate,2,300.0Gbps,12,6, ,0.0,0.0,0.0,0.0,0.0
BitRate blocking probability per pair and bitRate,2,300.0Gbps,17,8, ,0.0,0.0,0.0,0.0,0.0
BitRate blocking probability per pair and bitRate,2,300.0Gbps,12,9, ,0.0,0.0,0.0,0.0,0.0
BitRate blocking probability per pair and bitRate,2,300.0Gbps,11,20, ,0.0,0.0,0.0,0.0,0.0
BitRate blocking probability per pair and bitRate,2,300.0Gbps,15,12, ,0.0,0.0,0.0,0.0,0.0
BitRate blocking probability per pair and bitRate,2,300.0Gbps,9,16, ,0.0,0.0,0.0,0.0,0.0
BitRate blocking probability per pair and bitRate,2,300.0Gbps,7,15, ,0.0,0.0,0.0,0.0,0.0
BitRate blocking probability per pair and bitRate,2,300.0Gbps,6,13, ,0.0,0.0,0.0,0.0,0.0
BitRate blocking probability per pair and bitRate,2,300.0Gbps,19,18, ,0.0,0.0,0.0,0.0,0.0
BitRate blocking probability per pair and bitRate,2,300.0Gbps,3,9, ,0.0,0.0,0.0,0.0,0.0
BitRate blocking probability per pair and bitRate,2,300.0Gbps,21,18, ,0.0,0.0,0.0,0.0,0.0
BitRate blocking probability per pair and bitRate,2,300.0Gbps,1,17, ,0.0,0.0,0.0,0.0,0.0
BitRate blocking probability per pair and bitRate,2,300.0Gbps,8,24, ,0.0,0.0,0.0,0.0,0.0
BitRate blocking probability per pair and bitRate,2,300.0Gbps,7,16, ,0.0,0.0,0.0,0.0,0.0
BitRate blocking probability per pair and bitRate,2,300.0Gbps,15,21, ,0.0,0.0,0.0,0.0,0.0
BitRate blocking probability per pair and bitRate,2,300.0Gbps,18,22, ,0.0,0.0,0.0,0.0,0.0
BitRate blocking probability per pair and bitRate,2,300.0Gbps,14,2, ,0.0,0.0,0.0,0.0,0.0
BitRate blocking probability per pair and bitRate,2,300.0Gbps,2,12, ,0.0,0.0,0.0,0.0,0.0
BitRate blocking probability per pair and bitRate,2,300.0Gbps,12,8, ,0.0,0.0,0.0,0.0,0.0
BitRate blocking probability per pair and bitRate,2,300.0Gbps,1,13, ,0.0,0.0,0.0,0.0,0.0
BitRate blocking probability per pair and bitRate,2,300.0Gbps,8,18, ,0.0,0.0,0.0,0.0,0.0
BitRate blocking probability per pair and bitRate,2,300.0Gbps,15,6, ,0.0,0.0,0.0,0.0,0.0
BitRate blocking probability per pair and bitRate,2,300.0Gbps,6,20, ,0.0,0.0,0.0,0.0,0.0
BitRate blocking probability per pair and bitRate,2,300.0Gbps,7,21, ,0.0,0.0,0.0,0.0,0.0
BitRate blocking probability per pair and bitRate,2,300.0Gbps,9,3, ,0.0,0.0,0.0,0.0,0.0
BitRate blocking probability per pair and bitRate,2,300.0Gbps,12,13, ,0.0,0.0,0.0,0.0,0.0
BitRate blocking probability per pair and bitRate,2,300.0Gbps,8,22, ,0.0,0.0,0.0,0.0,0.0
BitRate blocking probability per pair and bitRate,2,300.0Gbps,2,3, ,0.0,0.0,0.0,0.0,0.0
BitRate blocking probability per pair and bitRate,2,300.0Gbps,14,18, ,0.0,0.0,0.0,0.0,0.0
BitRate blocking probability per pair and bitRate,2,300.0Gbps,23,20, ,0.0,0.0,0.0,0.0,0.0
BitRate blocking probability per pair and bitRate,2,300.0Gbps,4,20, ,0.0,0.0,0.0,0.0,0.0
BitRate blocking probability per pair and bitRate,2,300.0Gbps,4,24, ,0.0,0.0,0.0,0.0,0.0
BitRate blocking probability per pair and bitRate,2,300.0Gbps,16,15, ,0.0,0.0,0.0,0.0,0.0
BitRate blocking probability per pair and bitRate,2,300.0Gbps,24,16, ,0.0,0.0,0.0,0.0,0.0
BitRate blocking probability per pair and bitRate,2,300.0Gbps,19,12, ,0.0,0.0,0.0,0.0,0.0
BitRate blocking probability per pair and bitRate,2,300.0Gbps,6,15, ,0.0,0.0,0.0,0.0,0.0
BitRate blocking probability per pair and bitRate,2,300.0Gbps,8,7, ,0.0,0.0,0.0,0.0,0.0
BitRate blocking probability per pair and bitRate,2,300.0Gbps,2,20, ,0.0,0.0,0.0,0.0,0.0
BitRate blocking probability per pair and bitRate,2,300.0Gbps,11,9, ,0.0,0.0,0.0,0.0,0.0
BitRate blocking probability per pair and bitRate,2,300.0Gbps,4,12, ,0.0,0.0,0.0,0.0,0.0
BitRate blocking probability per pair and bitRate,2,300.0Gbps,13,23, ,0.0,0.0,0.0,0.0,0.0
BitRate blocking probability per pair and bitRate,2,300.0Gbps,11,16, ,0.0,0.0,0.0,0.0,0.0
BitRate blocking probability per pair and bitRate,2,300.0Gbps,3,11, ,0.0,0.0,0.0,0.0,0.0
BitRate blocking probability per pair and bitRate,2,300.0Gbps,2,5, ,0.0,0.0,0.0,0.0,0.0
BitRate blocking probability per pair and bitRate,2,300.0Gbps,3,24, ,0.0,0.0,0.0,0.0,0.0
BitRate blocking probability per pair and bitRate,2,300.0Gbps,18,1, ,0.0,0.0,0.0,0.0,0.0
BitRate blocking probability per pair and bitRate,2,300.0Gbps,10,2, ,0.0,0.0,0.0,0.0,0.0
BitRate blocking probability per pair and bitRate,2,300.0Gbps,15,16, ,0.0,0.0,0.0,0.0,0.0
BitRate blocking probability per pair and bitRate,2,300.0Gbps,20,17, ,0.0,0.0,0.0,0.0,0.0
BitRate blocking probability per pair and bitRate,2,300.0Gbps,5,13, ,0.0,0.0,0.0,0.0,0.0
BitRate blocking probability per pair and bitRate,2,300.0Gbps,24,15, ,0.0,0.0,0.0,0.0,0.0
BitRate blocking probability per pair and bitRate,2,300.0Gbps,12,17, ,0.0,0.0,0.0,0.0,0.0
BitRate blocking probability per pair and bitRate,2,300.0Gbps,20,2, ,0.0,0.0,0.0,0.0,0.0
BitRate blocking probability per pair and bitRate,2,300.0Gbps,5,19, ,0.0,0.0,0.0,0.0,0.0
BitRate blocking probability per pair and bitRate,2,300.0Gbps,6,8, ,0.0,0.0,0.0,0.0,0.0
BitRate blocking probability per pair and bitRate,2,300.0Gbps,4,10, ,0.0,0.0,0.0,0.0,0.0
BitRate blocking probability per pair and bitRate,2,300.0Gbps,1,4, ,0.0,0.0,0.0,0.0,0.0
BitRate blocking probability per pair and bitRate,2,300.0Gbps,12,23, ,0.0,0.0,0.0,0.0,0.0
BitRate blocking probability per pair and bitRate,2,300.0Gbps,23,4, ,0.0,0.0,0.0,0.0,0.0
BitRate blocking probability per pair and bitRate,2,300.0Gbps,12,20, ,0.0,0.0,0.0,0.0,0.0
BitRate blocking probability per pair and bitRate,2,300.0Gbps,11,19, ,0.0,0.0,0.0,0.0,0.0
BitRate blocking probability per pair and bitRate,2,300.0Gbps,2,11, ,0.0,0.0,0.0,0.0,0.0
BitRate blocking probability per pair and bitRate,2,300.0Gbps,8,23, ,0.0,0.0,0.0,0.0,0.0
BitRate blocking probability per pair and bitRate,2,300.0Gbps,10,14, ,0.0,0.0,0.0,0.0,0.0
BitRate blocking probability per pair and bitRate,2,300.0Gbps,21,22, ,0.0,0.0,0.0,0.0,0.0
BitRate blocking probability per pair and bitRate,2,300.0Gbps,9,11, ,0.0,0.0,0.0,0.0,0.0
BitRate blocking probability per pair and bitRate,2,300.0Gbps,23,7, ,0.0,0.0,0.0,0.0,0.0
BitRate blocking probability per pair and bitRate,2,300.0Gbps,24,18, ,0.0,0.0,0.0,0.0,0.0
BitRate blocking probability per pair and bitRate,2,300.0Gbps,14,24, ,0.0,0.0,0.0,0.0,0.0
BitRate blocking probability per pair and bitRate,2,300.0Gbps,6,4, ,0.0,0.0,0.0,0.0,0.0
BitRate blocking probability per pair and bitRate,2,300.0Gbps,21,9, ,0.0,0.0,0.0,0.0,0.0
BitRate blocking probability per pair and bitRate,2,300.0Gbps,15,1, ,0.0,0.0,0.0,0.0,0.0
BitRate blocking probability per pair and bitRate,2,300.0Gbps,13,8, ,0.0,0.0,0.0,0.0,0.0
BitRate blocking probability per pair and bitRate,2,300.0Gbps,13,12, ,0.0,0.0,0.0,0.0,0.0
BitRate blocking probability per pair and bitRate,2,300.0Gbps,12,11, ,0.0,0.0,0.0,0.0,0.0
BitRate blocking probability per pair and bitRate,2,300.0Gbps,23,16, ,0.0,0.0,0.0,0.0,0.0
BitRate blocking probability per pair and bitRate,2,300.0Gbps,16,10, ,0.0,0.0,0.0,0.0,0.0
BitRate blocking probability per pair and bitRate,2,300.0Gbps,14,4, ,0.0,0.0,0.0,0.0,0.0
BitRate blocking probability per pair and bitRate,2,300.0Gbps,10,21, ,0.0,0.0,0.0,0.0,0.0
BitRate blocking probability per pair and bitRate,2,300.0Gbps,1,16, ,0.0,0.0,0.0,0.0,0.0
BitRate blocking probability per pair and bitRate,2,300.0Gbps,5,14, ,0.0,0.0,0.0,0.0,0.0
BitRate blocking probability per pair and bitRate,2,300.0Gbps,14,3, ,0.0,0.0,0.0,0.0,0.0
BitRate blocking probability per pair and bitRate,2,300.0Gbps,9,5, ,0.0,0.0,0.0,0.0,0.0
BitRate blocking probability per pair and bitRate,2,300.0Gbps,11,23, ,0.0,0.0,0.0,0.0,0.0
BitRate blocking probability per pair and bitRate,2,300.0Gbps,23,12, ,0.0,0.0,0.0,0.0,0.0
BitRate blocking probability per pair and bitRate,2,300.0Gbps,18,4, ,0.0,0.0,0.0,0.0,0.0
BitRate blocking probability per pair and bitRate,2,300.0Gbps,19,10, ,0.0,0.0,0.0,0.0,0.0
BitRate blocking probability per pair and bitRate,2,300.0Gbps,14,19, ,0.0,0.0,0.0,0.0,0.0
BitRate blocking probability per pair and bitRate,2,300.0Gbps,3,18, ,0.0,0.0,0.0,0.0,0.0
BitRate blocking probability per pair and bitRate,2,300.0Gbps,1,21, ,0.0,0.0,0.0,0.0,0.0
BitRate blocking probability per pair and bitRate,2,300.0Gbps,10,16, ,0.0,0.0,0.0,0.0,0.0
BitRate blocking probability per pair and bitRate,2,300.0Gbps,24,9, ,0.0,0.0,0.0,0.0,0.0
BitRate blocking probability per pair and bitRate,2,300.0Gbps,3,21, ,0.0,0.0,0.0,0.0,0.0
BitRate blocking probability per pair and bitRate,2,300.0Gbps,12,24, ,0.0,0.0,0.0,0.0,0.0
BitRate blocking probability per pair and bitRate,2,300.0Gbps,15,9, ,0.0,0.0,0.0,0.0,0.0
BitRate blocking probability per pair and bitRate,2,300.0Gbps,18,14, ,0.0,0.0,0.0,0.0,0.0
BitRate blocking probability per pair and bitRate,2,300.0Gbps,16,3, ,0.0,0.0,0.0,0.0,0.0
BitRate blocking probability per pair and bitRate,2,300.0Gbps,15,5, ,0.0,0.0,0.0,0.0,0.0
BitRate blocking probability per pair and bitRate,2,300.0Gbps,16,21, ,0.0,0.0,0.0,0.0,0.0
BitRate blocking probability per pair and bitRate,2,300.0Gbps,8,17, ,0.0,0.0,0.0,0.0,0.0
BitRate blocking probability per pair and bitRate,2,300.0Gbps,5,16, ,0.0,0.0,0.0,0.0,0.0
BitRate blocking probability per pair and bitRate,2,300.0Gbps,21,4, ,0.0,0.0,0.0,0.0,0.0
BitRate blocking probability per pair and bitRate,2,300.0Gbps,17,19, ,0.0,0.0,0.0,0.0,0.0
BitRate blocking probability per pair and bitRate,2,300.0Gbps,16,12, ,0.0,0.0,0.0,0.0,0.0
BitRate blocking probability per pair and bitRate,2,300.0Gbps,7,19, ,0.0,0.0,0.0,0.0,0.0
BitRate blocking probability per pair and bitRate,2,300.0Gbps,8,19, ,0.0,0.0,0.0,0.0,0.0
BitRate blocking probability per pair and bitRate,2,300.0Gbps,9,20, ,0.0,0.0,0.0,0.0,0.0
BitRate blocking probability per pair and bitRate,2,300.0Gbps,13,10, ,0.0,0.0,0.0,0.0,0.0
BitRate blocking probability per pair and bitRate,2,300.0Gbps,17,16, ,0.0,0.0,0.0,0.0,0.0
BitRate blocking probability per pair and bitRate,2,300.0Gbps,5,7, ,0.0,0.0,0.0,0.0,0.0
BitRate blocking probability per pair and bitRate,2,300.0Gbps,5,10, ,0.0,0.0,0.0,0.0,0.0
BitRate blocking probability per pair and bitRate,2,300.0Gbps,22,14, ,0.0,0.0,0.0,0.0,0.0
BitRate blocking probability per pair and bitRate,2,300.0Gbps,2,24, ,0.0,0.0,0.0,0.0,0.0
BitRate blocking probability per pair and bitRate,2,300.0Gbps,11,15, ,0.0,0.0,0.0,0.0,0.0
BitRate blocking probability per pair and bitRate,2,300.0Gbps,19,13, ,0.0,0.0,0.0,0.0,0.0
BitRate blocking probability per pair and bitRate,2,300.0Gbps,9,14, ,0.0,0.0,0.0,0.0,0.0
BitRate blocking probability per pair and bitRate,2,300.0Gbps,13,20, ,0.0,0.0,0.0,0.0,0.0
BitRate blocking probability per pair and bitRate,2,300.0Gbps,20,15, ,0.0,0.0,0.0,0.0,0.0
BitRate blocking probability per pair and bitRate,2,300.0Gbps,1,9, ,0.0,0.0,0.0,0.0,0.0
BitRate blocking probability per pair and bitRate,2,300.0Gbps,4,16, ,0.0,0.0,0.0,0.0,0.0
BitRate blocking probability per pair and bitRate,2,300.0Gbps,21,20, ,0.0,0.0,0.0,0.0,0.0
BitRate blocking probability per pair and bitRate,2,300.0Gbps,6,18, ,0.0,0.0,0.0,0.0,0.0
BitRate blocking probability per pair and bitRate,2,300.0Gbps,3,20, ,0.0,0.0,0.0,0.0,0.0
BitRate blocking probability per pair and bitRate,2,300.0Gbps,21,10, ,0.0,0.0,0.0,0.0,0.0
BitRate blocking probability per pair and bitRate,2,300.0Gbps,2,19, ,0.0,0.0,0.0,0.0,0.0
BitRate blocking probability per pair and bitRate,2,300.0Gbps,7,17, ,0.0,0.0,0.0,0.0,0.0
BitRate blocking probability per pair and bitRate,2,300.0Gbps,14,5, ,0.0,0.0,0.0,0.0,0.0
BitRate blocking probability per pair and bitRate,2,300.0Gbps,7,13, ,0.0,0.0,0.0,0.0,0.0
BitRate blocking probability per pair and bitRate,2,300.0Gbps,5,15, ,0.0,0.0,0.0,0.0,0.0
BitRate blocking probability per pair and bitRate,2,300.0Gbps,18,8, ,0.0,0.0,0.0,0.0,0.0
BitRate blocking probability per pair and bitRate,2,300.0Gbps,19,17, ,0.0,0.0,0.0,0.0,0.0
BitRate blocking probability per pair and bitRate,2,300.0Gbps,19,21, ,0.0,0.0,0.0,0.0,0.0
BitRate blocking probability per pair and bitRate,2,300.0Gbps,19,3, ,0.0,0.0,0.0,0.0,0.0
BitRate blocking probability per pair and bitRate,2,300.0Gbps,13,19, ,0.0,0.0,0.0,0.0,0.0
BitRate blocking probability per pair and bitRate,2,300.0Gbps,12,18, ,0.0,0.0,0.0,0.0,0.0
BitRate blocking probability per pair and bitRate,2,300.0Gbps,13,3, ,0.0,0.0,0.0,0.0,0.0
BitRate blocking probability per pair and bitRate,2,300.0Gbps,7,18, ,0.0,0.0,0.0,0.0,0.0
BitRate blocking probability per pair and bitRate,2,300.0Gbps,17,12, ,0.0,0.0,0.0,0.0,0.0
BitRate blocking probability per pair and bitRate,2,300.0Gbps,13,9, ,0.0,0.0,0.0,0.0,0.0
BitRate blocking probability per pair and bitRate,2,300.0Gbps,6,22, ,0.0,0.0,0.0,0.0,0.0
BitRate blocking probability per pair and bitRate,2,300.0Gbps,1,15, ,0.0,0.0,0.0,0.0,0.0
BitRate blocking probability per pair and bitRate,2,300.0Gbps,3,19, ,0.0,0.0,0.0,0.0,0.0
BitRate blocking probability per pair and bitRate,2,300.0Gbps,12,4, ,0.0,0.0,0.0,0.0,0.0
BitRate blocking probability per pair and bitRate,2,300.0Gbps,16,24, ,0.0,0.0,0.0,0.0,0.0
BitRate blocking probability per pair and bitRate,2,300.0Gbps,6,10, ,0.0,0.0,0.0,0.0,0.0
BitRate blocking probability per pair and bitRate,2,300.0Gbps,2,18, ,0.0,0.0,0.0,0.0,0.0
BitRate blocking probability per pair and bitRate,2,300.0Gbps,18,21, ,0.0,0.0,0.0,0.0,0.0
BitRate blocking probability per pair and bitRate,2,300.0Gbps,18,3, ,0.0,0.0,0.0,0.0,0.0
BitRate blocking probability per pair and bitRate,2,300.0Gbps,15,18, ,0.0,0.0,0.0,0.0,0.0
BitRate blocking probability per pair and bitRate,2,300.0Gbps,4,14, ,0.0,0.0,0.0,0.0,0.0
BitRate blocking probability per pair and bitRate,2,300.0Gbps,7,20, ,0.0,0.0,0.0,0.0,0.0
BitRate blocking probability per pair and bitRate,2,300.0Gbps,13,15, ,0.0,0.0,0.0,0.0,0.0
BitRate blocking probability per pair and bitRate,2,300.0Gbps,13,21, ,0.0,0.0,0.0,0.0,0.0
BitRate blocking probability per pair and bitRate,2,300.0Gbps,15,14, ,0.0,0.0,0.0,0.0,0.0
BitRate blocking probability per pair and bitRate,2,300.0Gbps,3,15, ,0.0,0.0,0.0,0.0,0.0
BitRate blocking probability per pair and bitRate,2,300.0Gbps,18,5, ,0.0,0.0,0.0,0.0,0.0
BitRate blocking probability per pair and bitRate,2,300.0Gbps,12,1, ,0.0,0.0,0.0,0.0,0.0
BitRate blocking probability per pair and bitRate,2,300.0Gbps,6,7, ,0.0,0.0,0.0,0.0,0.0
BitRate blocking probability per pair and bitRate,2,300.0Gbps,24,3, ,0.0,0.0,0.0,0.0,0.0
BitRate blocking probability per pair and bitRate,2,300.0Gbps,19,5, ,0.0,0.0,0.0,0.0,0.0
BitRate blocking probability per pair and bitRate,2,300.0Gbps,20,19, ,0.0,0.0,0.0,0.0,0.0
BitRate blocking probability per pair and bitRate,2,300.0Gbps,5,17, ,0.0,0.0,0.0,0.0,0.0
BitRate blocking probability per pair and bitRate,2,300.0Gbps,20,12, ,0.0,0.0,0.0,0.0,0.0
BitRate blocking probability per pair and bitRate,2,300.0Gbps,4,22, ,0.0,0.0,0.0,0.0,0.0
BitRate blocking probability per pair and bitRate,2,300.0Gbps,7,8, ,0.0,0.0,0.0,0.0,0.0
BitRate blocking probability per pair and bitRate,2,300.0Gbps,14,1, ,0.0,0.0,0.0,0.0,0.0
BitRate blocking probability per pair and bitRate,2,300.0Gbps,20,21, ,0.0,0.0,0.0,0.0,0.0
BitRate blocking probability per pair and bitRate,2,300.0Gbps,1,6, ,0.0,0.0,0.0,0.0,0.0
BitRate blocking probability per pair and bitRate,2,300.0Gbps,13,2, ,0.0,0.0,0.0,0.0,0.0
BitRate blocking probability per pair and bitRate,2,300.0Gbps,14,20, ,0.0,0.0,0.0,0.0,0.0
BitRate blocking probability per pair and bitRate,2,300.0Gbps,16,20, ,0.0,0.0,0.0,0.0,0.0
BitRate blocking probability per pair and bitRate,2,300.0Gbps,18,15, ,0.0,0.0,0.0,0.0,0.0
BitRate blocking probability per pair and bitRate,2,300.0Gbps,6,2, ,0.0,0.0,0.0,0.0,0.0
BitRate blocking probability per pair and bitRate,2,300.0Gbps,9,15, ,0.0,0.0,0.0,0.0,0.0
BitRate blocking probability per pair and bitRate,2,300.0Gbps,15,17, ,0.0,0.0,0.0,0.0,0.0
BitRate blocking probability per pair and bitRate,2,300.0Gbps,18,2, ,0.0,0.0,0.0,0.0,0.0
BitRate blocking probability per pair and bitRate,2,300.0Gbps,15,24, ,0.0,0.0,0.0,0.0,0.0
BitRate blocking probability per pair and bitRate,2,300.0Gbps,7,10, ,0.0,0.0,0.0,0.0,0.0
BitRate blocking probability per pair and bitRate,2,300.0Gbps,14,21, ,0.0,0.0,0.0,0.0,0.0
BitRate blocking probability per pair and bitRate,2,300.0Gbps,23,15, ,0.0,0.0,0.0,0.0,0.0
BitRate blocking probability per pair and bitRate,2,300.0Gbps,11,1, ,0.0,0.0,0.0,0.0,0.0
BitRate blocking probability per pair and bitRate,2,300.0Gbps,19,20, ,0.0,0.0,0.0,0.0,0.0
BitRate blocking probability per pair and bitRate,2,300.0Gbps,1,8, ,0.0,0.0,0.0,0.0,0.0
BitRate blocking probability per pair and bitRate,2,300.0Gbps,16,1, ,0.0,0.0,0.0,0.0,0.0
BitRate blocking probability per pair and bitRate,2,300.0Gbps,24,5, ,0.0,0.0,0.0,0.0,0.0
BitRate blocking probability per pair and bitRate,2,300.0Gbps,2,4, ,0.0,0.0,0.0,0.0,0.0
BitRate blocking probability per pair and bitRate,2,300.0Gbps,10,5, ,0.0,0.0,0.0,0.0,0.0
BitRate blocking probability per pair and bitRate,2,300.0Gbps,21,7, ,0.0,0.0,0.0,0.0,0.0
BitRate blocking probability per pair and bitRate,2,300.0Gbps,23,11, ,0.0,0.0,0.0,0.0,0.0
BitRate blocking probability per pair and bitRate,2,300.0Gbps,19,6, ,0.0,0.0,0.0,0.0,0.0
BitRate blocking probability per pair and bitRate,2,300.0Gbps,10,17, ,0.0,0.0,0.0,0.0,0.0
BitRate blocking probability per pair and bitRate,2,300.0Gbps,3,8, ,0.0,0.0,0.0,0.0,0.0
BitRate blocking probability per pair and bitRate,2,300.0Gbps,3,23, ,0.0,0.0,0.0,0.0,0.0
BitRate blocking probability per pair and bitRate,2,300.0Gbps,17,9, ,0.0,0.0,0.0,0.0,0.0
BitRate blocking probability per pair and bitRate,2,300.0Gbps,9,18, ,0.0,0.0,0.0,0.0,0.0
BitRate blocking probability per pair and bitRate,2,300.0Gbps,1,3, ,0.0,0.0,0.0,0.0,0.0
BitRate blocking probability per pair and bitRate,2,300.0Gbps,10,20, ,0.0,0.0,0.0,0.0,0.0
BitRate blocking probability per pair and bitRate,2,300.0Gbps,21,6, ,0.0,0.0,0.0,0.0,0.0
BitRate blocking probability per pair and bitRate,2,300.0Gbps,8,5, ,0.0,0.0,0.0,0.0,0.0
BitRate blocking probability per pair and bitRate,2,300.0Gbps,9,8, ,0.0,0.0,0.0,0.0,0.0
BitRate blocking probability per pair and bitRate,2,300.0Gbps,24,4, ,0.0,0.0,0.0,0.0,0.0
BitRate blocking probability per pair and bitRate,2,300.0Gbps,1,12, ,0.0,0.0,0.0,0.0,0.0
BitRate blocking probability per pair and bitRate,2,300.0Gbps,11,5, ,0.0,0.0,0.0,0.0,0.0
BitRate blocking probability per pair and bitRate,2,300.0Gbps,22,7, ,0.0,0.0,0.0,0.0,0.0
BitRate blocking probability per pair and bitRate,2,300.0Gbps,22,8, ,0.0,0.0,0.0,0.0,0.0
BitRate blocking probability per pair and bitRate,2,300.0Gbps,20,22, ,0.0,0.0,0.0,0.0,0.0
BitRate blocking probability per pair and bitRate,2,300.0Gbps,13,24, ,0.0,0.0,0.0,0.0,0.0
BitRate blocking probability per pair and bitRate,2,300.0Gbps,1,7, ,0.0,0.0,0.0,0.0,0.0
BitRate blocking probability per pair and bitRate,2,300.0Gbps,17,20, ,0.0,0.0,0.0,0.0,0.0
BitRate blocking probability per pair and bitRate,2,300.0Gbps,16,18, ,0.0,0.0,0.0,0.0,0.0
BitRate blocking probability per pair and bitRate,2,300.0Gbps,16,8, ,0.0,0.0,0.0,0.0,0.0
BitRate blocking probability per pair and bitRate,2,300.0Gbps,12,15, ,0.0,0.0,0.0,0.0,0.0
BitRate blocking probability per pair and bitRate,2,300.0Gbps,17,5, ,0.0,0.0,0.0,0.0,0.0
BitRate blocking probability per pair and bitRate,2,300.0Gbps,23,14, ,0.0,0.0,0.0,0.0,0.0
BitRate blocking probability per pair and bitRate,2,300.0Gbps,1,19, ,0.0,0.0,0.0,0.0,0.0
BitRate blocking probability per pair and bitRate,2,300.0Gbps,17,7, ,0.0,0.0,0.0,0.0,0.0
BitRate blocking probability per pair and bitRate,2,300.0Gbps,18,9, ,0.0,0.0,0.0,0.0,0.0
BitRate blocking probability per pair and bitRate,2,300.0Gbps,18,23, ,0.0,0.0,0.0,0.0,0.0
BitRate blocking probability per pair and bitRate,2,300.0Gbps,13,22, ,0.0,0.0,0.0,0.0,0.0
BitRate blocking probability per pair and bitRate,2,300.0Gbps,7,6, ,0.0,0.0,0.0,0.0,0.0
BitRate blocking probability per pair and bitRate,2,300.0Gbps,9,23, ,0.0,0.0,0.0,0.0,0.0
BitRate blocking probability per pair and bitRate,2,300.0Gbps,13,6, ,0.0,0.0,0.0,0.0,0.0
BitRate blocking probability per pair and bitRate,2,300.0Gbps,15,8, ,0.0,0.0,0.0,0.0,0.0
BitRate blocking probability per pair and bitRate,2,300.0Gbps,13,14, ,0.0,0.0,0.0,0.0,0.0
BitRate blocking probability per pair and bitRate,2,300.0Gbps,20,3, ,0.0,0.0,0.0,0.0,0.0
BitRate blocking probability per pair and bitRate,2,300.0Gbps,21,16, ,0.0,0.0,0.0,0.0,0.0
BitRate blocking probability per pair and bitRate,2,300.0Gbps,3,16, ,0.0,0.0,0.0,0.0,0.0
BitRate blocking probability per pair and bitRate,2,300.0Gbps,22,13, ,0.0,0.0,0.0,0.0,0.0
BitRate blocking probability per pair and bitRate,2,300.0Gbps,3,14, ,0.0,0.0,0.0,0.0,0.0
BitRate blocking probability per pair and bitRate,2,300.0Gbps,3,7, ,0.0,0.0,0.0,0.0,0.0
BitRate blocking probability per pair and bitRate,2,300.0Gbps,10,22, ,0.0,0.0,0.0,0.0,0.0
BitRate blocking probability per pair and bitRate,2,300.0Gbps,8,10, ,0.0,0.0,0.0,0.0,0.0
BitRate blocking probability per pair and bitRate,2,300.0Gbps,22,6, ,0.0,0.0,0.0,0.0,0.0
BitRate blocking probability per pair and bitRate,2,300.0Gbps,5,2, ,0.0,0.0,0.0,0.0,0.0
BitRate blocking probability per pair and bitRate,2,300.0Gbps,13,5, ,0.0,0.0,0.0,0.0,0.0
BitRate blocking probability per pair and bitRate,2,300.0Gbps,23,8, ,0.0,0.0,0.0,0.0,0.0
BitRate blocking probability per pair and bitRate,2,300.0Gbps,13,11, ,0.0,0.0,0.0,0.0,0.0
BitRate blocking probability per pair and bitRate,2,300.0Gbps,13,7, ,0.0,0.0,0.0,0.0,0.0
BitRate blocking probability per pair and bitRate,2,300.0Gbps,3,13, ,0.0,0.0,0.0,0.0,0.0
BitRate blocking probability per pair and bitRate,2,300.0Gbps,10,12, ,0.0,0.0,0.0,0.0,0.0
BitRate blocking probability per pair and bitRate,2,300.0Gbps,24,11, ,0.0,0.0,0.0,0.0,0.0
BitRate blocking probability per pair and bitRate,2,300.0Gbps,9,7, ,0.0,0.0,0.0,0.0,0.0
BitRate blocking probability per pair and bitRate,2,300.0Gbps,24,12, ,0.0,0.0,0.0,0.0,0.0
BitRate blocking probability per pair and bitRate,2,300.0Gbps,15,3, ,0.0,0.0,0.0,0.0,0.0
BitRate blocking probability per pair and bitRate,2,300.0Gbps,22,11, ,0.0,0.0,0.0,0.0,0.0
BitRate blocking probability per pair and bitRate,2,300.0Gbps,18,19, ,0.0,0.0,0.0,0.0,0.0
BitRate blocking probability per pair and bitRate,2,300.0Gbps,16,7, ,0.0,0.0,0.0,0.0,0.0
BitRate blocking probability per pair and bitRate,2,300.0Gbps,5,24, ,0.0,0.0,0.0,0.0,0.0
BitRate blocking probability per pair and bitRate,2,300.0Gbps,10,19, ,0.0,0.0,0.0,0.0,0.0
BitRate blocking probability per pair and bitRate,2,300.0Gbps,23,13, ,0.0,0.0,0.0,0.0,0.0
BitRate blocking probability per pair and bitRate,2,300.0Gbps,12,3, ,0.0,0.0,0.0,0.0,0.0
BitRate blocking probability per pair and bitRate,2,300.0Gbps,9,10, ,0.0,0.0,0.0,0.0,0.0
BitRate blocking probability per pair and bitRate,2,300.0Gbps,4,18, ,0.0,0.0,0.0,0.0,0.0
BitRate blocking probability per pair and bitRate,2,300.0Gbps,4,19, ,0.0,0.0,0.0,0.0,0.0
BitRate blocking probability per pair and bitRate,2,300.0Gbps,17,15, ,0.0,0.0,0.0,0.0,0.0
BitRate blocking probability per pair and bitRate,2,300.0Gbps,2,22, ,0.0,0.0,0.0,0.0,0.0
BitRate blocking probability per pair and bitRate,2,300.0Gbps,11,17, ,0.0,0.0,0.0,0.0,0.0
BitRate blocking probability per pair and bitRate,2,300.0Gbps,18,13, ,0.0,0.0,0.0,0.0,0.0
BitRate blocking probability per pair and bitRate,2,300.0Gbps,24,10, ,0.0,0.0,0.0,0.0,0.0
BitRate blocking probability per pair and bitRate,2,300.0Gbps,11,13, ,0.0,0.0,0.0,0.0,0.0
BitRate blocking probability per pair and bitRate,2,300.0Gbps,12,22, ,0.0,0.0,0.0,0.0,0.0
BitRate blocking probability per pair and bitRate,2,300.0Gbps,20,23, ,0.0,0.0,0.0,0.0,0.0
BitRate blocking probability per pair and bitRate,2,300.0Gbps,4,7, ,0.0,0.0,0.0,0.0,0.0
BitRate blocking probability per pair and bitRate,2,300.0Gbps,9,12, ,0.0,0.0,0.0,0.0,0.0
BitRate blocking probability per pair and bitRate,2,300.0Gbps,4,13, ,0.0,0.0,0.0,0.0,0.0
BitRate blocking probability per pair and bitRate,2,300.0Gbps,20,13, ,0.0,0.0,0.0,0.0,0.0
BitRate blocking probability per pair and bitRate,2,300.0Gbps,10,3, ,0.0,0.0,0.0,0.0,0.0
BitRate blocking probability per pair and bitRate,2,300.0Gbps,21,3, ,0.0,0.0,0.0,0.0,0.0
BitRate blocking probability per pair and bitRate,2,300.0Gbps,7,9, ,0.0,0.0,0.0,0.0,0.0
BitRate blocking probability per pair and bitRate,2,300.0Gbps,12,19, ,0.0,0.0,0.0,0.0,0.0
BitRate blocking probability per pair and bitRate,2,300.0Gbps,19,16, ,0.0,0.0,0.0,0.0,0.0
BitRate blocking probability per pair and bitRate,2,300.0Gbps,20,11, ,0.0,0.0,0.0,0.0,0.0
BitRate blocking probability per pair and bitRate,2,300.0Gbps,22,9, ,0.0,0.0,0.0,0.0,0.0
BitRate blocking probability per pair and bitRate,2,300.0Gbps,7,11, ,0.0,0.0,0.0,0.0,0.0
BitRate blocking probability per pair and bitRate,2,300.0Gbps,6,1, ,0.0,0.0,0.0,0.0,0.0
BitRate blocking probability per pair and bitRate,2,300.0Gbps,6,14, ,0.0,0.0,0.0,0.0,0.0
BitRate blocking probability per pair and bitRate,2,300.0Gbps,21,1, ,0.0,0.0,0.0,0.0,0.0
BitRate blocking probability per pair and bitRate,2,300.0Gbps,4,23, ,0.0,0.0,0.0,0.0,0.0
BitRate blocking probability per pair and bitRate,2,300.0Gbps,1,5, ,0.0,0.0,0.0,0.0,0.0
BitRate blocking probability per pair and bitRate,2,300.0Gbps,3,22, ,0.0,0.0,0.0,0.0,0.0
BitRate blocking probability per pair and bitRate,2,300.0Gbps,5,23, ,0.0,0.0,0.0,0.0,0.0
BitRate blocking probability per pair and bitRate,2,300.0Gbps,14,9, ,0.0,0.0,0.0,0.0,0.0
BitRate blocking probability per pair and bitRate,2,300.0Gbps,23,6, ,0.0,0.0,0.0,0.0,0.0
BitRate blocking probability per pair and bitRate,2,300.0Gbps,6,19, ,0.0,0.0,0.0,0.0,0.0
BitRate blocking probability per pair and bitRate,2,300.0Gbps,14,13, ,0.0,0.0,0.0,0.0,0.0
BitRate blocking probability per pair and bitRate,2,300.0Gbps,14,11, ,0.0,0.0,0.0,0.0,0.0
BitRate blocking probability per pair and bitRate,2,300.0Gbps,12,21, ,0.0,0.0,0.0,0.0,0.0
BitRate blocking probability per pair and bitRate,2,300.0Gbps,2,8, ,0.0,0.0,0.0,0.0,0.0
BitRate blocking probability per pair and bitRate,2,300.0Gbps,16,13, ,0.0,0.0,0.0,0.0,0.0
BitRate blocking probability per pair and bitRate,2,300.0Gbps,20,18, ,0.0,0.0,0.0,0.0,0.0
BitRate blocking probability per pair and bitRate,2,300.0Gbps,6,9, ,0.0,0.0,0.0,0.0,0.0
BitRate blocking probability per pair and bitRate,2,300.0Gbps,6,23, ,0.0,0.0,0.0,0.0,0.0
BitRate blocking probability per pair and bitRate,2,300.0Gbps,10,4, ,0.0,0.0,0.0,0.0,0.0
BitRate blocking probability per pair and bitRate,2,300.0Gbps,17,23, ,0.0,0.0,0.0,0.0,0.0
BitRate blocking probability per pair and bitRate,2,300.0Gbps,17,18, ,0.0,0.0,0.0,0.0,0.0
BitRate blocking probability per pair and bitRate,2,300.0Gbps,14,12, ,0.0,0.0,0.0,0.0,0.0
BitRate blocking probability per pair and bitRate,2,300.0Gbps,14,17, ,0.0,0.0,0.0,0.0,0.0
BitRate blocking probability per pair and bitRate,2,300.0Gbps,19,7, ,0.0,0.0,0.0,0.0,0.0
BitRate blocking probability per pair and bitRate,2,300.0Gbps,7,24, ,0.0,0.0,0.0,0.0,0.0
BitRate blocking probability per pair and bitRate,2,300.0Gbps,11,18, ,0.0,0.0,0.0,0.0,0.0
BitRate blocking probability per pair and bitRate,2,300.0Gbps,11,10, ,0.0,0.0,0.0,0.0,0.0
BitRate blocking probability per pair and bitRate,2,300.0Gbps,14,22, ,0.0,0.0,0.0,0.0,0.0
BitRate blocking probability per pair and bitRate,2,300.0Gbps,4,9, ,0.0,0.0,0.0,0.0,0.0
BitRate blocking probability per pair and bitRate,2,300.0Gbps,22,21, ,0.0,0.0,0.0,0.0,0.0
BitRate blocking probability per pair and bitRate,2,300.0Gbps,22,24, ,0.0,0.0,0.0,0.0,0.0
BitRate blocking probability per pair and bitRate,2,300.0Gbps,8,15, ,0.0,0.0,0.0,0.0,0.0
BitRate blocking probability per pair and bitRate,2,300.0Gbps,12,5, ,0.0,0.0,0.0,0.0,0.0
BitRate blocking probability per pair and bitRate,2,300.0Gbps,7,23, ,0.0,0.0,0.0,0.0,0.0
BitRate blocking probability per pair and bitRate,2,300.0Gbps,24,14, ,0.0,0.0,0.0,0.0,0.0
BitRate blocking probability per pair and bitRate,2,300.0Gbps,1,2, ,0.0,0.0,0.0,0.0,0.0
BitRate blocking probability per pair and bitRate,2,300.0Gbps,15,22, ,0.0,0.0,0.0,0.0,0.0
BitRate blocking probability per pair and bitRate,2,300.0Gbps,19,14, ,0.0,0.0,0.0,0.0,0.0
BitRate blocking probability per pair and bitRate,2,300.0Gbps,21,23, ,0.0,0.0,0.0,0.0,0.0
BitRate blocking probability per pair and bitRate,2,300.0Gbps,8,1, ,0.0,0.0,0.0,0.0,0.0
BitRate blocking probability per pair and bitRate,2,300.0Gbps,18,10, ,0.0,0.0,0.0,0.0,0.0
BitRate blocking probability per pair and bitRate,2,300.0Gbps,17,3, ,0.0,0.0,0.0,0.0,0.0
BitRate blocking probability per pair and bitRate,2,300.0Gbps,5,9, ,0.0,0.0,0.0,0.0,0.0
BitRate blocking probability per pair and bitRate,2,300.0Gbps,19,8, ,0.0,0.0,0.0,0.0,0.0
BitRate blocking probability per pair and bitRate,2,300.0Gbps,4,21, ,0.0,0.0,0.0,0.0,0.0
BitRate blocking probability per pair and bitRate,2,300.0Gbps,8,16, ,0.0,0.0,0.0,0.0,0.0
BitRate blocking probability per pair and bitRate,2,300.0Gbps,5,12, ,0.0,0.0,0.0,0.0,0.0
BitRate blocking probability per pair and bitRate,2,300.0Gbps,6,16, ,0.0,0.0,0.0,0.0,0.0
BitRate blocking probability per pair and bitRate,2,300.0Gbps,20,10, ,0.0,0.0,0.0,0.0,0.0
BitRate blocking probability per pair and bitRate,2,300.0Gbps,2,15, ,0.0,0.0,0.0,0.0,0.0
BitRate blocking probability per pair and bitRate,2,300.0Gbps,20,6, ,0.0,0.0,0.0,0.0,0.0
BitRate blocking probability per pair and bitRate,2,300.0Gbps,21,13, ,0.0,0.0,0.0,0.0,0.0
BitRate blocking probability per pair and bitRate,2,300.0Gbps,6,21, ,0.0,0.0,0.0,0.0,0.0
BitRate blocking probability per pair and bitRate,2,300.0Gbps,18,16, ,0.0,0.0,0.0,0.0,0.0
BitRate blocking probability per pair and bitRate,2,300.0Gbps,5,21, ,0.0,0.0,0.0,0.0,0.0
BitRate blocking probability per pair and bitRate,2,300.0Gbps,15,11, ,0.0,0.0,0.0,0.0,0.0
BitRate blocking probability per pair and bitRate,2,300.0Gbps,8,12, ,0.0,0.0,0.0,0.0,0.0
BitRate blocking probability per pair and bitRate,2,300.0Gbps,19,1, ,0.0,0.0,0.0,0.0,0.0
BitRate blocking probability per pair and bitRate,2,300.0Gbps,21,14, ,0.0,0.0,0.0,0.0,0.0
BitRate blocking probability per pair and bitRate,2,300.0Gbps,2,13, ,0.0,0.0,0.0,0.0,0.0
BitRate blocking probability per pair and bitRate,2,300.0Gbps,17,6, ,0.0,0.0,0.0,0.0,0.0
BitRate blocking probability per pair and bitRate,2,300.0Gbps,24,1, ,0.0,0.0,0.0,0.0,0.0
BitRate blocking probability per pair and bitRate,2,300.0Gbps,8,3, ,0.0,0.0,0.0,0.0,0.0
BitRate blocking probability per pair and bitRate,2,300.0Gbps,1,22, ,0.0,0.0,0.0,0.0,0.0
BitRate blocking probability per pair and bitRate,2,300.0Gbps,23,3, ,0.0,0.0,0.0,0.0,0.0
BitRate blocking probability per pair and bitRate,2,300.0Gbps,2,1, ,0.0,0.0,0.0,0.0,0.0
BitRate blocking probability per pair and bitRate,2,300.0Gbps,15,23, ,0.0,0.0,0.0,0.0,0.0
BitRate blocking probability per pair and bitRate,2,300.0Gbps,19,15, ,0.0,0.0,0.0,0.0,0.0
BitRate blocking probability per pair and bitRate,2,300.0Gbps,2,23, ,0.0,0.0,0.0,0.0,0.0
BitRate blocking probability per pair and bitRate,2,300.0Gbps,13,17, ,0.0,0.0,0.0,0.0,0.0
BitRate blocking probability per pair and bitRate,2,300.0Gbps,1,10, ,0.0,0.0,0.0,0.0,0.0
BitRate blocking probability per pair and bitRate,2,300.0Gbps,5,22, ,0.0,0.0,0.0,0.0,0.0
BitRate blocking probability per pair and bitRate,2,300.0Gbps,18,24, ,0.0,0.0,0.0,0.0,0.0
BitRate blocking probability per pair and bitRate,2,300.0Gbps,19,23, ,0.0,0.0,0.0,0.0,0.0
BitRate blocking probability per pair and bitRate,2,300.0Gbps,20,8, ,0.0,0.0,0.0,0.0,0.0
BitRate blocking probability per pair and bitRate,2,300.0Gbps,10,6, ,0.0,0.0,0.0,0.0,0.0
BitRate blocking probability per pair and bitRate,2,300.0Gbps,2,6, ,0.0,0.0,0.0,0.0,0.0
BitRate blocking probability per pair and bitRate,2,300.0Gbps,16,14, ,0.0,0.0,0.0,0.0,0.0
BitRate blocking probability per pair and bitRate,2,300.0Gbps,24,19, ,0.0,0.0,0.0,0.0,0.0
BitRate blocking probability per pair and bitRate,2,300.0Gbps,23,19, ,0.0,0.0,0.0,0.0,0.0
BitRate blocking probability per pair and bitRate,2,300.0Gbps,12,2, ,0.0,0.0,0.0,0.0,0.0
BitRate blocking probability per pair and bitRate,2,300.0Gbps,23,1, ,0.0,0.0,0.0,0.0,0.0
BitRate blocking probability per pair and bitRate,2,300.0Gbps,15,7, ,0.0,0.0,0.0,0.0,0.0
BitRate blocking probability per pair and bitRate,2,300.0Gbps,22,12, ,0.0,0.0,0.0,0.0,0.0
BitRate blocking probability per pair and bitRate,2,300.0Gbps,3,6, ,0.0,0.0,0.0,0.0,0.0
BitRate blocking probability per pair and bitRate,2,300.0Gbps,4,2, ,0.0,0.0,0.0,0.0,0.0
BitRate blocking probability per pair and bitRate,2,300.0Gbps,13,1, ,0.0,0.0,0.0,0.0,0.0
BitRate blocking probability per pair and bitRate,2,300.0Gbps,6,5, ,0.0,0.0,0.0,0.0,0.0
BitRate blocking probability per pair and bitRate,2,300.0Gbps,16,22, ,0.0,0.0,0.0,0.0,0.0
BitRate blocking probability per pair and bitRate,2,300.0Gbps,7,5, ,0.0,0.0,0.0,0.0,0.0
BitRate blocking probability per pair and bitRate,2,300.0Gbps,6,24, ,0.0,0.0,0.0,0.0,0.0
BitRate blocking probability per pair and bitRate,2,300.0Gbps,18,17, ,0.0,0.0,0.0,0.0,0.0
BitRate blocking probability per pair and bitRate,2,300.0Gbps,22,3, ,0.0,0.0,0.0,0.0,0.0
BitRate blocking probability per pair and bitRate,2,300.0Gbps,13,4, ,0.0,0.0,0.0,0.0,0.0
BitRate blocking probability per pair and bitRate,2,300.0Gbps,16,5, ,0.0,0.0,0.0,0.0,0.0
BitRate blocking probability per pair and bitRate,2,300.0Gbps,18,11, ,0.0,0.0,0.0,0.0,0.0
BitRate blocking probability per pair and bitRate,2,300.0Gbps,6,11, ,0.0,0.0,0.0,0.0,0.0
BitRate blocking probability per pair and bitRate,2,300.0Gbps,17,13, ,0.0,0.0,0.0,0.0,0.0
BitRate blocking probability per pair and bitRate,2,300.0Gbps,7,3, ,0.0,0.0,0.0,0.0,0.0
BitRate blocking probability per pair and bitRate,2,300.0Gbps,22,23, ,0.0,0.0,0.0,0.0,0.0
BitRate blocking probability per pair and bitRate,2,300.0Gbps,10,13, ,0.0,0.0,0.0,0.0,0.0
BitRate blocking probability per pair and bitRate,2,300.0Gbps,14,7, ,0.0,0.0,0.0,0.0,0.0
BitRate blocking probability per pair and bitRate,2,300.0Gbps,20,16, ,0.0,0.0,0.0,0.0,0.0
BitRate blocking probability per pair and bitRate,2,300.0Gbps,14,8, ,0.0,0.0,0.0,0.0,0.0
BitRate blocking probability per pair and bitRate,2,300.0Gbps,7,4, ,0.0,0.0,0.0,0.0,0.0
BitRate blocking probability per pair and bitRate,2,300.0Gbps,8,14, ,0.0,0.0,0.0,0.0,0.0
BitRate blocking probability per pair and bitRate,2,300.0Gbps,3,12, ,0.0,0.0,0.0,0.0,0.0
BitRate blocking probability per pair and bitRate,2,300.0Gbps,7,2, ,0.0,0.0,0.0,0.0,0.0
BitRate blocking probability per pair and bitRate,2,300.0Gbps,10,11, ,0.0,0.0,0.0,0.0,0.0
BitRate blocking probability per pair and bitRate,2,300.0Gbps,11,14, ,0.0,0.0,0.0,0.0,0.0
BitRate blocking probability per pair and bitRate,2,300.0Gbps,20,24, ,0.0,0.0,0.0,0.0,0.0
BitRate blocking probability per pair and bitRate,2,300.0Gbps,20,4, ,0.0,0.0,0.0,0.0,0.0
BitRate blocking probability per pair and bitRate,2,300.0Gbps,23,2, ,0.0,0.0,0.0,0.0,0.0
BitRate blocking probability per pair and bitRate,2,300.0Gbps,22,2, ,0.0,0.0,0.0,0.0,0.0
BitRate blocking probability per pair and bitRate,2,300.0Gbps,22,19, ,0.0,0.0,0.0,0.0,0.0
BitRate blocking probability per pair and bitRate,2,300.0Gbps,24,23, ,0.0,0.0,0.0,0.0,0.0
BitRate blocking probability per pair and bitRate,2,300.0Gbps,6,17, ,0.0,0.0,0.0,0.0,0.0
BitRate blocking probability per pair and bitRate,2,300.0Gbps,4,15, ,0.0,0.0,0.0,0.0,0.0
BitRate blocking probability per pair and bitRate,2,300.0Gbps,20,7, ,0.0,0.0,0.0,0.0,0.0
BitRate blocking probability per pair and bitRate,2,300.0Gbps,10,8, ,0.0,0.0,0.0,0.0,0.0
BitRate blocking probability per pair and bitRate,2,300.0Gbps,10,24, ,0.0,0.0,0.0,0.0,0.0
BitRate blocking probability per pair and bitRate,2,300.0Gbps,12,16, ,0.0,0.0,0.0,0.0,0.0
BitRate blocking probability per pair and bitRate,2,300.0Gbps,8,13, ,0.0,0.0,0.0,0.0,0.0
BitRate blocking probability per pair and bitRate,2,300.0Gbps,11,4, ,0.0,0.0,0.0,0.0,0.0
BitRate blocking probability per pair and bitRate,2,300.0Gbps,22,17, ,0.0,0.0,0.0,0.0,0.0
BitRate blocking probability per pair and bitRate,2,300.0Gbps,4,1, ,0.0,0.0,0.0,0.0,0.0
BitRate blocking probability per pair and bitRate,2,300.0Gbps,14,6, ,0.0,0.0,0.0,0.0,0.0
BitRate blocking probability per pair and bitRate,2,300.0Gbps,14,10, ,0.0,0.0,0.0,0.0,0.0
BitRate blocking probability per pair and bitRate,2,300.0Gbps,24,6, ,0.0,0.0,0.0,0.0,0.0
BitRate blocking probability per pair and bitRate,2,300.0Gbps,15,2, ,0.0,0.0,0.0,0.0,0.0
BitRate blocking probability per pair and bitRate,2,300.0Gbps,22,10, ,0.0,0.0,0.0,0.0,0.0
BitRate blocking probability per pair and bitRate,2,300.0Gbps,4,17, ,0.0,0.0,0.0,0.0,0.0
BitRate blocking probability per pair and bitRate,2,300.0Gbps,17,2, ,0.0,0.0,0.0,0.0,0.0
BitRate blocking probability per pair and bitRate,2,300.0Gbps,18,20, ,0.0,0.0,0.0,0.0,0.0
BitRate blocking probability per pair and bitRate,2,300.0Gbps,17,21, ,0.0,0.0,0.0,0.0,0.0
BitRate blocking probability per pair and bitRate,2,300.0Gbps,18,6, ,0.0,0.0,0.0,0.0,0.0
BitRate blocking probability per pair and bitRate,2,300.0Gbps,10,15, ,0.0,0.0,0.0,0.0,0.0
BitRate blocking probability per pair and bitRate,2,300.0Gbps,4,11, ,0.0,0.0,0.0,0.0,0.0
BitRate blocking probability per pair and bitRate,2,300.0Gbps,2,21, ,0.0,0.0,0.0,0.0,0.0
BitRate blocking probability per pair and bitRate,2,300.0Gbps,19,9, ,0.0,0.0,0.0,0.0,0.0
BitRate blocking probability per pair and bitRate,2,300.0Gbps,5,8, ,0.0,0.0,0.0,0.0,0.0
BitRate blocking probability per pair and bitRate,2,300.0Gbps,5,3, ,0.0,0.0,0.0,0.0,0.0
BitRate blocking probability per pair and bitRate,2,300.0Gbps,11,6, ,0.0,0.0,0.0,0.0,0.0
BitRate blocking probability per pair and bitRate,2,300.0Gbps,8,2, ,0.0,0.0,0.0,0.0,0.0
BitRate blocking probability per pair and bitRate,2,300.0Gbps,9,24, ,0.0,0.0,0.0,0.0,0.0
BitRate blocking probability per pair and bitRate,2,300.0Gbps,16,23, ,0.0,0.0,0.0,0.0,0.0
BitRate blocking probability per pair and bitRate,2,300.0Gbps,2,16, ,0.0,0.0,0.0,0.0,0.0
BitRate blocking probability per pair and bitRate,2,300.0Gbps,16,17, ,0.0,0.0,0.0,0.0,0.0
BitRate blocking probability per pair and bitRate,2,300.0Gbps,23,18, ,0.0,0.0,0.0,0.0,0.0
BitRate blocking probability per pair and bitRate,2,300.0Gbps,7,1, ,0.0,0.0,0.0,0.0,0.0
BitRate blocking probability per pair and bitRate,2,300.0Gbps,11,24, ,0.0,0.0,0.0,0.0,0.0
BitRate blocking probability per pair and bitRate,2,300.0Gbps,2,10, ,0.0,0.0,0.0,0.0,0.0
BitRate blocking probability per pair and bitRate,2,300.0Gbps,4,6, ,0.0,0.0,0.0,0.0,0.0
BitRate blocking probability per pair and bitRate,2,300.0Gbps,15,13, ,0.0,0.0,0.0,0.0,0.0
BitRate blocking probability per pair and bitRate,2,300.0Gbps,21,12, ,0.0,0.0,0.0,0.0,0.0
BitRate blocking probability per pair and bitRate,2,300.0Gbps,5,6, ,0.0,0.0,0.0,0.0,0.0
BitRate blocking probability per pair and bitRate,2,300.0Gbps,10,18, ,0.0,0.0,0.0,0.0,0.0
BitRate blocking probability per pair and bitRate,2,300.0Gbps,14,23, ,0.0,0.0,0.0,0.0,0.0
BitRate blocking probability per pair and bitRate,2,300.0Gbps,21,8, ,0.0,0.0,0.0,0.0,0.0
BitRate blocking probability per pair and bitRate,2,300.0Gbps,11,3, ,0.0,0.0,0.0,0.0,0.0
BitRate blocking probability per pair and bitRate,2,300.0Gbps,13,16, ,0.0,0.0,0.0,0.0,0.0
BitRate blocking probability per pair and bitRate,2,300.0Gbps,22,16, ,0.0,0.0,0.0,0.0,0.0
BitRate blocking probability per pair and bitRate,2,300.0Gbps,21,5, ,0.0,0.0,0.0,0.0,0.0
BitRate blocking probability per pair and bitRate,2,300.0Gbps,23,24, ,0.0,0.0,0.0,0.0,0.0
BitRate blocking probability per pair and bitRate,2,300.0Gbps,9,6, ,0.0,0.0,0.0,0.0,0.0
BitRate blocking probability per pair and bitRate,2,300.0Gbps,20,9, ,0.0,0.0,0.0,0.0,0.0
BitRate blocking probability per pair and bitRate,2,300.0Gbps,16,6, ,0.0,0.0,0.0,0.0,0.0
BitRate blocking probability per pair and bitRate,2,300.0Gbps,15,4, ,0.0,0.0,0.0,0.0,0.0
BitRate blocking probability per pair and bitRate,2,300.0Gbps,3,4, ,0.0,0.0,0.0,0.0,0.0
BitRate blocking probability per pair and bitRate,2,300.0Gbps,17,10, ,0.0,0.0,0.0,0.0,0.0
BitRate blocking probability per pair and bitRate,2,300.0Gbps,12,10, ,0.0,0.0,0.0,0.0,0.0
BitRate blocking probability per pair and bitRate,2,300.0Gbps,12,7, ,0.0,0.0,0.0,0.0,0.0
BitRate blocking probability per pair and bitRate,2,300.0Gbps,3,17, ,0.0,0.0,0.0,0.0,0.0
BitRate blocking probability per pair and bitRate,2,500.0Gbps,11,2, ,0.0,0.0,0.0,0.0,0.0
BitRate blocking probability per pair and bitRate,2,500.0Gbps,1,23, ,0.0,0.0,0.0,0.0,0.0
BitRate blocking probability per pair and bitRate,2,500.0Gbps,2,9, ,0.0,0.0,0.0,0.0,0.0
BitRate blocking probability per pair and bitRate,2,500.0Gbps,1,20, ,0.0,0.0,0.0,0.0,0.0
BitRate blocking probability per pair and bitRate,2,500.0Gbps,17,24, ,0.0,0.0,0.0,0.0,0.0
BitRate blocking probability per pair and bitRate,2,500.0Gbps,21,15, ,0.0,0.0,0.0,0.0,0.0
BitRate blocking probability per pair and bitRate,2,500.0Gbps,19,11, ,0.0,0.0,0.0,0.0,0.0
BitRate blocking probability per pair and bitRate,2,500.0Gbps,3,1, ,0.0,0.0,0.0,0.0,0.0
BitRate blocking probability per pair and bitRate,2,500.0Gbps,24,2, ,0.0,0.0,0.0,0.0,0.0
BitRate blocking probability per pair and bitRate,2,500.0Gbps,23,22, ,0.0,0.0,0.0,0.0,0.0
BitRate blocking probability per pair and bitRate,2,500.0Gbps,17,22, ,0.0,0.0,0.0,0.0,0.0
BitRate blocking probability per pair and bitRate,2,500.0Gbps,15,20, ,0.0,0.0,0.0,0.0,0.0
BitRate blocking probability per pair and bitRate,2,500.0Gbps,2,7, ,0.0,0.0,0.0,0.0,0.0
BitRate blocking probability per pair and bitRate,2,500.0Gbps,10,1, ,0.0,0.0,0.0,0.0,0.0
BitRate blocking probability per pair and bitRate,2,500.0Gbps,14,16, ,0.0,0.0,0.0,0.0,0.0
BitRate blocking probability per pair and bitRate,2,500.0Gbps,13,18, ,0.0,0.0,0.0,0.0,0.0
BitRate blocking probability per pair and bitRate,2,500.0Gbps,11,7, ,0.0,0.0,0.0,0.0,0.0
BitRate blocking probability per pair and bitRate,2,500.0Gbps,15,10, ,0.0,0.0,0.0,0.0,0.0
BitRate blocking probability per pair and bitRate,2,500.0Gbps,17,4, ,0.0,0.0,0.0,0.0,0.022370365917815445
BitRate blocking probability per pair and bitRate,2,500.0Gbps,15,19, ,0.0,0.0,0.0,0.0,0.0
BitRate blocking probability per pair and bitRate,2,500.0Gbps,9,22, ,0.0,0.0,0.0,0.0,0.0
BitRate blocking probability per pair and bitRate,2,500.0Gbps,9,19, ,0.0,0.0,0.0,0.0,0.0
BitRate blocking probability per pair and bitRate,2,500.0Gbps,24,7, ,0.0,0.0,0.0,0.0,0.0
BitRate blocking probability per pair and bitRate,2,500.0Gbps,1,18, ,0.0,0.0,0.0,0.0,0.0
BitRate blocking probability per pair and bitRate,2,500.0Gbps,19,4, ,0.0,0.0,0.0,0.0,0.0
BitRate blocking probability per pair and bitRate,2,500.0Gbps,5,1, ,0.0,0.0,0.0,0.0,0.0
BitRate blocking probability per pair and bitRate,2,500.0Gbps,5,20, ,0.0,0.0,0.0,0.0,0.0
BitRate blocking probability per pair and bitRate,2,500.0Gbps,21,24, ,0.0,0.0,0.0,0.0,0.0
BitRate blocking probability per pair and bitRate,2,500.0Gbps,9,1, ,0.0,0.0,0.0,0.0,0.0
BitRate blocking probability per pair and bitRate,2,500.0Gbps,9,21, ,0.0,0.0,0.0,0.0,0.0
BitRate blocking probability per pair and bitRate,2,500.0Gbps,14,15, ,0.0,0.0,0.0,0.0,0.0
BitRate blocking probability per pair and bitRate,2,500.0Gbps,8,4, ,0.0,0.0,0.0,0.0,0.0
BitRate blocking probability per pair and bitRate,2,500.0Gbps,8,21, ,0.0,0.0,0.0,0.0,0.0
BitRate blocking probability per pair and bitRate,2,500.0Gbps,6,3, ,0.0,0.0,0.0,0.0,0.0
BitRate blocking probability per pair and bitRate,2,500.0Gbps,9,2, ,0.0,0.0,0.0,0.0,0.0
BitRate blocking probability per pair and bitRate,2,500.0Gbps,16,2, ,0.0,0.0,0.0,0.0,0.0
BitRate blocking probability per pair and bitRate,2,500.0Gbps,9,4, ,0.0,0.0,0.0,0.0,0.0
BitRate blocking probability per pair and bitRate,2,500.0Gbps,23,21, ,0.0,0.0,0.0,0.0,0.0
BitRate blocking probability per pair and bitRate,2,500.0Gbps,19,24, ,0.0,0.0,0.0,0.0,0.0
BitRate blocking probability per pair and bitRate,2,500.0Gbps,22,15, ,0.0,0.0,0.0,0.0,0.0
BitRate blocking probability per pair and bitRate,2,500.0Gbps,23,17, ,0.0,0.0,0.0,0.0,0.0
BitRate blocking probability per pair and bitRate,2,500.0Gbps,8,11, ,0.0,0.0,0.0,0.0,0.0
BitRate blocking probability per pair and bitRate,2,500.0Gbps,24,17, ,0.0,0.0,0.0,0.0,0.0
BitRate blocking probability per pair and bitRate,2,500.0Gbps,22,18, ,0.0,0.0,0.0,0.0,0.0
BitRate blocking probability per pair and bitRate,2,500.0Gbps,5,11, ,0.0,0.0,0.0,0.0,0.0
BitRate blocking probability per pair and bitRate,2,500.0Gbps,4,8, ,0.0,0.0,0.0,0.0,0.0
BitRate blocking probability per pair and bitRate,2,500.0Gbps,23,9, ,0.0,0.0,0.0,0.0,0.0
BitRate blocking probability per pair and bitRate,2,500.0Gbps,6,12, ,0.0,0.0,0.0,0.0,0.0
BitRate blocking probability per pair and bitRate,2,500.0Gbps,4,5, ,0.0,0.0,0.0,0.0,0.0
BitRate blocking probability per pair and bitRate,2,500.0Gbps,16,9, ,0.0,0.0,0.0,0.0,0.0
BitRate blocking probability per pair and bitRate,2,500.0Gbps,16,11, ,0.0,0.0,0.0,0.0,0.0
BitRate blocking probability per pair and bitRate,2,500.0Gbps,24,20, ,0.0,0.0,0.0,0.0,0.0
BitRate blocking probability per pair and bitRate,2,500.0Gbps,12,14, ,0.0,0.0,0.0,0.0,0.0
BitRate blocking probability per pair and bitRate,2,500.0Gbps,20,5, ,0.0,0.0,0.0,0.0,0.0
BitRate blocking probability per pair and bitRate,2,500.0Gbps,11,12, ,0.0,0.0,0.0,0.0,0.0
BitRate blocking probability per pair and bitRate,2,500.0Gbps,7,14, ,0.0,0.0,0.0,0.0,0.0
BitRate blocking probability per pair and bitRate,2,500.0Gbps,10,23, ,0.0,0.0,0.0,0.0,0.0
BitRate blocking probability per pair and bitRate,2,500.0Gbps,22,20, ,0.0,0.0,0.0,0.0,0.0
BitRate blocking probability per pair and bitRate,2,500.0Gbps,17,11, ,0.0,0.0,0.0,0.0,0.0
BitRate blocking probability per pair and bitRate,2,500.0Gbps,3,10, ,0.0,0.0,0.0,0.0,0.0
BitRate blocking probability per pair and bitRate,2,500.0Gbps,17,14, ,0.0,0.0,0.0,0.0,0.0
BitRate blocking probability per pair and bitRate,2,500.0Gbps,10,7, ,0.0,0.0,0.0,0.0,0.0
BitRate blocking probability per pair and bitRate,2,500.0Gbps,3,2, ,0.0,0.0,0.0,0.0,0.0
BitRate blocking probability per pair and bitRate,2,500.0Gbps,3,5, ,0.0,0.0,0.0,0.0,0.0
BitRate blocking probability per pair and bitRate,2,500.0Gbps,22,1, ,0.0,0.0,0.0,0.0,0.0
BitRate blocking probability per pair and bitRate,2,500.0Gbps,1,14, ,0.0,0.0,0.0,0.0,0.0
BitRate blocking probability per pair and bitRate,2,500.0Gbps,24,8, ,0.0,0.0,0.0,0.0,0.0
BitRate blocking probability per pair and bitRate,2,500.0Gbps,11,21, ,0.0,0.0,0.0,0.0,0.0
BitRate blocking probability per pair and bitRate,2,500.0Gbps,20,14, ,0.0,0.0,0.0,0.0,0.0
BitRate blocking probability per pair and bitRate,2,500.0Gbps,8,6, ,0.0,0.0,0.0,0.0,0.0
BitRate blocking probability per pair and bitRate,2,500.0Gbps,21,11, ,0.0,0.0,0.0,0.0,0.0
BitRate blocking probability per pair and bitRate,2,500.0Gbps,11,8, ,0.0,0.0,0.0,0.0,0.0
BitRate blocking probability per pair and bitRate,2,500.0Gbps,21,19, ,0.0,0.0,0.0,0.0,0.0
BitRate blocking probability per pair and bitRate,2,500.0Gbps,17,1, ,0.0,0.0,0.0,0.0,0.0
BitRate blocking probability per pair and bitRate,2,500.0Gbps,11,22, ,0.0,0.0,0.0,0.0,0.0
BitRate blocking probability per pair and bitRate,2,500.0Gbps,24,21, ,0.0,0.0,0.0,0.0,0.0
BitRate blocking probability per pair and bitRate,2,500.0Gbps,19,22, ,0.0,0.0,0.0,0.0,0.0
BitRate blocking probability per pair and bitRate,2,500.0Gbps,7,12, ,0.0,0.0,0.0,0.0,0.0
BitRate blocking probability per pair and bitRate,2,500.0Gbps,7,22, ,0.0,0.0,0.0,0.0,0.0
BitRate blocking probability per pair and bitRate,2,500.0Gbps,23,5, ,0.0,0.0,0.0,0.0,0.0
BitRate blocking probability per pair and bitRate,2,500.0Gbps,21,17, ,0.0,0.0,0.0,0.0,0.0
BitRate blocking probability per pair and bitRate,2,500.0Gbps,1,11, ,0.0,0.0,0.0,0.0,0.0
BitRate blocking probability per pair and bitRate,2,500.0Gbps,18,12, ,0.0,0.0,0.0,0.0,0.0
BitRate blocking probability per pair and bitRate,2,500.0Gbps,23,10, ,0.0,0.0,0.0,0.0,0.0
BitRate blocking probability per pair and bitRate,2,500.0Gbps,18,7, ,0.0,0.0,0.0,0.0,0.0
BitRate blocking probability per pair and bitRate,2,500.0Gbps,24,22, ,0.0,0.0,0.0,0.0,0.0
BitRate blocking probability per pair and bitRate,2,500.0Gbps,21,2, ,0.0,0.0,0.0,0.0,0.0
BitRate blocking probability per pair and bitRate,2,500.0Gbps,16,4, ,0.0,0.0,0.0,0.0,0.0
BitRate blocking probability per pair and bitRate,2,500.0Gbps,10,9, ,0.0,0.0,0.0,0.0,0.0
BitRate blocking probability per pair and bitRate,2,500.0Gbps,22,5, ,0.0,0.0,0.0,0.0,0.0
BitRate blocking probability per pair and bitRate,2,500.0Gbps,9,17, ,0.0,0.0,0.0,0.0,0.0
BitRate blocking probability per pair and bitRate,2,500.0Gbps,8,20, ,0.0,0.0,0.0,0.0,0.0
BitRate blocking probability per pair and bitRate,2,500.0Gbps,1,24, ,0.0,0.0,0.0,0.0,0.0
BitRate blocking probability per pair and bitRate,2,500.0Gbps,2,14, ,0.0,0.0,0.0,0.0,0.0
BitRate blocking probability per pair and bitRate,2,500.0Gbps,5,18, ,0.0,0.0,0.0,0.0,0.0
BitRate blocking probability per pair and bitRate,2,500.0Gbps,8,9, ,0.0,0.0,0.0,0.0,0.0
BitRate blocking probability per pair and bitRate,2,500.0Gbps,9,13, ,0.0,0.0,0.0,0.0,0.0
BitRate blocking probability per pair and bitRate,2,500.0Gbps,24,13, ,0.0,0.0,0.0,0.0,0.0
BitRate blocking probability per pair and bitRate,2,500.0Gbps,2,17, ,0.0,0.0,0.0,0.0,0.0
BitRate blocking probability per pair and bitRate,2,500.0Gbps,20,1, ,0.0,0.0,0.0,0.0,0.0
BitRate blocking probability per pair and bitRate,2,500.0Gbps,19,2, ,0.0,0.0,0.0,0.0,0.0
BitRate blocking probability per pair and bitRate,2,500.0Gbps,4,3, ,0.0,0.0,0.0,0.0,0.0
BitRate blocking probability per pair and bitRate,2,500.0Gbps,22,4, ,0.0,0.0,0.0,0.0,0.14209184730085786
BitRate blocking probability per pair and bitRate,2,500.0Gbps,5,4, ,0.0,0.0,0.0,0.0,0.0
BitRate blocking probability per pair and bitRate,2,500.0Gbps,16,19, ,0.0,0.0,0.0,0.0,0.0
BitRate blocking probability per pair and bitRate,2,500.0Gbps,12,6, ,0.0,0.0,0.0,0.0,0.0
BitRate blocking probability per pair and bitRate,2,500.0Gbps,17,8, ,0.0,0.0,0.0,0.0,0.0
BitRate blocking probability per pair and bitRate,2,500.0Gbps,12,9, ,0.0,0.0,0.0,0.0,0.0
BitRate blocking probability per pair and bitRate,2,500.0Gbps,11,20, ,0.0,0.0,0.0,0.0,0.0
BitRate blocking probability per pair and bitRate,2,500.0Gbps,15,12, ,0.0,0.0,0.0,0.0,0.0
BitRate blocking probability per pair and bitRate,2,500.0Gbps,9,16, ,0.0,0.0,0.0,0.0,0.0
BitRate blocking probability per pair and bitRate,2,500.0Gbps,7,15, ,0.0,0.0,0.0,0.0,0.0
BitRate blocking probability per pair and bitRate,2,500.0Gbps,6,13, ,0.0,0.0,0.0,0.0,0.0
BitRate blocking probability per pair and bitRate,2,500.0Gbps,19,18, ,0.0,0.0,0.0,0.0,0.0
BitRate blocking probability per pair and bitRate,2,500.0Gbps,3,9, ,0.0,0.0,0.0,0.0,0.0
BitRate blocking probability per pair and bitRate,2,500.0Gbps,21,18, ,0.0,0.0,0.0,0.0,0.0
BitRate blocking probability per pair and bitRate,2,500.0Gbps,1,17, ,0.0,0.0,0.0,0.0,0.0
BitRate blocking probability per pair and bitRate,2,500.0Gbps,8,24, ,0.0,0.0,0.0,0.0,0.0
BitRate blocking probability per pair and bitRate,2,500.0Gbps,7,16, ,0.0,0.0,0.0,0.0,0.0
BitRate blocking probability per pair and bitRate,2,500.0Gbps,15,21, ,0.0,0.0,0.0,0.0,0.0
BitRate blocking probability per pair and bitRate,2,500.0Gbps,18,22, ,0.0,0.0,0.0,0.0,0.0
BitRate blocking probability per pair and bitRate,2,500.0Gbps,14,2, ,0.0,0.0,0.0,0.0,0.0
BitRate blocking probability per pair and bitRate,2,500.0Gbps,2,12, ,0.0,0.0,0.0,0.0,0.0
BitRate blocking probability per pair and bitRate,2,500.0Gbps,12,8, ,0.0,0.0,0.0,0.0,0.0
BitRate blocking probability per pair and bitRate,2,500.0Gbps,1,13, ,0.0,0.0,0.0,0.0,0.0
BitRate blocking probability per pair and bitRate,2,500.0Gbps,8,18, ,0.0,0.0,0.0,0.0,0.0
BitRate blocking probability per pair and bitRate,2,500.0Gbps,15,6, ,0.0,0.0,0.0,0.0,0.0
BitRate blocking probability per pair and bitRate,2,500.0Gbps,6,20, ,0.0,0.0,0.0,0.0,0.0
BitRate blocking probability per pair and bitRate,2,500.0Gbps,7,21, ,0.0,0.0,0.0,0.0,0.0
BitRate blocking probability per pair and bitRate,2,500.0Gbps,9,3, ,0.0,0.0,0.0,0.0,0.0
BitRate blocking probability per pair and bitRate,2,500.0Gbps,12,13, ,0.0,0.0,0.0,0.0,0.0
BitRate blocking probability per pair and bitRate,2,500.0Gbps,8,22, ,0.0,0.0,0.0,0.0,0.0
BitRate blocking probability per pair and bitRate,2,500.0Gbps,2,3, ,0.0,0.0,0.0,0.0,0.0
BitRate blocking probability per pair and bitRate,2,500.0Gbps,14,18, ,0.0,0.0,0.0,0.0,0.0
BitRate blocking probability per pair and bitRate,2,500.0Gbps,23,20, ,0.0,0.0,0.0,0.0,0.0
BitRate blocking probability per pair and bitRate,2,500.0Gbps,4,20, ,0.0,0.0,0.0,0.0,0.0
BitRate blocking probability per pair and bitRate,2,500.0Gbps,4,24, ,0.0,0.0,0.0,0.0,0.0
BitRate blocking probability per pair and bitRate,2,500.0Gbps,16,15, ,0.0,0.0,0.0,0.0,0.0
BitRate blocking probability per pair and bitRate,2,500.0Gbps,24,16, ,0.0,0.0,0.0,0.0,0.0
BitRate blocking probability per pair and bitRate,2,500.0Gbps,19,12, ,0.0,0.0,0.0,0.0,0.0
BitRate blocking probability per pair and bitRate,2,500.0Gbps,6,15, ,0.0,0.0,0.0,0.0,0.0
BitRate blocking probability per pair and bitRate,2,500.0Gbps,8,7, ,0.0,0.0,0.0,0.0,0.0
BitRate blocking probability per pair and bitRate,2,500.0Gbps,2,20, ,0.0,0.0,0.0,0.0,0.0
BitRate blocking probability per pair and bitRate,2,500.0Gbps,11,9, ,0.0,0.0,0.0,0.0,0.0
BitRate blocking probability per pair and bitRate,2,500.0Gbps,4,12, ,0.0,0.0,0.0,0.0,0.0
BitRate blocking probability per pair and bitRate,2,500.0Gbps,13,23, ,0.0,0.0,0.0,0.0,0.0
BitRate blocking probability per pair and bitRate,2,500.0Gbps,11,16, ,0.0,0.0,0.0,0.0,0.0
BitRate blocking probability per pair and bitRate,2,500.0Gbps,3,11, ,0.0,0.0,0.0,0.0,0.0
BitRate blocking probability per pair and bitRate,2,500.0Gbps,2,5, ,0.0,0.0,0.0,0.0,0.0
BitRate blocking probability per pair and bitRate,2,500.0Gbps,3,24, ,0.0,0.0,0.0,0.0,0.0
BitRate blocking probability per pair and bitRate,2,500.0Gbps,18,1, ,0.0,0.0,0.0,0.0,0.0
BitRate blocking probability per pair and bitRate,2,500.0Gbps,10,2, ,0.0,0.0,0.0,0.0,0.0
BitRate blocking probability per pair and bitRate,2,500.0Gbps,15,16, ,0.0,0.0,0.0,0.0,0.0
BitRate blocking probability per pair and bitRate,2,500.0Gbps,20,17, ,0.0,0.0,0.0,0.0,0.0
BitRate blocking probability per pair and bitRate,2,500.0Gbps,5,13, ,0.0,0.0,0.0,0.0,0.0
BitRate blocking probability per pair and bitRate,2,500.0Gbps,24,15, ,0.0,0.0,0.0,0.0,0.0
BitRate blocking probability per pair and bitRate,2,500.0Gbps,12,17, ,0.0,0.0,0.0,0.0,0.0
BitRate blocking probability per pair and bitRate,2,500.0Gbps,20,2, ,0.0,0.0,0.0,0.0,0.0
BitRate blocking probability per pair and bitRate,2,500.0Gbps,5,19, ,0.0,0.0,0.0,0.0,0.0
BitRate blocking probability per pair and bitRate,2,500.0Gbps,6,8, ,0.0,0.0,0.0,0.0,0.0
BitRate blocking probability per pair and bitRate,2,500.0Gbps,4,10, ,0.0,0.0,0.0,0.0,0.0
BitRate blocking probability per pair and bitRate,2,500.0Gbps,1,4, ,0.0,0.0,0.0,0.0,0.0
BitRate blocking probability per pair and bitRate,2,500.0Gbps,12,23, ,0.0,0.0,0.0,0.0,0.0
BitRate blocking probability per pair and bitRate,2,500.0Gbps,23,4, ,0.0,0.0,0.0,0.0,0.0
BitRate blocking probability per pair and bitRate,2,500.0Gbps,12,20, ,0.0,0.0,0.0,0.0,0.0
BitRate blocking probability per pair and bitRate,2,500.0Gbps,11,19, ,0.0,0.0,0.0,0.0,0.0
BitRate blocking probability per pair and bitRate,2,500.0Gbps,2,11, ,0.0,0.0,0.0,0.0,0.0
BitRate blocking probability per pair and bitRate,2,500.0Gbps,8,23, ,0.0,0.0,0.0,0.0,0.0
BitRate blocking probability per pair and bitRate,2,500.0Gbps,10,14, ,0.0,0.0,0.0,0.0,0.0
BitRate blocking probability per pair and bitRate,2,500.0Gbps,21,22, ,0.0,0.0,0.0,0.0,0.0
BitRate blocking probability per pair and bitRate,2,500.0Gbps,9,11, ,0.0,0.0,0.0,0.0,0.0
BitRate blocking probability per pair and bitRate,2,500.0Gbps,23,7, ,0.0,0.0,0.0,0.0,0.0
BitRate blocking probability per pair and bitRate,2,500.0Gbps,24,18, ,0.0,0.0,0.0,0.0,0.0
BitRate blocking probability per pair and bitRate,2,500.0Gbps,14,24, ,0.0,0.0,0.0,0.0,0.0
BitRate blocking probability per pair and bitRate,2,500.0Gbps,6,4, ,0.0,0.0,0.0,0.0,0.0
BitRate blocking probability per pair and bitRate,2,500.0Gbps,21,9, ,0.0,0.0,0.0,0.0,0.0
BitRate blocking probability per pair and bitRate,2,500.0Gbps,15,1, ,0.0,0.0,0.0,0.0,0.0
BitRate blocking probability per pair and bitRate,2,500.0Gbps,13,8, ,0.0,0.0,0.0,0.0,0.0
BitRate blocking probability per pair and bitRate,2,500.0Gbps,13,12, ,0.0,0.0,0.0,0.0,0.0
BitRate blocking probability per pair and bitRate,2,500.0Gbps,12,11, ,0.0,0.0,0.0,0.0,0.0
BitRate blocking probability per pair and bitRate,2,500.0Gbps,23,16, ,0.0,0.0,0.0,0.0,0.0
BitRate blocking probability per pair and bitRate,2,500.0Gbps,16,10, ,0.0,0.0,0.0,0.0,0.0
BitRate blocking probability per pair and bitRate,2,500.0Gbps,14,4, ,0.0,0.0,0.0,0.0,0.0
BitRate blocking probability per pair and bitRate,2,500.0Gbps,10,21, ,0.0,0.0,0.0,0.0,0.0
BitRate blocking probability per pair and bitRate,2,500.0Gbps,1,16, ,0.0,0.0,0.0,0.0,0.0
BitRate blocking probability per pair and bitRate,2,500.0Gbps,5,14, ,0.0,0.0,0.0,0.0,0.0
BitRate blocking probability per pair and bitRate,2,500.0Gbps,14,3, ,0.0,0.0,0.0,0.0,0.0
BitRate blocking probability per pair and bitRate,2,500.0Gbps,9,5, ,0.0,0.0,0.0,0.0,0.0
BitRate blocking probability per pair and bitRate,2,500.0Gbps,11,23, ,0.0,0.0,0.0,0.0,0.0
BitRate blocking probability per pair and bitRate,2,500.0Gbps,23,12, ,0.0,0.0,0.0,0.0,0.0
BitRate blocking probability per pair and bitRate,2,500.0Gbps,18,4, ,0.0,0.0,0.0,0.0,0.0
BitRate blocking probability per pair and bitRate,2,500.0Gbps,19,10, ,0.0,0.0,0.0,0.0,0.0
BitRate blocking probability per pair and bitRate,2,500.0Gbps,14,19, ,0.0,0.0,0.0,0.0,0.0
BitRate blocking probability per pair and bitRate,2,500.0Gbps,3,18, ,0.0,0.0,0.0,0.0,0.0
BitRate blocking probability per pair and bitRate,2,500.0Gbps,1,21, ,0.0,0.0,0.0,0.0,0.0
BitRate blocking probability per pair and bitRate,2,500.0Gbps,10,16, ,0.0,0.0,0.0,0.0,0.0
BitRate blocking probability per pair and bitRate,2,500.0Gbps,24,9, ,0.0,0.0,0.0,0.0,0.0
BitRate blocking probability per pair and bitRate,2,500.0Gbps,3,21, ,0.0,0.0,0.0,0.0,0.0
BitRate blocking probability per pair and bitRate,2,500.0Gbps,12,24, ,0.0,0.0,0.0,0.0,0.0
BitRate blocking probability per pair and bitRate,2,500.0Gbps,15,9, ,0.0,0.0,0.0,0.0,0.0
BitRate blocking probability per pair and bitRate,2,500.0Gbps,18,14, ,0.0,0.0,0.0,0.0,0.0
BitRate blocking probability per pair and bitRate,2,500.0Gbps,16,3, ,0.0,0.0,0.0,0.0,0.0
BitRate blocking probability per pair and bitRate,2,500.0Gbps,15,5, ,0.0,0.0,0.0,0.0,0.0
BitRate blocking probability per pair and bitRate,2,500.0Gbps,16,21, ,0.0,0.0,0.0,0.0,0.0
BitRate blocking probability per pair and bitRate,2,500.0Gbps,8,17, ,0.0,0.0,0.0,0.0,0.0
BitRate blocking probability per pair and bitRate,2,500.0Gbps,5,16, ,0.0,0.0,0.0,0.0,0.0
BitRate blocking probability per pair and bitRate,2,500.0Gbps,21,4, ,0.0,0.0,0.0,0.0,0.0
BitRate blocking probability per pair and bitRate,2,500.0Gbps,17,19, ,0.0,0.0,0.0,0.0,0.0
BitRate blocking probability per pair and bitRate,2,500.0Gbps,16,12, ,0.0,0.0,0.0,0.0,0.0
BitRate blocking probability per pair and bitRate,2,500.0Gbps,7,19, ,0.0,0.0,0.0,0.0,0.0
BitRate blocking probability per pair and bitRate,2,500.0Gbps,8,19, ,0.0,0.0,0.0,0.0,0.0
BitRate blocking probability per pair and bitRate,2,500.0Gbps,9,20, ,0.0,0.0,0.0,0.0,0.0
BitRate blocking probability per pair and bitRate,2,500.0Gbps,13,10, ,0.0,0.0,0.0,0.0,0.0
BitRate blocking probability per pair and bitRate,2,500.0Gbps,17,16, ,0.0,0.0,0.0,0.0,0.0
BitRate blocking probability per pair and bitRate,2,500.0Gbps,5,7, ,0.0,0.0,0.0,0.0,0.0
BitRate blocking probability per pair and bitRate,2,500.0Gbps,5,10, ,0.0,0.0,0.0,0.0,0.0
BitRate blocking probability per pair and bitRate,2,500.0Gbps,22,14, ,0.0,0.0,0.0,0.0,0.0
BitRate blocking probability per pair and bitRate,2,500.0Gbps,2,24, ,0.0,0.0,0.0,0.0,0.0
BitRate blocking probability per pair and bitRate,2,500.0Gbps,11,15, ,0.0,0.0,0.0,0.0,0.0
BitRate blocking probability per pair and bitRate,2,500.0Gbps,19,13, ,0.0,0.0,0.0,0.0,0.0
BitRate blocking probability per pair and bitRate,2,500.0Gbps,9,14, ,0.0,0.0,0.0,0.0,0.0
BitRate blocking probability per pair and bitRate,2,500.0Gbps,13,20, ,0.0,0.0,0.0,0.0,0.0
BitRate blocking probability per pair and bitRate,2,500.0Gbps,20,15, ,0.0,0.0,0.0,0.0,0.0
BitRate blocking probability per pair and bitRate,2,500.0Gbps,1,9, ,0.0,0.0,0.0,0.0,0.0
BitRate blocking probability per pair and bitRate,2,500.0Gbps,4,16, ,0.0,0.0,0.0,0.0,0.0
BitRate blocking probability per pair and bitRate,2,500.0Gbps,21,20, ,0.0,0.0,0.0,0.0,0.0
BitRate blocking probability per pair and bitRate,2,500.0Gbps,6,18, ,0.0,0.0,0.0,0.0,0.0
BitRate blocking probability per pair and bitRate,2,500.0Gbps,3,20, ,0.0,0.0,0.0,0.0,0.0
BitRate blocking probability per pair and bitRate,2,500.0Gbps,21,10, ,0.0,0.0,0.0,0.0,0.0
BitRate blocking probability per pair and bitRate,2,500.0Gbps,2,19, ,0.0,0.0,0.0,0.0,0.0
BitRate blocking probability per pair and bitRate,2,500.0Gbps,7,17, ,0.0,0.0,0.0,0.0,0.0
BitRate blocking probability per pair and bitRate,2,500.0Gbps,14,5, ,0.0,0.0,0.0,0.0,0.0
BitRate blocking probability per pair and bitRate,2,500.0Gbps,7,13, ,0.0,0.0,0.0,0.0,0.0
BitRate blocking probability per pair and bitRate,2,500.0Gbps,5,15, ,0.0,0.0,0.0,0.0,0.0
BitRate blocking probability per pair and bitRate,2,500.0Gbps,18,8, ,0.0,0.0,0.0,0.0,0.0
BitRate blocking probability per pair and bitRate,2,500.0Gbps,19,17, ,0.0,0.0,0.0,0.0,0.0
BitRate blocking probability per pair and bitRate,2,500.0Gbps,19,21, ,0.0,0.0,0.0,0.0,0.0
BitRate blocking probability per pair and bitRate,2,500.0Gbps,19,3, ,0.0,0.0,0.0,0.0,0.0
BitRate blocking probability per pair and bitRate,2,500.0Gbps,13,19, ,0.0,0.0,0.0,0.0,0.0
BitRate blocking probability per pair and bitRate,2,500.0Gbps,12,18, ,0.0,0.0,0.0,0.0,0.0
BitRate blocking probability per pair and bitRate,2,500.0Gbps,13,3, ,0.0,0.0,0.0,0.0,0.0
BitRate blocking probability per pair and bitRate,2,500.0Gbps,7,18, ,0.0,0.0,0.0,0.0,0.0
BitRate blocking probability per pair and bitRate,2,500.0Gbps,17,12, ,0.0,0.0,0.0,0.0,0.0
BitRate blocking probability per pair and bitRate,2,500.0Gbps,13,9, ,0.0,0.0,0.0,0.0,0.0
BitRate blocking probability per pair and bitRate,2,500.0Gbps,6,22, ,0.05358496668387435,0.0,0.0,0.0,0.0
BitRate blocking probability per pair and bitRate,2,500.0Gbps,1,15, ,0.0,0.0,0.0,0.0,0.0
BitRate blocking probability per pair and bitRate,2,500.0Gbps,3,19, ,0.0,0.0,0.0,0.0,0.0
BitRate blocking probability per pair and bitRate,2,500.0Gbps,12,4, ,0.0,0.0,0.0,0.0,0.0
BitRate blocking probability per pair and bitRate,2,500.0Gbps,16,24, ,0.0,0.0,0.0,0.0,0.0
BitRate blocking probability per pair and bitRate,2,500.0Gbps,6,10, ,0.0,0.0,0.0,0.0,0.0
BitRate blocking probability per pair and bitRate,2,500.0Gbps,2,18, ,0.0,0.0,0.0,0.0,0.0
BitRate blocking probability per pair and bitRate,2,500.0Gbps,18,21, ,0.0,0.0,0.0,0.0,0.0
BitRate blocking probability per pair and bitRate,2,500.0Gbps,18,3, ,0.0,0.0,0.0,0.0,0.0
BitRate blocking probability per pair and bitRate,2,500.0Gbps,15,18, ,0.0,0.0,0.0,0.0,0.0
BitRate blocking probability per pair and bitRate,2,500.0Gbps,4,14, ,0.0,0.0,0.0,0.0,0.0
BitRate blocking probability per pair and bitRate,2,500.0Gbps,7,20, ,0.0,0.0,0.0,0.0,0.0
BitRate blocking probability per pair and bitRate,2,500.0Gbps,13,15, ,0.0,0.0,0.0,0.0,0.0
BitRate blocking probability per pair and bitRate,2,500.0Gbps,13,21, ,0.0,0.0,0.0,0.0,0.0
BitRate blocking probability per pair and bitRate,2,500.0Gbps,15,14, ,0.0,0.0,0.0,0.0,0.0
BitRate blocking probability per pair and bitRate,2,500.0Gbps,3,15, ,0.0,0.0,0.0,0.0,0.0
BitRate blocking probability per pair and bitRate,2,500.0Gbps,18,5, ,0.0,0.0,0.0,0.0,0.0
BitRate blocking probability per pair and bitRate,2,500.0Gbps,12,1, ,0.0,0.0,0.0,0.0,0.0
BitRate blocking probability per pair and bitRate,2,500.0Gbps,6,7, ,0.0,0.0,0.0,0.0,0.0
BitRate blocking probability per pair and bitRate,2,500.0Gbps,24,3, ,0.0,0.0,0.0,0.0,0.0
BitRate blocking probability per pair and bitRate,2,500.0Gbps,19,5, ,0.0,0.0,0.0,0.0,0.0
BitRate blocking probability per pair and bitRate,2,500.0Gbps,20,19, ,0.0,0.0,0.0,0.0,0.0
BitRate blocking probability per pair and bitRate,2,500.0Gbps,5,17, ,0.0,0.0,0.0,0.0,0.0
BitRate blocking probability per pair and bitRate,2,500.0Gbps,20,12, ,0.0,0.0,0.0,0.0,0.0
BitRate blocking probability per pair and bitRate,2,500.0Gbps,4,22, ,0.0,0.0,0.0,0.0,0.0
BitRate blocking probability per pair and bitRate,2,500.0Gbps,7,8, ,0.0,0.0,0.0,0.0,0.0
BitRate blocking probability per pair and bitRate,2,500.0Gbps,14,1, ,0.0,0.0,0.0,0.0,0.0
BitRate blocking probability per pair and bitRate,2,500.0Gbps,20,21, ,0.0,0.0,0.0,0.0,0.0
BitRate blocking probability per pair and bitRate,2,500.0Gbps,1,6, ,0.0,0.0,0.0,0.0,0.0
BitRate blocking probability per pair and bitRate,2,500.0Gbps,13,2, ,0.0,0.0,0.0,0.0,0.0
BitRate blocking probability per pair and bitRate,2,500.0Gbps,14,20, ,0.0,0.0,0.0,0.0,0.0
BitRate blocking probability per pair and bitRate,2,500.0Gbps,16,20, ,0.0,0.0,0.0,0.0,0.0
BitRate blocking probability per pair and bitRate,2,500.0Gbps,18,15, ,0.0,0.0,0.0,0.0,0.0
BitRate blocking probability per pair and bitRate,2,500.0Gbps,6,2, ,0.0,0.0,0.0,0.0,0.0
BitRate blocking probability per pair and bitRate,2,500.0Gbps,9,15, ,0.0,0.0,0.0,0.0,0.0
BitRate blocking probability per pair and bitRate,2,500.0Gbps,15,17, ,0.0,0.0,0.0,0.0,0.0
BitRate blocking probability per pair and bitRate,2,500.0Gbps,18,2, ,0.0,0.0,0.0,0.0,0.0
BitRate blocking probability per pair and bitRate,2,500.0Gbps,15,24, ,0.0,0.0,0.0,0.0,0.0
BitRate blocking probability per pair and bitRate,2,500.0Gbps,7,10, ,0.0,0.0,0.0,0.0,0.0
BitRate blocking probability per pair and bitRate,2,500.0Gbps,14,21, ,0.0,0.0,0.0,0.0,0.0
BitRate blocking probability per pair and bitRate,2,500.0Gbps,23,15, ,0.0,0.0,0.0,0.0,0.0
BitRate blocking probability per pair and bitRate,2,500.0Gbps,11,1, ,0.0,0.0,0.0,0.0,0.0
BitRate blocking probability per pair and bitRate,2,500.0Gbps,19,20, ,0.0,0.0,0.0,0.0,0.0
BitRate blocking probability per pair and bitRate,2,500.0Gbps,1,8, ,0.0,0.0,0.0,0.0,0.0
BitRate blocking probability per pair and bitRate,2,500.0Gbps,16,1, ,0.0,0.0,0.0,0.0,0.0
BitRate blocking probability per pair and bitRate,2,500.0Gbps,24,5, ,0.0,0.0,0.0,0.0,0.0
BitRate blocking probability per pair and bitRate,2,500.0Gbps,2,4, ,0.0,0.0,0.0,0.0,0.0
BitRate blocking probability per pair and bitRate,2,500.0Gbps,10,5, ,0.0,0.0,0.0,0.0,0.0
BitRate blocking probability per pair and bitRate,2,500.0Gbps,21,7, ,0.0,0.0,0.0,0.0,0.0
BitRate blocking probability per pair and bitRate,2,500.0Gbps,23,11, ,0.0,0.0,0.0,0.0,0.0
BitRate blocking probability per pair and bitRate,2,500.0Gbps,19,6, ,0.0,0.0,0.0,0.0,0.0
BitRate blocking probability per pair and bitRate,2,500.0Gbps,10,17, ,0.0,0.0,0.0,0.0,0.0
BitRate blocking probability per pair and bitRate,2,500.0Gbps,3,8, ,0.0,0.0,0.0,0.0,0.0
BitRate blocking probability per pair and bitRate,2,500.0Gbps,3,23, ,0.0,0.0,0.0,0.0,0.0
BitRate blocking probability per pair and bitRate,2,500.0Gbps,17,9, ,0.0,0.0,0.0,0.0,0.0
BitRate blocking probability per pair and bitRate,2,500.0Gbps,9,18, ,0.0,0.0,0.0,0.0,0.0
BitRate blocking probability per pair and bitRate,2,500.0Gbps,1,3, ,0.0,0.0,0.0,0.0,0.0
BitRate blocking probability per pair and bitRate,2,500.0Gbps,10,20, ,0.0,0.0,0.0,0.0,0.0
BitRate blocking probability per pair and bitRate,2,500.0Gbps,21,6, ,0.0,0.0,0.0,0.0,0.0
BitRate blocking probability per pair and bitRate,2,500.0Gbps,8,5, ,0.0,0.0,0.0,0.0,0.0
BitRate blocking probability per pair and bitRate,2,500.0Gbps,9,8, ,0.0,0.0,0.0,0.0,0.0
BitRate blocking probability per pair and bitRate,2,500.0Gbps,24,4, ,0.0,0.0,0.0,0.0,0.0
BitRate blocking probability per pair and bitRate,2,500.0Gbps,1,12, ,0.0,0.0,0.0,0.0,0.0
BitRate blocking probability per pair and bitRate,2,500.0Gbps,11,5, ,0.0,0.0,0.0,0.0,0.0
BitRate blocking probability per pair and bitRate,2,500.0Gbps,22,7, ,0.0,0.0,0.0,0.0,0.0
BitRate blocking probability per pair and bitRate,2,500.0Gbps,22,8, ,0.0,0.0,0.0,0.0,0.0
BitRate blocking probability per pair and bitRate,2,500.0Gbps,20,22, ,0.0,0.0,0.0,0.0,0.0
BitRate blocking probability per pair and bitRate,2,500.0Gbps,13,24, ,0.0,0.0,0.0,0.0,0.0
BitRate blocking probability per pair and bitRate,2,500.0Gbps,1,7, ,0.0,0.0,0.0,0.0,0.0
BitRate blocking probability per pair and bitRate,2,500.0Gbps,17,20, ,0.0,0.0,0.0,0.0,0.0
BitRate blocking probability per pair and bitRate,2,500.0Gbps,16,18, ,0.0,0.0,0.0,0.0,0.0
BitRate blocking probability per pair and bitRate,2,500.0Gbps,16,8, ,0.0,0.0,0.0,0.0,0.0
BitRate blocking probability per pair and bitRate,2,500.0Gbps,12,15, ,0.0,0.0,0.0,0.0,0.0
BitRate blocking probability per pair and bitRate,2,500.0Gbps,17,5, ,0.0,0.0,0.0,0.0,0.0
BitRate blocking probability per pair and bitRate,2,500.0Gbps,23,14, ,0.0,0.0,0.0,0.0,0.0
BitRate blocking probability per pair and bitRate,2,500.0Gbps,1,19, ,0.0,0.0,0.0,0.0,0.0
BitRate blocking probability per pair and bitRate,2,500.0Gbps,17,7, ,0.0,0.0,0.0,0.0,0.0
BitRate blocking probability per pair and bitRate,2,500.0Gbps,18,9, ,0.0,0.0,0.0,0.0,0.0
BitRate blocking probability per pair and bitRate,2,500.0Gbps,18,23, ,0.0,0.0,0.0,0.0,0.0
BitRate blocking probability per pair and bitRate,2,500.0Gbps,13,22, ,0.0,0.0,0.0,0.0,0.0
BitRate blocking probability per pair and bitRate,2,500.0Gbps,7,6, ,0.0,0.0,0.0,0.0,0.0
BitRate blocking probability per pair and bitRate,2,500.0Gbps,9,23, ,0.0,0.0,0.0,0.0,0.0
BitRate blocking probability per pair and bitRate,2,500.0Gbps,13,6, ,0.0,0.0,0.0,0.0,0.0
BitRate blocking probability per pair and bitRate,2,500.0Gbps,15,8, ,0.0,0.0,0.0,0.0,0.0
BitRate blocking probability per pair and bitRate,2,500.0Gbps,13,14, ,0.0,0.0,0.0,0.0,0.0
BitRate blocking probability per pair and bitRate,2,500.0Gbps,20,3, ,0.0,0.0,0.0,0.0,0.0
BitRate blocking probability per pair and bitRate,2,500.0Gbps,21,16, ,0.0,0.0,0.0,0.0,0.0
BitRate blocking probability per pair and bitRate,2,500.0Gbps,3,16, ,0.0,0.0,0.0,0.0,0.0
BitRate blocking probability per pair and bitRate,2,500.0Gbps,22,13, ,0.0,0.0,0.0,0.0,0.0
BitRate blocking probability per pair and bitRate,2,500.0Gbps,3,14, ,0.0,0.0,0.0,0.0,0.0
BitRate blocking probability per pair and bitRate,2,500.0Gbps,3,7, ,0.0,0.0,0.0,0.0,0.0
BitRate blocking probability per pair and bitRate,2,500.0Gbps,10,22, ,0.0,0.0,0.0,0.0,0.0
BitRate blocking probability per pair and bitRate,2,500.0Gbps,8,10, ,0.0,0.0,0.0,0.0,0.0
BitRate blocking probability per pair and bitRate,2,500.0Gbps,22,6, ,0.0,0.0,0.0,0.0,0.0
BitRate blocking probability per pair and bitRate,2,500.0Gbps,5,2, ,0.0,0.0,0.0,0.0,0.0
BitRate blocking probability per pair and bitRate,2,500.0Gbps,13,5, ,0.0,0.0,0.0,0.0,0.0
BitRate blocking probability per pair and bitRate,2,500.0Gbps,23,8, ,0.0,0.0,0.0,0.0,0.0
BitRate blocking probability per pair and bitRate,2,500.0Gbps,13,11, ,0.0,0.0,0.0,0.0,0.0
BitRate blocking probability per pair and bitRate,2,500.0Gbps,13,7, ,0.0,0.0,0.0,0.0,0.0
BitRate blocking probability per pair and bitRate,2,500.0Gbps,3,13, ,0.0,0.0,0.0,0.0,0.0
BitRate blocking probability per pair and bitRate,2,500.0Gbps,10,12, ,0.0,0.0,0.0,0.0,0.0
BitRate blocking probability per pair and bitRate,2,500.0Gbps,24,11, ,0.0,0.0,0.0,0.0,0.0
BitRate blocking probability per pair and bitRate,2,500.0Gbps,9,7, ,0.0,0.0,0.0,0.0,0.0
BitRate blocking probability per pair and bitRate,2,500.0Gbps,24,12, ,0.0,0.0,0.0,0.0,0.0
BitRate blocking probability per pair and bitRate,2,500.0Gbps,15,3, ,0.0,0.0,0.0,0.0,0.0
BitRate blocking probability per pair and bitRate,2,500.0Gbps,22,11, ,0.0,0.0,0.0,0.0,0.0
BitRate blocking probability per pair and bitRate,2,500.0Gbps,18,19, ,0.0,0.0,0.0,0.0,0.0
BitRate blocking probability per pair and bitRate,2,500.0Gbps,16,7, ,0.0,0.0,0.0,0.0,0.0
BitRate blocking probability per pair and bitRate,2,500.0Gbps,5,24, ,0.0,0.0,0.0,0.0,0.0
BitRate blocking probability per pair and bitRate,2,500.0Gbps,10,19, ,0.0,0.0,0.0,0.0,0.0
BitRate blocking probability per pair and bitRate,2,500.0Gbps,23,13, ,0.0,0.0,0.0,0.0,0.0
BitRate blocking probability per pair and bitRate,2,500.0Gbps,12,3, ,0.0,0.0,0.0,0.0,0.0
BitRate blocking probability per pair and bitRate,2,500.0Gbps,9,10, ,0.0,0.0,0.0,0.0,0.0
BitRate blocking probability per pair and bitRate,2,500.0Gbps,4,18, ,0.0,0.0,0.0,0.0,0.0
BitRate blocking probability per pair and bitRate,2,500.0Gbps,4,19, ,0.0,0.0,0.0,0.0,0.0
BitRate blocking probability per pair and bitRate,2,500.0Gbps,17,15, ,0.0,0.0,0.0,0.0,0.0
BitRate blocking probability per pair and bitRate,2,500.0Gbps,2,22, ,0.0,0.0,0.0,0.0,0.0
BitRate blocking probability per pair and bitRate,2,500.0Gbps,11,17, ,0.0,0.0,0.0,0.0,0.0
BitRate blocking probability per pair and bitRate,2,500.0Gbps,18,13, ,0.0,0.0,0.0,0.0,0.0
BitRate blocking probability per pair and bitRate,2,500.0Gbps,24,10, ,0.0,0.0,0.0,0.0,0.0
BitRate blocking probability per pair and bitRate,2,500.0Gbps,11,13, ,0.0,0.0,0.0,0.0,0.0
BitRate blocking probability per pair and bitRate,2,500.0Gbps,12,22, ,0.0,0.0,0.0,0.0,0.0
BitRate blocking probability per pair and bitRate,2,500.0Gbps,20,23, ,0.0,0.0,0.0,0.0,0.0
BitRate blocking probability per pair and bitRate,2,500.0Gbps,4,7, ,0.0,0.0,0.0,0.0,0.0
BitRate blocking probability per pair and bitRate,2,500.0Gbps,9,12, ,0.0,0.0,0.0,0.0,0.0
BitRate blocking probability per pair and bitRate,2,500.0Gbps,4,13, ,0.0,0.0,0.0,0.0,0.0
BitRate blocking probability per pair and bitRate,2,500.0Gbps,20,13, ,0.0,0.0,0.0,0.0,0.0
BitRate blocking probability per pair and bitRate,2,500.0Gbps,10,3, ,0.0,0.0,0.0,0.0,0.0
BitRate blocking probability per pair and bitRate,2,500.0Gbps,21,3, ,0.0,0.0,0.0,0.0,0.0
BitRate blocking probability per pair and bitRate,2,500.0Gbps,7,9, ,0.0,0.0,0.0,0.0,0.0
BitRate blocking probability per pair and bitRate,2,500.0Gbps,12,19, ,0.0,0.0,0.0,0.0,0.0
BitRate blocking probability per pair and bitRate,2,500.0Gbps,19,16, ,0.0,0.0,0.0,0.0,0.0
BitRate blocking probability per pair and bitRate,2,500.0Gbps,20,11, ,0.0,0.0,0.0,0.0,0.0
BitRate blocking probability per pair and bitRate,2,500.0Gbps,22,9, ,0.0,0.0,0.0,0.0,0.0
BitRate blocking probability per pair and bitRate,2,500.0Gbps,7,11, ,0.0,0.0,0.0,0.0,0.0
BitRate blocking probability per pair and bitRate,2,500.0Gbps,6,1, ,0.0,0.0,0.0,0.0,0.0
BitRate blocking probability per pair and bitRate,2,500.0Gbps,6,14, ,0.0,0.0,0.0,0.0,0.0
BitRate blocking probability per pair and bitRate,2,500.0Gbps,21,1, ,0.0,0.0,0.0,0.0,0.0
BitRate blocking probability per pair and bitRate,2,500.0Gbps,4,23, ,0.0,0.0,0.0,0.0,0.0
BitRate blocking probability per pair and bitRate,2,500.0Gbps,1,5, ,0.0,0.0,0.0,0.0,0.0
BitRate blocking probability per pair and bitRate,2,500.0Gbps,3,22, ,0.0,0.0,0.0,0.0,0.0
BitRate blocking probability per pair and bitRate,2,500.0Gbps,5,23, ,0.0,0.0,0.0,0.0,0.0
BitRate blocking probability per pair and bitRate,2,500.0Gbps,14,9, ,0.0,0.0,0.0,0.0,0.0
BitRate blocking probability per pair and bitRate,2,500.0Gbps,23,6, ,0.0,0.0,0.0,0.0,0.0
BitRate blocking probability per pair and bitRate,2,500.0Gbps,6,19, ,0.0,0.0,0.0,0.0,0.0
BitRate blocking probability per pair and bitRate,2,500.0Gbps,14,13, ,0.0,0.0,0.0,0.0,0.0
BitRate blocking probability per pair and bitRate,2,500.0Gbps,14,11, ,0.0,0.0,0.0,0.0,0.0
BitRate blocking probability per pair and bitRate,2,500.0Gbps,12,21, ,0.0,0.0,0.0,0.0,0.0
BitRate blocking probability per pair and bitRate,2,500.0Gbps,2,8, ,0.0,0.0,0.0,0.0,0.0
BitRate blocking probability per pair and bitRate,2,500.0Gbps,16,13, ,0.0,0.0,0.0,0.0,0.0
BitRate blocking probability per pair and bitRate,2,500.0Gbps,20,18, ,0.0,0.0,0.0,0.0,0.0
BitRate blocking probability per pair and bitRate,2,500.0Gbps,6,9, ,0.0,0.0,0.0,0.0,0.0
BitRate blocking probability per pair and bitRate,2,500.0Gbps,6,23, ,0.0,0.0,0.0,0.0,0.0
BitRate blocking probability per pair and bitRate,2,500.0Gbps,10,4, ,0.0,0.0,0.0,0.0,0.0
BitRate blocking probability per pair and bitRate,2,500.0Gbps,17,23, ,0.0,0.0,0.0,0.0,0.0
BitRate blocking probability per pair and bitRate,2,500.0Gbps,17,18, ,0.0,0.0,0.0,0.0,0.0
BitRate blocking probability per pair and bitRate,2,500.0Gbps,14,12, ,0.0,0.0,0.0,0.0,0.0
BitRate blocking probability per pair and bitRate,2,500.0Gbps,14,17, ,0.0,0.0,0.0,0.0,0.0
BitRate blocking probability per pair and bitRate,2,500.0Gbps,19,7, ,0.0,0.0,0.0,0.0,0.0
BitRate blocking probability per pair and bitRate,2,500.0Gbps,7,24, ,0.0,0.0,0.0,0.0,0.0
BitRate blocking probability per pair and bitRate,2,500.0Gbps,11,18, ,0.0,0.0,0.0,0.0,0.0
BitRate blocking probability per pair and bitRate,2,500.0Gbps,11,10, ,0.0,0.0,0.0,0.0,0.0
BitRate blocking probability per pair and bitRate,2,500.0Gbps,14,22, ,0.0,0.0,0.0,0.0,0.0
BitRate blocking probability per pair and bitRate,2,500.0Gbps,4,9, ,0.0,0.0,0.0,0.0,0.0
BitRate blocking probability per pair and bitRate,2,500.0Gbps,22,21, ,0.0,0.0,0.0,0.0,0.0
BitRate blocking probability per pair and bitRate,2,500.0Gbps,22,24, ,0.0,0.0,0.0,0.0,0.0
BitRate blocking probability per pair and bitRate,2,500.0Gbps,8,15, ,0.0,0.0,0.0,0.0,0.0
BitRate blocking probability per pair and bitRate,2,500.0Gbps,12,5, ,0.0,0.0,0.0,0.0,0.0
BitRate blocking probability per pair and bitRate,2,500.0Gbps,7,23, ,0.0,0.0,0.0,0.0,0.0
BitRate blocking probability per pair and bitRate,2,500.0Gbps,24,14, ,0.0,0.0,0.0,0.0,0.0
BitRate blocking probability per pair and bitRate,2,500.0Gbps,1,2, ,0.0,0.0,0.0,0.0,0.0
BitRate blocking probability per pair and bitRate,2,500.0Gbps,15,22, ,0.0,0.0,0.0,0.0,0.0
BitRate blocking probability per pair and bitRate,2,500.0Gbps,19,14, ,0.0,0.0,0.0,0.0,0.0
BitRate blocking probability per pair and bitRate,2,500.0Gbps,21,23, ,0.0,0.0,0.0,0.0,0.0
BitRate blocking probability per pair and bitRate,2,500.0Gbps,8,1, ,0.0,0.0,0.0,0.0,0.0
BitRate blocking probability per pair and bitRate,2,500.0Gbps,18,10, ,0.0,0.0,0.0,0.0,0.0
BitRate blocking probability per pair and bitRate,2,500.0Gbps,17,3, ,0.0,0.0,0.0,0.0,0.0
BitRate blocking probability per pair and bitRate,2,500.0Gbps,5,9, ,0.0,0.0,0.0,0.0,0.0
BitRate blocking probability per pair and bitRate,2,500.0Gbps,19,8, ,0.0,0.0,0.0,0.0,0.0
BitRate blocking probability per pair and bitRate,2,500.0Gbps,4,21, ,0.0,0.0,0.0,0.0,0.0
BitRate blocking probability per pair and bitRate,2,500.0Gbps,8,16, ,0.0,0.0,0.0,0.0,0.0
BitRate blocking probability per pair and bitRate,2,500.0Gbps,5,12, ,0.0,0.0,0.0,0.0,0.0
BitRate blocking probability per pair and bitRate,2,500.0Gbps,6,16, ,0.0,0.0,0.0,0.0,0.0
BitRate blocking probability per pair and bitRate,2,500.0Gbps,20,10, ,0.0,0.0,0.0,0.0,0.0
BitRate blocking probability per pair and bitRate,2,500.0Gbps,2,15, ,0.0,0.0,0.0,0.0,0.0
BitRate blocking probability per pair and bitRate,2,500.0Gbps,20,6, ,0.0,0.0,0.0,0.0,0.0
BitRate blocking probability per pair and bitRate,2,500.0Gbps,21,13, ,0.0,0.0,0.0,0.0,0.0
BitRate blocking probability per pair and bitRate,2,500.0Gbps,6,21, ,0.0,0.0,0.0,0.0,0.0
BitRate blocking probability per pair and bitRate,2,500.0Gbps,18,16, ,0.0,0.0,0.0,0.0,0.0
BitRate blocking probability per pair and bitRate,2,500.0Gbps,5,21, ,0.0,0.0,0.0,0.0,0.0
BitRate blocking probability per pair and bitRate,2,500.0Gbps,15,11, ,0.0,0.0,0.0,0.0,0.0
BitRate blocking probability per pair and bitRate,2,500.0Gbps,8,12, ,0.0,0.0,0.0,0.0,0.0
BitRate blocking probability per pair and bitRate,2,500.0Gbps,19,1, ,0.0,0.0,0.0,0.0,0.0
BitRate blocking probability per pair and bitRate,2,500.0Gbps,21,14, ,0.0,0.0,0.0,0.0,0.0
BitRate blocking probability per pair and bitRate,2,500.0Gbps,2,13, ,0.0,0.0,0.0,0.0,0.0
BitRate blocking probability per pair and bitRate,2,500.0Gbps,17,6, ,0.0,0.0,0.0,0.0,0.0
BitRate blocking probability per pair and bitRate,2,500.0Gbps,24,1, ,0.0,0.0,0.0,0.0,0.0
BitRate blocking probability per pair and bitRate,2,500.0Gbps,8,3, ,0.0,0.0,0.0,0.0,0.0
BitRate blocking probability per pair and bitRate,2,500.0Gbps,1,22, ,0.0,0.0,0.0,0.0,0.0
BitRate blocking probability per pair and bitRate,2,500.0Gbps,23,3, ,0.0,0.0,0.0,0.0,0.0
BitRate blocking probability per pair and bitRate,2,500.0Gbps,2,1, ,0.0,0.0,0.0,0.0,0.0
BitRate blocking probability per pair and bitRate,2,500.0Gbps,15,23, ,0.0,0.0,0.0,0.0,0.0
BitRate blocking probability per pair and bitRate,2,500.0Gbps,19,15, ,0.0,0.0,0.0,0.0,0.0
BitRate blocking probability per pair and bitRate,2,500.0Gbps,2,23, ,0.0,0.0,0.0,0.0,0.0
BitRate blocking probability per pair and bitRate,2,500.0Gbps,13,17, ,0.0,0.0,0.0,0.0,0.0
BitRate blocking probability per pair and bitRate,2,500.0Gbps,1,10, ,0.0,0.0,0.0,0.0,0.0
BitRate blocking probability per pair and bitRate,2,500.0Gbps,5,22, ,0.0,0.0,0.0,0.0,0.0
BitRate blocking probability per pair and bitRate,2,500.0Gbps,18,24, ,0.0,0.0,0.0,0.0,0.0
BitRate blocking probability per pair and bitRate,2,500.0Gbps,19,23, ,0.0,0.0,0.0,0.0,0.0
BitRate blocking probability per pair and bitRate,2,500.0Gbps,20,8, ,0.0,0.0,0.0,0.0,0.0
BitRate blocking probability per pair and bitRate,2,500.0Gbps,10,6, ,0.0,0.0,0.0,0.0,0.0
BitRate blocking probability per pair and bitRate,2,500.0Gbps,2,6, ,0.0,0.0,0.0,0.0,0.0
BitRate blocking probability per pair and bitRate,2,500.0Gbps,16,14, ,0.0,0.0,0.0,0.0,0.0
BitRate blocking probability per pair and bitRate,2,500.0Gbps,24,19, ,0.0,0.0,0.0,0.0,0.0
BitRate blocking probability per pair and bitRate,2,500.0Gbps,23,19, ,0.0,0.0,0.0,0.0,0.0
BitRate blocking probability per pair and bitRate,2,500.0Gbps,12,2, ,0.0,0.0,0.0,0.0,0.0
BitRate blocking probability per pair and bitRate,2,500.0Gbps,23,1, ,0.0,0.0,0.0,0.0,0.0
BitRate blocking probability per pair and bitRate,2,500.0Gbps,15,7, ,0.0,0.0,0.0,0.0,0.0
BitRate blocking probability per pair and bitRate,2,500.0Gbps,22,12, ,0.0,0.0,0.0,0.0,0.0
BitRate blocking probability per pair and bitRate,2,500.0Gbps,3,6, ,0.0,0.0,0.0,0.0,0.0
BitRate blocking probability per pair and bitRate,2,500.0Gbps,4,2, ,0.0,0.0,0.0,0.0,0.0
BitRate blocking probability per pair and bitRate,2,500.0Gbps,13,1, ,0.0,0.0,0.0,0.0,0.0
BitRate blocking probability per pair and bitRate,2,500.0Gbps,6,5, ,0.0,0.0,0.0,0.0,0.0
BitRate blocking probability per pair and bitRate,2,500.0Gbps,16,22, ,0.0,0.0,0.0,0.0,0.0
BitRate blocking probability per pair and bitRate,2,500.0Gbps,7,5, ,0.0,0.0,0.0,0.0,0.0
BitRate blocking probability per pair and bitRate,2,500.0Gbps,6,24, ,0.0,0.0,0.0,0.0,0.0
BitRate blocking probability per pair and bitRate,2,500.0Gbps,18,17, ,0.0,0.0,0.0,0.0,0.0
BitRate blocking probability per pair and bitRate,2,500.0Gbps,22,3, ,0.0,0.0,0.0,0.0,0.0
BitRate blocking probability per pair and bitRate,2,500.0Gbps,13,4, ,0.0,0.0,0.0,0.0,0.0
BitRate blocking probability per pair and bitRate,2,500.0Gbps,16,5, ,0.0,0.0,0.0,0.0,0.0
BitRate blocking probability per pair and bitRate,2,500.0Gbps,18,11, ,0.0,0.0,0.0,0.0,0.0
BitRate blocking probability per pair and bitRate,2,500.0Gbps,6,11, ,0.0,0.0,0.0,0.0,0.0
BitRate blocking probability per pair and bitRate,2,500.0Gbps,17,13, ,0.0,0.0,0.0,0.0,0.0
BitRate blocking probability per pair and bitRate,2,500.0Gbps,7,3, ,0.0,0.0,0.0,0.0,0.0
BitRate blocking probability per pair and bitRate,2,500.0Gbps,22,23, ,0.0,0.0,0.0,0.0,0.0
BitRate blocking probability per pair and bitRate,2,500.0Gbps,10,13, ,0.0,0.0,0.0,0.0,0.0
BitRate blocking probability per pair and bitRate,2,500.0Gbps,14,7, ,0.0,0.0,0.0,0.0,0.0
BitRate blocking probability per pair and bitRate,2,500.0Gbps,20,16, ,0.0,0.0,0.0,0.0,0.0
BitRate blocking probability per pair and bitRate,2,500.0Gbps,14,8, ,0.0,0.0,0.0,0.0,0.0
BitRate blocking probability per pair and bitRate,2,500.0Gbps,7,4, ,0.0,0.0,0.0,0.0,0.0
BitRate blocking probability per pair and bitRate,2,500.0Gbps,8,14, ,0.0,0.0,0.0,0.0,0.0
BitRate blocking probability per pair and bitRate,2,500.0Gbps,3,12, ,0.0,0.0,0.0,0.0,0.0
BitRate blocking probability per pair and bitRate,2,500.0Gbps,7,2, ,0.0,0.0,0.0,0.0,0.0
BitRate blocking probability per pair and bitRate,2,500.0Gbps,10,11, ,0.0,0.0,0.0,0.0,0.0
BitRate blocking probability per pair and bitRate,2,500.0Gbps,11,14, ,0.0,0.0,0.0,0.0,0.0
BitRate blocking probability per pair and bitRate,2,500.0Gbps,20,24, ,0.0,0.0,0.0,0.0,0.0
BitRate blocking probability per pair and bitRate,2,500.0Gbps,20,4, ,0.0,0.0,0.0,0.0,0.0
BitRate blocking probability per pair and bitRate,2,500.0Gbps,23,2, ,0.0,0.0,0.0,0.0,0.0
BitRate blocking probability per pair and bitRate,2,500.0Gbps,22,2, ,0.0,0.0,0.0,0.0,0.0
BitRate blocking probability per pair and bitRate,2,500.0Gbps,22,19, ,0.0,0.0,0.0,0.0,0.0
BitRate blocking probability per pair and bitRate,2,500.0Gbps,24,23, ,0.0,0.0,0.0,0.0,0.0
BitRate blocking probability per pair and bitRate,2,500.0Gbps,6,17, ,0.0,0.0,0.0,0.0,0.0
BitRate blocking probability per pair and bitRate,2,500.0Gbps,4,15, ,0.0,0.0,0.0,0.0,0.0
BitRate blocking probability per pair and bitRate,2,500.0Gbps,20,7, ,0.0,0.0,0.0,0.0,0.0
BitRate blocking probability per pair and bitRate,2,500.0Gbps,10,8, ,0.0,0.0,0.0,0.0,0.0
BitRate blocking probability per pair and bitRate,2,500.0Gbps,10,24, ,0.0,0.0,0.0,0.0,0.0
BitRate blocking probability per pair and bitRate,2,500.0Gbps,12,16, ,0.0,0.0,0.0,0.0,0.0
BitRate blocking probability per pair and bitRate,2,500.0Gbps,8,13, ,0.0,0.0,0.0,0.0,0.0
BitRate blocking probability per pair and bitRate,2,500.0Gbps,11,4, ,0.0,0.0,0.0,0.0,0.0
BitRate blocking probability per pair and bitRate,2,500.0Gbps,22,17, ,0.0,0.0,0.0,0.0,0.0
BitRate blocking probability per pair and bitRate,2,500.0Gbps,4,1, ,0.0,0.0,0.0,0.0,0.0
BitRate blocking probability per pair and bitRate,2,500.0Gbps,14,6, ,0.0,0.0,0.0,0.0,0.0
BitRate blocking probability per pair and bitRate,2,500.0Gbps,14,10, ,0.0,0.0,0.0,0.0,0.0
BitRate blocking probability per pair and bitRate,2,500.0Gbps,24,6, ,0.0,0.0,0.0,0.0,0.0
BitRate blocking probability per pair and bitRate,2,500.0Gbps,15,2, ,0.0,0.0,0.0,0.0,0.0
BitRate blocking probability per pair and bitRate,2,500.0Gbps,22,10, ,0.0,0.0,0.0,0.0,0.0
BitRate blocking probability per pair and bitRate,2,500.0Gbps,4,17, ,0.0,0.0,0.0,0.0,0.0
BitRate blocking probability per pair and bitRate,2,500.0Gbps,17,2, ,0.0,0.0,0.0,0.0,0.0
BitRate blocking probability per pair and bitRate,2,500.0Gbps,18,20, ,0.0,0.0,0.0,0.0,0.0
BitRate blocking probability per pair and bitRate,2,500.0Gbps,17,21, ,0.0,0.0,0.0,0.0,0.0
BitRate blocking probability per pair and bitRate,2,500.0Gbps,18,6, ,0.0,0.0,0.0,0.0,0.0
BitRate blocking probability per pair and bitRate,2,500.0Gbps,10,15, ,0.0,0.0,0.0,0.0,0.0
BitRate blocking probability per pair and bitRate,2,500.0Gbps,4,11, ,0.0,0.0,0.0,0.0,0.0
BitRate blocking probability per pair and bitRate,2,500.0Gbps,2,21, ,0.0,0.0,0.0,0.0,0.0
BitRate blocking probability per pair and bitRate,2,500.0Gbps,19,9, ,0.0,0.0,0.0,0.0,0.0
BitRate blocking probability per pair and bitRate,2,500.0Gbps,5,8, ,0.0,0.0,0.0,0.0,0.0
BitRate blocking probability per pair and bitRate,2,500.0Gbps,5,3, ,0.0,0.0,0.0,0.0,0.0
BitRate blocking probability per pair and bitRate,2,500.0Gbps,11,6, ,0.0,0.0,0.0,0.0,0.0
BitRate blocking probability per pair and bitRate,2,500.0Gbps,8,2, ,0.0,0.0,0.0,0.0,0.0
BitRate blocking probability per pair and bitRate,2,500.0Gbps,9,24, ,0.0,0.0,0.0,0.0,0.0
BitRate blocking probability per pair and bitRate,2,500.0Gbps,16,23, ,0.0,0.0,0.0,0.0,0.0
BitRate blocking probability per pair and bitRate,2,500.0Gbps,2,16, ,0.0,0.0,0.0,0.0,0.0
BitRate blocking probability per pair and bitRate,2,500.0Gbps,16,17, ,0.0,0.0,0.0,0.0,0.0
BitRate blocking probability per pair and bitRate,2,500.0Gbps,23,18, ,0.0,0.0,0.0,0.0,0.0
BitRate blocking probability per pair and bitRate,2,500.0Gbps,7,1, ,0.0,0.0,0.0,0.0,0.0
BitRate blocking probability per pair and bitRate,2,500.0Gbps,11,24, ,0.0,0.0,0.0,0.0,0.0
BitRate blocking probability per pair and bitRate,2,500.0Gbps,2,10, ,0.0,0.0,0.0,0.0,0.0
BitRate blocking probability per pair and bitRate,2,500.0Gbps,4,6, ,0.0,0.0,0.0,0.0,0.0
BitRate blocking probability per pair and bitRate,2,500.0Gbps,15,13, ,0.0,0.0,0.0,0.0,0.0
BitRate blocking probability per pair and bitRate,2,500.0Gbps,21,12, ,0.0,0.0,0.0,0.0,0.0
BitRate blocking probability per pair and bitRate,2,500.0Gbps,5,6, ,0.0,0.0,0.0,0.0,0.0
BitRate blocking probability per pair and bitRate,2,500.0Gbps,10,18, ,0.0,0.0,0.0,0.0,0.0
BitRate blocking probability per pair and bitRate,2,500.0Gbps,14,23, ,0.0,0.0,0.0,0.0,0.0
BitRate blocking probability per pair and bitRate,2,500.0Gbps,21,8, ,0.0,0.0,0.0,0.0,0.0
BitRate blocking probability per pair and bitRate,2,500.0Gbps,11,3, ,0.0,0.0,0.0,0.0,0.0
BitRate blocking probability per pair and bitRate,2,500.0Gbps,13,16, ,0.0,0.0,0.0,0.0,0.0
BitRate blocking probability per pair and bitRate,2,500.0Gbps,22,16, ,0.0,0.0,0.0,0.0,0.0
BitRate blocking probability per pair and bitRate,2,500.0Gbps,21,5, ,0.0,0.0,0.0,0.0,0.0
BitRate blocking probability per pair and bitRate,2,500.0Gbps,23,24, ,0.0,0.0,0.0,0.0,0.0
BitRate blocking probability per pair and bitRate,2,500.0Gbps,9,6, ,0.0,0.0,0.0,0.0,0.0
BitRate blocking probability per pair and bitRate,2,500.0Gbps,20,9, ,0.0,0.0,0.0,0.0,0.0
BitRate blocking probability per pair and bitRate,2,500.0Gbps,16,6, ,0.0,0.0,0.0,0.0,0.0
BitRate blocking probability per pair and bitRate,2,500.0Gbps,15,4, ,0.0,0.0,0.0,0.0,0.0
BitRate blocking probability per pair and bitRate,2,500.0Gbps,3,4, ,0.0,0.0,0.0,0.0,0.0
BitRate blocking probability per pair and bitRate,2,500.0Gbps,17,10, ,0.0,0.0,0.0,0.0,0.0
BitRate blocking probability per pair and bitRate,2,500.0Gbps,12,10, ,0.0,0.0,0.0,0.0,0.0
BitRate blocking probability per pair and bitRate,2,500.0Gbps,12,7, ,0.0,0.0,0.0,0.0,0.0
BitRate blocking probability per pair and bitRate,2,500.0Gbps,3,17, ,0.0,0.0,0.0,0.0,0.0
BitRate blocking probability per pair and bitRate,3,100.0Gbps,11,2, ,0.0,0.0,0.0,0.0,0.0
BitRate blocking probability per pair and bitRate,3,100.0Gbps,1,23, ,0.0,0.0,0.0,0.0,0.0
BitRate blocking probability per pair and bitRate,3,100.0Gbps,2,9, ,0.0,0.0,0.0,0.0,0.0
BitRate blocking probability per pair and bitRate,3,100.0Gbps,1,20, ,0.0,0.0,0.0,0.0,0.0
BitRate blocking probability per pair and bitRate,3,100.0Gbps,17,24, ,0.0,0.0,0.0,0.0,0.0
BitRate blocking probability per pair and bitRate,3,100.0Gbps,21,15, ,0.0,0.0,0.0,0.0,0.0
BitRate blocking probability per pair and bitRate,3,100.0Gbps,19,11, ,0.0,0.0,0.0,0.0,0.0
BitRate blocking probability per pair and bitRate,3,100.0Gbps,3,1, ,0.0,0.0,0.0,0.0,0.0
BitRate blocking probability per pair and bitRate,3,100.0Gbps,24,2, ,0.0,0.0,0.0,0.0,0.0
BitRate blocking probability per pair and bitRate,3,100.0Gbps,23,22, ,0.0,0.0,0.0,0.0,0.0
BitRate blocking probability per pair and bitRate,3,100.0Gbps,17,22, ,0.0,0.0,0.0,0.0,0.0
BitRate blocking probability per pair and bitRate,3,100.0Gbps,15,20, ,0.0,0.0,0.0,0.0,0.0
BitRate blocking probability per pair and bitRate,3,100.0Gbps,2,7, ,0.0,0.0,0.0,0.0,0.0
BitRate blocking probability per pair and bitRate,3,100.0Gbps,10,1, ,0.0,0.0,0.0,0.0,0.0
BitRate blocking probability per pair and bitRate,3,100.0Gbps,14,16, ,0.0,0.0,0.0,0.0,0.0
BitRate blocking probability per pair and bitRate,3,100.0Gbps,13,18, ,0.0,0.0,0.0,0.0,0.0
BitRate blocking probability per pair and bitRate,3,100.0Gbps,11,7, ,0.0,0.0,0.0,0.0,0.0
BitRate blocking probability per pair and bitRate,3,100.0Gbps,15,10, ,0.0,0.0,0.0,0.0,0.0
BitRate blocking probability per pair and bitRate,3,100.0Gbps,17,4, ,0.0,0.0,0.0,0.0,0.0
BitRate blocking probability per pair and bitRate,3,100.0Gbps,15,19, ,0.0,0.0,0.0,0.0,0.0
BitRate blocking probability per pair and bitRate,3,100.0Gbps,9,22, ,0.0,0.0,0.0,0.0,0.0
BitRate blocking probability per pair and bitRate,3,100.0Gbps,9,19, ,0.0,0.0,0.0,0.0,0.0
BitRate blocking probability per pair and bitRate,3,100.0Gbps,24,7, ,0.0,0.0,0.0,0.0,0.0
BitRate blocking probability per pair and bitRate,3,100.0Gbps,1,18, ,0.0,0.0,0.0,0.0,0.0
BitRate blocking probability per pair and bitRate,3,100.0Gbps,19,4, ,0.0,0.0,0.0,0.0,0.0
BitRate blocking probability per pair and bitRate,3,100.0Gbps,5,1, ,0.0,0.0,0.0,0.0,0.0
BitRate blocking probability per pair and bitRate,3,100.0Gbps,5,20, ,0.0,0.0,0.0,0.0,0.0
BitRate blocking probability per pair and bitRate,3,100.0Gbps,21,24, ,0.0,0.0,0.0,0.0,0.0
BitRate blocking probability per pair and bitRate,3,100.0Gbps,9,1, ,0.0,0.0,0.0,0.0,0.0
BitRate blocking probability per pair and bitRate,3,100.0Gbps,9,21, ,0.0,0.0,0.0,0.0,0.0
BitRate blocking probability per pair and bitRate,3,100.0Gbps,14,15, ,0.0,0.0,0.0,0.0,0.0
BitRate blocking probability per pair and bitRate,3,100.0Gbps,8,4, ,0.0,0.0,0.0,0.0,0.0
BitRate blocking probability per pair and bitRate,3,100.0Gbps,8,21, ,0.0,0.0,0.0,0.0,0.0
BitRate blocking probability per pair and bitRate,3,100.0Gbps,6,3, ,0.0,0.0,0.0,0.0,0.0
BitRate blocking probability per pair and bitRate,3,100.0Gbps,9,2, ,0.0,0.0,0.0,0.0,0.0
BitRate blocking probability per pair and bitRate,3,100.0Gbps,16,2, ,0.0,0.0,0.0,0.0,0.0
BitRate blocking probability per pair and bitRate,3,100.0Gbps,9,4, ,0.0,0.0,0.0,0.0,0.0
BitRate blocking probability per pair and bitRate,3,100.0Gbps,23,21, ,0.0,0.0,0.0,0.0,0.0
BitRate blocking probability per pair and bitRate,3,100.0Gbps,19,24, ,0.0,0.0,0.0,0.0,0.0
BitRate blocking probability per pair and bitRate,3,100.0Gbps,22,15, ,0.0,0.0,0.0,0.0,0.0
BitRate blocking probability per pair and bitRate,3,100.0Gbps,23,17, ,0.0,0.0,0.0,0.0,0.0
BitRate blocking probability per pair and bitRate,3,100.0Gbps,8,11, ,0.0,0.0,0.0,0.0,0.0
BitRate blocking probability per pair and bitRate,3,100.0Gbps,24,17, ,0.0,0.0,0.0,0.0,0.0
BitRate blocking probability per pair and bitRate,3,100.0Gbps,22,18, ,0.0,0.0,0.0,0.0,0.0
BitRate blocking probability per pair and bitRate,3,100.0Gbps,5,11, ,0.0,0.0,0.0,0.0,0.0
BitRate blocking probability per pair and bitRate,3,100.0Gbps,4,8, ,0.0,0.0,0.0,0.0,0.0
BitRate blocking probability per pair and bitRate,3,100.0Gbps,23,9, ,0.0,0.0,0.0,0.0,0.0
BitRate blocking probability per pair and bitRate,3,100.0Gbps,6,12, ,0.0,0.0,0.0,0.0,0.0
BitRate blocking probability per pair and bitRate,3,100.0Gbps,4,5, ,0.0,0.0,0.0,0.0,0.0
BitRate blocking probability per pair and bitRate,3,100.0Gbps,16,9, ,0.0,0.0,0.0,0.0,0.0
BitRate blocking probability per pair and bitRate,3,100.0Gbps,16,11, ,0.0,0.0,0.0,0.0,0.0
BitRate blocking probability per pair and bitRate,3,100.0Gbps,24,20, ,0.0,0.0,0.0,0.0,0.0
BitRate blocking probability per pair and bitRate,3,100.0Gbps,12,14, ,0.0,0.0,0.0,0.0,0.0
BitRate blocking probability per pair and bitRate,3,100.0Gbps,20,5, ,0.0,0.0,0.0,0.0,0.0
BitRate blocking probability per pair and bitRate,3,100.0Gbps,11,12, ,0.0,0.0,0.0,0.0,0.0
BitRate blocking probability per pair and bitRate,3,100.0Gbps,7,14, ,0.0,0.0,0.0,0.0,0.0
BitRate blocking probability per pair and bitRate,3,100.0Gbps,10,23, ,0.0,0.0,0.0,0.0,0.0
BitRate blocking probability per pair and bitRate,3,100.0Gbps,22,20, ,0.0,0.0,0.0,0.0,0.0
BitRate blocking probability per pair and bitRate,3,100.0Gbps,17,11, ,0.0,0.0,0.0,0.0,0.0
BitRate blocking probability per pair and bitRate,3,100.0Gbps,3,10, ,0.0,0.0,0.0,0.0,0.0
BitRate blocking probability per pair and bitRate,3,100.0Gbps,17,14, ,0.0,0.0,0.0,0.0,0.0
BitRate blocking probability per pair and bitRate,3,100.0Gbps,10,7, ,0.0,0.0,0.0,0.0,0.0
BitRate blocking probability per pair and bitRate,3,100.0Gbps,3,2, ,0.0,0.0,0.0,0.0,0.0
BitRate blocking probability per pair and bitRate,3,100.0Gbps,3,5, ,0.0,0.0,0.0,0.0,0.0
BitRate blocking probability per pair and bitRate,3,100.0Gbps,22,1, ,0.0,0.0,0.0,0.0,0.0
BitRate blocking probability per pair and bitRate,3,100.0Gbps,1,14, ,0.0,0.0,0.0,0.0,0.0
BitRate blocking probability per pair and bitRate,3,100.0Gbps,24,8, ,0.0,0.0,0.0,0.0,0.0
BitRate blocking probability per pair and bitRate,3,100.0Gbps,11,21, ,0.0,0.0,0.0,0.0,0.0
BitRate blocking probability per pair and bitRate,3,100.0Gbps,20,14, ,0.0,0.0,0.0,0.0,0.0
BitRate blocking probability per pair and bitRate,3,100.0Gbps,8,6, ,0.0,0.0,0.0,0.0,0.0
BitRate blocking probability per pair and bitRate,3,100.0Gbps,21,11, ,0.0,0.0,0.0,0.0,0.0
BitRate blocking probability per pair and bitRate,3,100.0Gbps,11,8, ,0.0,0.0,0.0,0.0,0.0
BitRate blocking probability per pair and bitRate,3,100.0Gbps,21,19, ,0.0,0.0,0.0,0.0,0.0
BitRate blocking probability per pair and bitRate,3,100.0Gbps,17,1, ,0.0,0.0,0.0,0.0,0.0
BitRate blocking probability per pair and bitRate,3,100.0Gbps,11,22, ,0.0,0.0,0.0,0.0,0.0
BitRate blocking probability per pair and bitRate,3,100.0Gbps,24,21, ,0.0,0.0,0.0,0.0,0.0
BitRate blocking probability per pair and bitRate,3,100.0Gbps,19,22, ,0.0,0.0,0.0,0.0,0.0
BitRate blocking probability per pair and bitRate,3,100.0Gbps,7,12, ,0.0,0.0,0.0,0.0,0.0
BitRate blocking probability per pair and bitRate,3,100.0Gbps,7,22, ,0.0,0.0,0.0,0.0,0.0
BitRate blocking probability per pair and bitRate,3,100.0Gbps,23,5, ,0.0,0.0,0.0,0.0,0.0
BitRate blocking probability per pair and bitRate,3,100.0Gbps,21,17, ,0.0,0.0,0.0,0.0,0.0
BitRate blocking probability per pair and bitRate,3,100.0Gbps,1,11, ,0.0,0.0,0.0,0.0,0.0
BitRate blocking probability per pair and bitRate,3,100.0Gbps,18,12, ,0.0,0.0,0.0,0.0,0.0
BitRate blocking probability per pair and bitRate,3,100.0Gbps,23,10, ,0.0,0.0,0.0,0.0,0.0
BitRate blocking probability per pair and bitRate,3,100.0Gbps,18,7, ,0.0,0.0,0.0,0.0,0.0
BitRate blocking probability per pair and bitRate,3,100.0Gbps,24,22, ,0.0,0.0,0.0,0.0,0.0
BitRate blocking probability per pair and bitRate,3,100.0Gbps,21,2, ,0.0,0.0,0.0,0.0,0.0
BitRate blocking probability per pair and bitRate,3,100.0Gbps,16,4, ,0.0,0.0,0.0,0.0,0.0
BitRate blocking probability per pair and bitRate,3,100.0Gbps,10,9, ,0.0,0.0,0.0,0.0,0.0
BitRate blocking probability per pair and bitRate,3,100.0Gbps,22,5, ,0.0,0.0,0.0,0.0,0.0
BitRate blocking probability per pair and bitRate,3,100.0Gbps,9,17, ,0.0,0.0,0.0,0.0,0.0
BitRate blocking probability per pair and bitRate,3,100.0Gbps,8,20, ,0.0,0.0,0.0,0.0,0.0
BitRate blocking probability per pair and bitRate,3,100.0Gbps,1,24, ,0.0,0.0,0.0,0.0,0.0
BitRate blocking probability per pair and bitRate,3,100.0Gbps,2,14, ,0.0,0.0,0.0,0.0,0.0
BitRate blocking probability per pair and bitRate,3,100.0Gbps,5,18, ,0.0,0.0,0.0,0.0,0.0
BitRate blocking probability per pair and bitRate,3,100.0Gbps,8,9, ,0.0,0.0,0.0,0.0,0.0
BitRate blocking probability per pair and bitRate,3,100.0Gbps,9,13, ,0.0,0.0,0.0,0.0,0.0
BitRate blocking probability per pair and bitRate,3,100.0Gbps,24,13, ,0.0,0.0,0.0,0.0,0.0
BitRate blocking probability per pair and bitRate,3,100.0Gbps,2,17, ,0.0,0.0,0.0,0.0,0.0
BitRate blocking probability per pair and bitRate,3,100.0Gbps,20,1, ,0.0,0.0,0.0,0.0,0.0
BitRate blocking probability per pair and bitRate,3,100.0Gbps,19,2, ,0.0,0.0,0.0,0.0,0.0
BitRate blocking probability per pair and bitRate,3,100.0Gbps,4,3, ,0.0,0.0,0.0,0.0,0.0
BitRate blocking probability per pair and bitRate,3,100.0Gbps,22,4, ,0.0,0.0,0.0,0.0,0.0
BitRate blocking probability per pair and bitRate,3,100.0Gbps,5,4, ,0.0,0.0,0.0,0.0,0.0
BitRate blocking probability per pair and bitRate,3,100.0Gbps,16,19, ,0.0,0.0,0.0,0.0,0.0
BitRate blocking probability per pair and bitRate,3,100.0Gbps,12,6, ,0.0,0.0,0.0,0.0,0.0
BitRate blocking probability per pair and bitRate,3,100.0Gbps,17,8, ,0.0,0.0,0.0,0.0,0.0
BitRate blocking probability per pair and bitRate,3,100.0Gbps,12,9, ,0.0,0.0,0.0,0.0,0.0
BitRate blocking probability per pair and bitRate,3,100.0Gbps,11,20, ,0.0,0.0,0.0,0.0,0.0
BitRate blocking probability per pair and bitRate,3,100.0Gbps,15,12, ,0.0,0.0,0.0,0.0,0.0
BitRate blocking probability per pair and bitRate,3,100.0Gbps,9,16, ,0.0,0.0,0.0,0.0,0.0
BitRate blocking probability per pair and bitRate,3,100.0Gbps,7,15, ,0.0,0.0,0.0,0.0,0.0
BitRate blocking probability per pair and bitRate,3,100.0Gbps,6,13, ,0.0,0.0,0.0,0.0,0.0
BitRate blocking probability per pair and bitRate,3,100.0Gbps,19,18, ,0.0,0.0,0.0,0.0,0.0
BitRate blocking probability per pair and bitRate,3,100.0Gbps,3,9, ,0.0,0.0,0.0,0.0,0.0
BitRate blocking probability per pair and bitRate,3,100.0Gbps,21,18, ,0.0,0.0,0.0,0.0,0.0
BitRate blocking probability per pair and bitRate,3,100.0Gbps,1,17, ,0.0,0.0,0.0,0.0,0.0
BitRate blocking probability per pair and bitRate,3,100.0Gbps,8,24, ,0.0,0.0,0.0,0.0,0.0
BitRate blocking probability per pair and bitRate,3,100.0Gbps,7,16, ,0.0,0.0,0.0,0.0,0.0
BitRate blocking probability per pair and bitRate,3,100.0Gbps,15,21, ,0.0,0.0,0.0,0.0,0.0
BitRate blocking probability per pair and bitRate,3,100.0Gbps,18,22, ,0.0,0.0,0.0,0.0,0.0
BitRate blocking probability per pair and bitRate,3,100.0Gbps,14,2, ,0.0,0.0,0.0,0.0,0.0
BitRate blocking probability per pair and bitRate,3,100.0Gbps,2,12, ,0.0,0.0,0.0,0.0,0.0
BitRate blocking probability per pair and bitRate,3,100.0Gbps,12,8, ,0.0,0.0,0.0,0.0,0.0
BitRate blocking probability per pair and bitRate,3,100.0Gbps,1,13, ,0.0,0.0,0.0,0.0,0.0
BitRate blocking probability per pair and bitRate,3,100.0Gbps,8,18, ,0.0,0.0,0.0,0.0,0.0
BitRate blocking probability per pair and bitRate,3,100.0Gbps,15,6, ,0.0,0.0,0.0,0.0,0.0
BitRate blocking probability per pair and bitRate,3,100.0Gbps,6,20, ,0.0,0.0,0.0,0.0,0.0
BitRate blocking probability per pair and bitRate,3,100.0Gbps,7,21, ,0.0,0.0,0.0,0.0,0.0
BitRate blocking probability per pair and bitRate,3,100.0Gbps,9,3, ,0.0,0.0,0.0,0.0,0.0
BitRate blocking probability per pair and bitRate,3,100.0Gbps,12,13, ,0.0,0.0,0.0,0.0,0.0
BitRate blocking probability per pair and bitRate,3,100.0Gbps,8,22, ,0.0,0.0,0.0,0.0,0.0
BitRate blocking probability per pair and bitRate,3,100.0Gbps,2,3, ,0.0,0.0,0.0,0.0,0.0
BitRate blocking probability per pair and bitRate,3,100.0Gbps,14,18, ,0.0,0.0,0.0,0.0,0.0
BitRate blocking probability per pair and bitRate,3,100.0Gbps,23,20, ,0.0,0.0,0.0,0.0,0.0
BitRate blocking probability per pair and bitRate,3,100.0Gbps,4,20, ,0.0,0.0,0.0,0.0,0.0
BitRate blocking probability per pair and bitRate,3,100.0Gbps,4,24, ,0.0,0.0,0.0,0.0,0.0
BitRate blocking probability per pair and bitRate,3,100.0Gbps,16,15, ,0.0,0.0,0.0,0.0,0.0
BitRate blocking probability per pair and bitRate,3,100.0Gbps,24,16, ,0.0,0.0,0.0,0.0,0.0
BitRate blocking probability per pair and bitRate,3,100.0Gbps,19,12, ,0.0,0.0,0.0,0.0,0.0
BitRate blocking probability per pair and bitRate,3,100.0Gbps,6,15, ,0.0,0.0,0.0,0.0,0.0
BitRate blocking probability per pair and bitRate,3,100.0Gbps,8,7, ,0.0,0.0,0.0,0.0,0.0
BitRate blocking probability per pair and bitRate,3,100.0Gbps,2,20, ,0.0,0.0,0.0,0.0,0.0
BitRate blocking probability per pair and bitRate,3,100.0Gbps,11,9, ,0.0,0.0,0.0,0.0,0.0
BitRate blocking probability per pair and bitRate,3,100.0Gbps,4,12, ,0.0,0.0,0.0,0.0,0.0
BitRate blocking probability per pair and bitRate,3,100.0Gbps,13,23, ,0.0,0.0,0.0,0.0,0.0
BitRate blocking probability per pair and bitRate,3,100.0Gbps,11,16, ,0.0,0.0,0.0,0.0,0.0
BitRate blocking probability per pair and bitRate,3,100.0Gbps,3,11, ,0.0,0.0,0.0,0.0,0.0
BitRate blocking probability per pair and bitRate,3,100.0Gbps,2,5, ,0.0,0.0,0.0,0.0,0.0
BitRate blocking probability per pair and bitRate,3,100.0Gbps,3,24, ,0.0,0.0,0.0,0.0,0.0
BitRate blocking probability per pair and bitRate,3,100.0Gbps,18,1, ,0.0,0.0,0.0,0.0,0.0
BitRate blocking probability per pair and bitRate,3,100.0Gbps,10,2, ,0.0,0.0,0.0,0.0,0.0
BitRate blocking probability per pair and bitRate,3,100.0Gbps,15,16, ,0.0,0.0,0.0,0.0,0.0
BitRate blocking probability per pair and bitRate,3,100.0Gbps,20,17, ,0.0,0.0,0.0,0.0,0.0
BitRate blocking probability per pair and bitRate,3,100.0Gbps,5,13, ,0.0,0.0,0.0,0.0,0.0
BitRate blocking probability per pair and bitRate,3,100.0Gbps,24,15, ,0.0,0.0,0.0,0.0,0.0
BitRate blocking probability per pair and bitRate,3,100.0Gbps,12,17, ,0.0,0.0,0.0,0.0,0.0
BitRate blocking probability per pair and bitRate,3,100.0Gbps,20,2, ,0.0,0.0,0.0,0.0,0.0
BitRate blocking probability per pair and bitRate,3,100.0Gbps,5,19, ,0.0,0.0,0.0,0.0,0.0
BitRate blocking probability per pair and bitRate,3,100.0Gbps,6,8, ,0.0,0.0,0.0,0.0,0.0
BitRate blocking probability per pair and bitRate,3,100.0Gbps,4,10, ,0.0,0.0,0.0,0.0,0.0
BitRate blocking probability per pair and bitRate,3,100.0Gbps,1,4, ,0.0,0.0,0.0,0.0,0.0
BitRate blocking probability per pair and bitRate,3,100.0Gbps,12,23, ,0.0,0.0,0.0,0.0,0.0
BitRate blocking probability per pair and bitRate,3,100.0Gbps,23,4, ,0.0,0.0,0.0,0.0,0.0
BitRate blocking probability per pair and bitRate,3,100.0Gbps,12,20, ,0.0,0.0,0.0,0.0,0.0
BitRate blocking probability per pair and bitRate,3,100.0Gbps,11,19, ,0.0,0.0,0.0,0.0,0.0
BitRate blocking probability per pair and bitRate,3,100.0Gbps,2,11, ,0.0,0.0,0.0,0.0,0.0
BitRate blocking probability per pair and bitRate,3,100.0Gbps,8,23, ,0.0,0.0,0.0,0.0,0.0
BitRate blocking probability per pair and bitRate,3,100.0Gbps,10,14, ,0.0,0.0,0.0,0.0,0.0
BitRate blocking probability per pair and bitRate,3,100.0Gbps,21,22, ,0.0,0.0,0.0,0.0,0.0
BitRate blocking probability per pair and bitRate,3,100.0Gbps,9,11, ,0.0,0.0,0.0,0.0,0.0
BitRate blocking probability per pair and bitRate,3,100.0Gbps,23,7, ,0.0,0.0,0.0,0.0,0.0
BitRate blocking probability per pair and bitRate,3,100.0Gbps,24,18, ,0.0,0.0,0.0,0.0,0.0
BitRate blocking probability per pair and bitRate,3,100.0Gbps,14,24, ,0.0,0.0,0.0,0.0,0.0
BitRate blocking probability per pair and bitRate,3,100.0Gbps,6,4, ,0.0,0.0,0.0,0.0,0.0
BitRate blocking probability per pair and bitRate,3,100.0Gbps,21,9, ,0.0,0.0,0.0,0.0,0.0
BitRate blocking probability per pair and bitRate,3,100.0Gbps,15,1, ,0.0,0.0,0.0,0.0,0.0
BitRate blocking probability per pair and bitRate,3,100.0Gbps,13,8, ,0.0,0.0,0.0,0.0,0.0
BitRate blocking probability per pair and bitRate,3,100.0Gbps,13,12, ,0.0,0.0,0.0,0.0,0.0
BitRate blocking probability per pair and bitRate,3,100.0Gbps,12,11, ,0.0,0.0,0.0,0.0,0.0
BitRate blocking probability per pair and bitRate,3,100.0Gbps,23,16, ,0.0,0.0,0.0,0.0,0.0
BitRate blocking probability per pair and bitRate,3,100.0Gbps,16,10, ,0.0,0.0,0.0,0.0,0.0
BitRate blocking probability per pair and bitRate,3,100.0Gbps,14,4, ,0.0,0.0,0.0,0.0,0.0
BitRate blocking probability per pair and bitRate,3,100.0Gbps,10,21, ,0.0,0.0,0.0,0.0,0.0
BitRate blocking probability per pair and bitRate,3,100.0Gbps,1,16, ,0.0,0.0,0.0,0.0,0.0
BitRate blocking probability per pair and bitRate,3,100.0Gbps,5,14, ,0.0,0.0,0.0,0.0,0.0
BitRate blocking probability per pair and bitRate,3,100.0Gbps,14,3, ,0.0,0.0,0.0,0.0,0.0
BitRate blocking probability per pair and bitRate,3,100.0Gbps,9,5, ,0.0,0.0,0.0,0.0,0.0
BitRate blocking probability per pair and bitRate,3,100.0Gbps,11,23, ,0.0,0.0,0.0,0.0,0.0
BitRate blocking probability per pair and bitRate,3,100.0Gbps,23,12, ,0.0,0.0,0.0,0.0,0.0
BitRate blocking probability per pair and bitRate,3,100.0Gbps,18,4, ,0.0,0.0,0.0,0.0,0.0
BitRate blocking probability per pair and bitRate,3,100.0Gbps,19,10, ,0.0,0.0,0.0,0.0,0.0
BitRate blocking probability per pair and bitRate,3,100.0Gbps,14,19, ,0.0,0.0,0.0,0.0,0.0
BitRate blocking probability per pair and bitRate,3,100.0Gbps,3,18, ,0.0,0.0,0.0,0.0,0.0
BitRate blocking probability per pair and bitRate,3,100.0Gbps,1,21, ,0.0,0.0,0.0,0.0,0.0
BitRate blocking probability per pair and bitRate,3,100.0Gbps,10,16, ,0.0,0.0,0.0,0.0,0.0
BitRate blocking probability per pair and bitRate,3,100.0Gbps,24,9, ,0.0,0.0,0.0,0.0,0.0
BitRate blocking probability per pair and bitRate,3,100.0Gbps,3,21, ,0.0,0.0,0.0,0.0,0.0
BitRate blocking probability per pair and bitRate,3,100.0Gbps,12,24, ,0.0,0.0,0.0,0.0,0.0
BitRate blocking probability per pair and bitRate,3,100.0Gbps,15,9, ,0.0,0.0,0.0,0.0,0.0
BitRate blocking probability per pair and bitRate,3,100.0Gbps,18,14, ,0.0,0.0,0.0,0.0,0.0
BitRate blocking probability per pair and bitRate,3,100.0Gbps,16,3, ,0.0,0.0,0.0,0.0,0.0
BitRate blocking probability per pair and bitRate,3,100.0Gbps,15,5, ,0.0,0.0,0.0,0.0,0.0
BitRate blocking probability per pair and bitRate,3,100.0Gbps,16,21, ,0.0,0.0,0.0,0.0,0.0
BitRate blocking probability per pair and bitRate,3,100.0Gbps,8,17, ,0.0,0.0,0.0,0.0,0.0
BitRate blocking probability per pair and bitRate,3,100.0Gbps,5,16, ,0.0,0.0,0.0,0.0,0.0
BitRate blocking probability per pair and bitRate,3,100.0Gbps,21,4, ,0.0,0.0,0.0,0.0,0.0
BitRate blocking probability per pair and bitRate,3,100.0Gbps,17,19, ,0.0,0.0,0.0,0.0,0.0
BitRate blocking probability per pair and bitRate,3,100.0Gbps,16,12, ,0.0,0.0,0.0,0.0,0.0
BitRate blocking probability per pair and bitRate,3,100.0Gbps,7,19, ,0.0,0.0,0.0,0.0,0.0
BitRate blocking probability per pair and bitRate,3,100.0Gbps,8,19, ,0.0,0.0,0.0,0.0,0.0
BitRate blocking probability per pair and bitRate,3,100.0Gbps,9,20, ,0.0,0.0,0.0,0.0,0.0
BitRate blocking probability per pair and bitRate,3,100.0Gbps,13,10, ,0.0,0.0,0.0,0.0,0.0
BitRate blocking probability per pair and bitRate,3,100.0Gbps,17,16, ,0.0,0.0,0.0,0.0,0.0
BitRate blocking probability per pair and bitRate,3,100.0Gbps,5,7, ,0.0,0.0,0.0,0.0,0.0
BitRate blocking probability per pair and bitRate,3,100.0Gbps,5,10, ,0.0,0.0,0.0,0.0,0.0
BitRate blocking probability per pair and bitRate,3,100.0Gbps,22,14, ,0.0,0.0,0.0,0.0,0.0
BitRate blocking probability per pair and bitRate,3,100.0Gbps,2,24, ,0.0,0.0,0.0,0.0,0.0
BitRate blocking probability per pair and bitRate,3,100.0Gbps,11,15, ,0.0,0.0,0.0,0.0,0.0
BitRate blocking probability per pair and bitRate,3,100.0Gbps,19,13, ,0.0,0.0,0.0,0.0,0.0
BitRate blocking probability per pair and bitRate,3,100.0Gbps,9,14, ,0.0,0.0,0.0,0.0,0.0
BitRate blocking probability per pair and bitRate,3,100.0Gbps,13,20, ,0.0,0.0,0.0,0.0,0.0
BitRate blocking probability per pair and bitRate,3,100.0Gbps,20,15, ,0.0,0.0,0.0,0.0,0.0
BitRate blocking probability per pair and bitRate,3,100.0Gbps,1,9, ,0.0,0.0,0.0,0.0,0.0
BitRate blocking probability per pair and bitRate,3,100.0Gbps,4,16, ,0.0,0.0,0.0,0.0,0.0
BitRate blocking probability per pair and bitRate,3,100.0Gbps,21,20, ,0.0,0.0,0.0,0.0,0.0
BitRate blocking probability per pair and bitRate,3,100.0Gbps,6,18, ,0.0,0.0,0.0,0.0,0.0
BitRate blocking probability per pair and bitRate,3,100.0Gbps,3,20, ,0.0,0.0,0.0,0.0,0.0
BitRate blocking probability per pair and bitRate,3,100.0Gbps,21,10, ,0.0,0.0,0.0,0.0,0.0
BitRate blocking probability per pair and bitRate,3,100.0Gbps,2,19, ,0.0,0.0,0.0,0.0,0.0
BitRate blocking probability per pair and bitRate,3,100.0Gbps,7,17, ,0.0,0.0,0.0,0.0,0.0
BitRate blocking probability per pair and bitRate,3,100.0Gbps,14,5, ,0.0,0.0,0.0,0.0,0.0
BitRate blocking probability per pair and bitRate,3,100.0Gbps,7,13, ,0.0,0.0,0.0,0.0,0.0
BitRate blocking probability per pair and bitRate,3,100.0Gbps,5,15, ,0.0,0.0,0.0,0.0,0.0
BitRate blocking probability per pair and bitRate,3,100.0Gbps,18,8, ,0.0,0.0,0.0,0.0,0.0
BitRate blocking probability per pair and bitRate,3,100.0Gbps,19,17, ,0.0,0.0,0.0,0.0,0.0
BitRate blocking probability per pair and bitRate,3,100.0Gbps,19,21, ,0.0,0.0,0.0,0.0,0.0
BitRate blocking probability per pair and bitRate,3,100.0Gbps,19,3, ,0.0,0.0,0.0,0.0,0.0
BitRate blocking probability per pair and bitRate,3,100.0Gbps,13,19, ,0.0,0.0,0.0,0.0,0.0
BitRate blocking probability per pair and bitRate,3,100.0Gbps,12,18, ,0.0,0.0,0.0,0.0,0.0
BitRate blocking probability per pair and bitRate,3,100.0Gbps,13,3, ,0.0,0.0,0.0,0.0,0.0
BitRate blocking probability per pair and bitRate,3,100.0Gbps,7,18, ,0.0,0.0,0.0,0.0,0.0
BitRate blocking probability per pair and bitRate,3,100.0Gbps,17,12, ,0.0,0.0,0.0,0.0,0.0
BitRate blocking probability per pair and bitRate,3,100.0Gbps,13,9, ,0.0,0.0,0.0,0.0,0.0
BitRate blocking probability per pair and bitRate,3,100.0Gbps,6,22, ,0.0,0.0,0.0,0.0,0.0
BitRate blocking probability per pair and bitRate,3,100.0Gbps,1,15, ,0.0,0.0,0.0,0.0,0.0
BitRate blocking probability per pair and bitRate,3,100.0Gbps,3,19, ,0.0,0.0,0.0,0.0,0.0
BitRate blocking probability per pair and bitRate,3,100.0Gbps,12,4, ,0.0,0.0,0.0,0.0,0.0
BitRate blocking probability per pair and bitRate,3,100.0Gbps,16,24, ,0.0,0.0,0.0,0.0,0.0
BitRate blocking probability per pair and bitRate,3,100.0Gbps,6,10, ,0.0,0.0,0.0,0.0,0.0
BitRate blocking probability per pair and bitRate,3,100.0Gbps,2,18, ,0.0,0.0,0.0,0.0,0.0
BitRate blocking probability per pair and bitRate,3,100.0Gbps,18,21, ,0.0,0.0,0.0,0.0,0.0
BitRate blocking probability per pair and bitRate,3,100.0Gbps,18,3, ,0.0,0.0,0.0,0.0,0.0
BitRate blocking probability per pair and bitRate,3,100.0Gbps,15,18, ,0.0,0.0,0.0,0.0,0.0
BitRate blocking probability per pair and bitRate,3,100.0Gbps,4,14, ,0.0,0.0,0.0,0.0,0.0
BitRate blocking probability per pair and bitRate,3,100.0Gbps,7,20, ,0.0,0.0,0.0,0.0,0.0
BitRate blocking probability per pair and bitRate,3,100.0Gbps,13,15, ,0.0,0.0,0.0,0.0,0.0
BitRate blocking probability per pair and bitRate,3,100.0Gbps,13,21, ,0.0,0.0,0.0,0.0,0.0
BitRate blocking probability per pair and bitRate,3,100.0Gbps,15,14, ,0.0,0.0,0.0,0.0,0.0
BitRate blocking probability per pair and bitRate,3,100.0Gbps,3,15, ,0.0,0.0,0.0,0.0,0.0
BitRate blocking probability per pair and bitRate,3,100.0Gbps,18,5, ,0.0,0.0,0.0,0.0,0.0
BitRate blocking probability per pair and bitRate,3,100.0Gbps,12,1, ,0.0,0.0,0.0,0.0,0.0
BitRate blocking probability per pair and bitRate,3,100.0Gbps,6,7, ,0.0,0.0,0.0,0.0,0.0
BitRate blocking probability per pair and bitRate,3,100.0Gbps,24,3, ,0.0,0.0,0.0,0.0,0.0
BitRate blocking probability per pair and bitRate,3,100.0Gbps,19,5, ,0.0,0.0,0.0,0.0,0.0
BitRate blocking probability per pair and bitRate,3,100.0Gbps,20,19, ,0.0,0.0,0.0,0.0,0.0
BitRate blocking probability per pair and bitRate,3,100.0Gbps,5,17, ,0.0,0.0,0.0,0.0,0.0
BitRate blocking probability per pair and bitRate,3,100.0Gbps,20,12, ,0.0,0.0,0.0,0.0,0.0
BitRate blocking probability per pair and bitRate,3,100.0Gbps,4,22, ,0.0,0.0,0.0,0.0,0.0
BitRate blocking probability per pair and bitRate,3,100.0Gbps,7,8, ,0.0,0.0,0.0,0.0,0.0
BitRate blocking probability per pair and bitRate,3,100.0Gbps,14,1, ,0.0,0.0,0.0,0.0,0.0
BitRate blocking probability per pair and bitRate,3,100.0Gbps,20,21, ,0.0,0.0,0.0,0.0,0.0
BitRate blocking probability per pair and bitRate,3,100.0Gbps,1,6, ,0.0,0.0,0.0,0.0,0.0
BitRate blocking probability per pair and bitRate,3,100.0Gbps,13,2, ,0.0,0.0,0.0,0.0,0.0
BitRate blocking probability per pair and bitRate,3,100.0Gbps,14,20, ,0.0,0.0,0.0,0.0,0.0
BitRate blocking probability per pair and bitRate,3,100.0Gbps,16,20, ,0.0,0.0,0.0,0.0,0.0
BitRate blocking probability per pair and bitRate,3,100.0Gbps,18,15, ,0.0,0.0,0.0,0.0,0.0
BitRate blocking probability per pair and bitRate,3,100.0Gbps,6,2, ,0.0,0.0,0.0,0.0,0.0
BitRate blocking probability per pair and bitRate,3,100.0Gbps,9,15, ,0.0,0.0,0.0,0.0,0.0
BitRate blocking probability per pair and bitRate,3,100.0Gbps,15,17, ,0.0,0.0,0.0,0.0,0.0
BitRate blocking probability per pair and bitRate,3,100.0Gbps,18,2, ,0.0,0.0,0.0,0.0,0.0
BitRate blocking probability per pair and bitRate,3,100.0Gbps,15,24, ,0.0,0.0,0.0,0.0,0.0
BitRate blocking probability per pair and bitRate,3,100.0Gbps,7,10, ,0.0,0.0,0.0,0.0,0.0
BitRate blocking probability per pair and bitRate,3,100.0Gbps,14,21, ,0.0,0.0,0.0,0.0,0.0
BitRate blocking probability per pair and bitRate,3,100.0Gbps,23,15, ,0.0,0.0,0.0,0.0,0.0
BitRate blocking probability per pair and bitRate,3,100.0Gbps,11,1, ,0.0,0.0,0.0,0.0,0.0
BitRate blocking probability per pair and bitRate,3,100.0Gbps,19,20, ,0.0,0.0,0.0,0.0,0.0
BitRate blocking probability per pair and bitRate,3,100.0Gbps,1,8, ,0.0,0.0,0.0,0.0,0.0
BitRate blocking probability per pair and bitRate,3,100.0Gbps,16,1, ,0.0,0.0,0.0,0.0,0.0
BitRate blocking probability per pair and bitRate,3,100.0Gbps,24,5, ,0.0,0.0,0.0,0.0,0.0
BitRate blocking probability per pair and bitRate,3,100.0Gbps,2,4, ,0.0,0.0,0.0,0.0,0.0
BitRate blocking probability per pair and bitRate,3,100.0Gbps,10,5, ,0.0,0.0,0.0,0.0,0.0
BitRate blocking probability per pair and bitRate,3,100.0Gbps,21,7, ,0.0,0.0,0.0,0.0,0.0
BitRate blocking probability per pair and bitRate,3,100.0Gbps,23,11, ,0.0,0.0,0.0,0.0,0.0
BitRate blocking probability per pair and bitRate,3,100.0Gbps,19,6, ,0.0,0.0,0.0,0.0,0.0
BitRate blocking probability per pair and bitRate,3,100.0Gbps,10,17, ,0.0,0.0,0.0,0.0,0.0
BitRate blocking probability per pair and bitRate,3,100.0Gbps,3,8, ,0.0,0.0,0.0,0.0,0.0
BitRate blocking probability per pair and bitRate,3,100.0Gbps,3,23, ,0.0,0.0,0.0,0.0,0.0
BitRate blocking probability per pair and bitRate,3,100.0Gbps,17,9, ,0.0,0.0,0.0,0.0,0.0
BitRate blocking probability per pair and bitRate,3,100.0Gbps,9,18, ,0.0,0.0,0.0,0.0,0.0
BitRate blocking probability per pair and bitRate,3,100.0Gbps,1,3, ,0.0,0.0,0.0,0.0,0.0
BitRate blocking probability per pair and bitRate,3,100.0Gbps,10,20, ,0.0,0.0,0.0,0.0,0.0
BitRate blocking probability per pair and bitRate,3,100.0Gbps,21,6, ,0.0,0.0,0.0,0.0,0.0
BitRate blocking probability per pair and bitRate,3,100.0Gbps,8,5, ,0.0,0.0,0.0,0.0,0.0
BitRate blocking probability per pair and bitRate,3,100.0Gbps,9,8, ,0.0,0.0,0.0,0.0,0.0
BitRate blocking probability per pair and bitRate,3,100.0Gbps,24,4, ,0.0,0.0,0.0,0.0,0.0
BitRate blocking probability per pair and bitRate,3,100.0Gbps,1,12, ,0.0,0.0,0.0,0.0,0.0
BitRate blocking probability per pair and bitRate,3,100.0Gbps,11,5, ,0.0,0.0,0.0,0.0,0.0
BitRate blocking probability per pair and bitRate,3,100.0Gbps,22,7, ,0.0,0.0,0.0,0.0,0.0
BitRate blocking probability per pair and bitRate,3,100.0Gbps,22,8, ,0.0,0.0,0.0,0.0,0.0
BitRate blocking probability per pair and bitRate,3,100.0Gbps,20,22, ,0.0,0.0,0.0,0.0,0.0
BitRate blocking probability per pair and bitRate,3,100.0Gbps,13,24, ,0.0,0.0,0.0,0.0,0.0
BitRate blocking probability per pair and bitRate,3,100.0Gbps,1,7, ,0.0,0.0,0.0,0.0,0.0
BitRate blocking probability per pair and bitRate,3,100.0Gbps,17,20, ,0.0,0.0,0.0,0.0,0.0
BitRate blocking probability per pair and bitRate,3,100.0Gbps,16,18, ,0.0,0.0,0.0,0.0,0.0
BitRate blocking probability per pair and bitRate,3,100.0Gbps,16,8, ,0.0,0.0,0.0,0.0,0.0
BitRate blocking probability per pair and bitRate,3,100.0Gbps,12,15, ,0.0,0.0,0.0,0.0,0.0
BitRate blocking probability per pair and bitRate,3,100.0Gbps,17,5, ,0.0,0.0,0.0,0.0,0.0
BitRate blocking probability per pair and bitRate,3,100.0Gbps,23,14, ,0.0,0.0,0.0,0.0,0.0
BitRate blocking probability per pair and bitRate,3,100.0Gbps,1,19, ,0.0,0.0,0.0,0.0,0.0
BitRate blocking probability per pair and bitRate,3,100.0Gbps,17,7, ,0.0,0.0,0.0,0.0,0.0
BitRate blocking probability per pair and bitRate,3,100.0Gbps,18,9, ,0.0,0.0,0.0,0.0,0.0
BitRate blocking probability per pair and bitRate,3,100.0Gbps,18,23, ,0.0,0.0,0.0,0.0,0.0
BitRate blocking probability per pair and bitRate,3,100.0Gbps,13,22, ,0.0,0.0,0.0,0.0,0.0
BitRate blocking probability per pair and bitRate,3,100.0Gbps,7,6, ,0.0,0.0,0.0,0.0,0.0
BitRate blocking probability per pair and bitRate,3,100.0Gbps,9,23, ,0.0,0.0,0.0,0.0,0.0
BitRate blocking probability per pair and bitRate,3,100.0Gbps,13,6, ,0.0,0.0,0.0,0.0,0.0
BitRate blocking probability per pair and bitRate,3,100.0Gbps,15,8, ,0.0,0.0,0.0,0.0,0.0
BitRate blocking probability per pair and bitRate,3,100.0Gbps,13,14, ,0.0,0.0,0.0,0.0,0.0
BitRate blocking probability per pair and bitRate,3,100.0Gbps,20,3, ,0.0,0.0,0.0,0.0,0.0
BitRate blocking probability per pair and bitRate,3,100.0Gbps,21,16, ,0.0,0.0,0.0,0.0,0.0
BitRate blocking probability per pair and bitRate,3,100.0Gbps,3,16, ,0.0,0.0,0.0,0.0,0.0
BitRate blocking probability per pair and bitRate,3,100.0Gbps,22,13, ,0.0,0.0,0.0,0.0,0.0
BitRate blocking probability per pair and bitRate,3,100.0Gbps,3,14, ,0.0,0.0,0.0,0.0,0.0
BitRate blocking probability per pair and bitRate,3,100.0Gbps,3,7, ,0.0,0.0,0.0,0.0,0.0
BitRate blocking probability per pair and bitRate,3,100.0Gbps,10,22, ,0.0,0.0,0.0,0.0,0.0
BitRate blocking probability per pair and bitRate,3,100.0Gbps,8,10, ,0.0,0.0,0.0,0.0,0.0
BitRate blocking probability per pair and bitRate,3,100.0Gbps,22,6, ,0.0,0.0,0.0,0.0,0.0
BitRate blocking probability per pair and bitRate,3,100.0Gbps,5,2, ,0.0,0.0,0.0,0.0,0.0
BitRate blocking probability per pair and bitRate,3,100.0Gbps,13,5, ,0.0,0.0,0.0,0.0,0.0
BitRate blocking probability per pair and bitRate,3,100.0Gbps,23,8, ,0.0,0.0,0.0,0.0,0.0
BitRate blocking probability per pair and bitRate,3,100.0Gbps,13,11, ,0.0,0.0,0.0,0.0,0.0
BitRate blocking probability per pair and bitRate,3,100.0Gbps,13,7, ,0.0,0.0,0.0,0.0,0.0
BitRate blocking probability per pair and bitRate,3,100.0Gbps,3,13, ,0.0,0.0,0.0,0.0,0.0
BitRate blocking probability per pair and bitRate,3,100.0Gbps,10,12, ,0.0,0.0,0.0,0.0,0.0
BitRate blocking probability per pair and bitRate,3,100.0Gbps,24,11, ,0.0,0.0,0.0,0.0,0.0
BitRate blocking probability per pair and bitRate,3,100.0Gbps,9,7, ,0.0,0.0,0.0,0.0,0.0
BitRate blocking probability per pair and bitRate,3,100.0Gbps,24,12, ,0.0,0.0,0.0,0.0,0.0
BitRate blocking probability per pair and bitRate,3,100.0Gbps,15,3, ,0.0,0.0,0.0,0.0,0.0
BitRate blocking probability per pair and bitRate,3,100.0Gbps,22,11, ,0.0,0.0,0.0,0.0,0.0
BitRate blocking probability per pair and bitRate,3,100.0Gbps,18,19, ,0.0,0.0,0.0,0.0,0.0
BitRate blocking probability per pair and bitRate,3,100.0Gbps,16,7, ,0.0,0.0,0.0,0.0,0.0
BitRate blocking probability per pair and bitRate,3,100.0Gbps,5,24, ,0.0,0.0,0.0,0.0,0.0
BitRate blocking probability per pair and bitRate,3,100.0Gbps,10,19, ,0.0,0.0,0.0,0.0,0.0
BitRate blocking probability per pair and bitRate,3,100.0Gbps,23,13, ,0.0,0.0,0.0,0.0,0.0
BitRate blocking probability per pair and bitRate,3,100.0Gbps,12,3, ,0.0,0.0,0.0,0.0,0.0
BitRate blocking probability per pair and bitRate,3,100.0Gbps,9,10, ,0.0,0.0,0.0,0.0,0.0
BitRate blocking probability per pair and bitRate,3,100.0Gbps,4,18, ,0.0,0.0,0.0,0.0,0.0
BitRate blocking probability per pair and bitRate,3,100.0Gbps,4,19, ,0.0,0.0,0.0,0.0,0.0
BitRate blocking probability per pair and bitRate,3,100.0Gbps,17,15, ,0.0,0.0,0.0,0.0,0.0
BitRate blocking probability per pair and bitRate,3,100.0Gbps,2,22, ,0.0,0.0,0.0,0.0,0.0
BitRate blocking probability per pair and bitRate,3,100.0Gbps,11,17, ,0.0,0.0,0.0,0.0,0.0
BitRate blocking probability per pair and bitRate,3,100.0Gbps,18,13, ,0.0,0.0,0.0,0.0,0.0
BitRate blocking probability per pair and bitRate,3,100.0Gbps,24,10, ,0.0,0.0,0.0,0.0,0.0
BitRate blocking probability per pair and bitRate,3,100.0Gbps,11,13, ,0.0,0.0,0.0,0.0,0.0
BitRate blocking probability per pair and bitRate,3,100.0Gbps,12,22, ,0.0,0.0,0.0,0.0,0.0
BitRate blocking probability per pair and bitRate,3,100.0Gbps,20,23, ,0.0,0.0,0.0,0.0,0.0
BitRate blocking probability per pair and bitRate,3,100.0Gbps,4,7, ,0.0,0.0,0.0,0.0,0.0
BitRate blocking probability per pair and bitRate,3,100.0Gbps,9,12, ,0.0,0.0,0.0,0.0,0.0
BitRate blocking probability per pair and bitRate,3,100.0Gbps,4,13, ,0.0,0.0,0.0,0.0,0.0
BitRate blocking probability per pair and bitRate,3,100.0Gbps,20,13, ,0.0,0.0,0.0,0.0,0.0
BitRate blocking probability per pair and bitRate,3,100.0Gbps,10,3, ,0.0,0.0,0.0,0.0,0.0
BitRate blocking probability per pair and bitRate,3,100.0Gbps,21,3, ,0.0,0.0,0.0,0.0,0.0
BitRate blocking probability per pair and bitRate,3,100.0Gbps,7,9, ,0.0,0.0,0.0,0.0,0.0
BitRate blocking probability per pair and bitRate,3,100.0Gbps,12,19, ,0.0,0.0,0.0,0.0,0.0
BitRate blocking probability per pair and bitRate,3,100.0Gbps,19,16, ,0.0,0.0,0.0,0.0,0.0
BitRate blocking probability per pair and bitRate,3,100.0Gbps,20,11, ,0.0,0.0,0.0,0.0,0.0
BitRate blocking probability per pair and bitRate,3,100.0Gbps,22,9, ,0.0,0.0,0.0,0.0,0.0
BitRate blocking probability per pair and bitRate,3,100.0Gbps,7,11, ,0.0,0.0,0.0,0.0,0.0
BitRate blocking probability per pair and bitRate,3,100.0Gbps,6,1, ,0.0,0.0,0.0,0.0,0.0
BitRate blocking probability per pair and bitRate,3,100.0Gbps,6,14, ,0.0,0.0,0.0,0.0,0.0
BitRate blocking probability per pair and bitRate,3,100.0Gbps,21,1, ,0.0,0.0,0.0,0.0,0.0
BitRate blocking probability per pair and bitRate,3,100.0Gbps,4,23, ,0.0,0.0,0.0,0.0,0.0
BitRate blocking probability per pair and bitRate,3,100.0Gbps,1,5, ,0.0,0.0,0.0,0.0,0.0
BitRate blocking probability per pair and bitRate,3,100.0Gbps,3,22, ,0.0,0.0,0.0,0.0,0.0
BitRate blocking probability per pair and bitRate,3,100.0Gbps,5,23, ,0.0,0.0,0.0,0.0,0.0
BitRate blocking probability per pair and bitRate,3,100.0Gbps,14,9, ,0.0,0.0,0.0,0.0,0.0
BitRate blocking probability per pair and bitRate,3,100.0Gbps,23,6, ,0.0,0.0,0.0,0.0,0.0
BitRate blocking probability per pair and bitRate,3,100.0Gbps,6,19, ,0.0,0.0,0.0,0.0,0.0
BitRate blocking probability per pair and bitRate,3,100.0Gbps,14,13, ,0.0,0.0,0.0,0.0,0.0
BitRate blocking probability per pair and bitRate,3,100.0Gbps,14,11, ,0.0,0.0,0.0,0.0,0.0
BitRate blocking probability per pair and bitRate,3,100.0Gbps,12,21, ,0.0,0.0,0.0,0.0,0.0
BitRate blocking probability per pair and bitRate,3,100.0Gbps,2,8, ,0.0,0.0,0.0,0.0,0.0
BitRate blocking probability per pair and bitRate,3,100.0Gbps,16,13, ,0.0,0.0,0.0,0.0,0.0
BitRate blocking probability per pair and bitRate,3,100.0Gbps,20,18, ,0.0,0.0,0.0,0.0,0.0
BitRate blocking probability per pair and bitRate,3,100.0Gbps,6,9, ,0.0,0.0,0.0,0.0,0.0
BitRate blocking probability per pair and bitRate,3,100.0Gbps,6,23, ,0.0,0.0,0.0,0.0,0.0
BitRate blocking probability per pair and bitRate,3,100.0Gbps,10,4, ,0.0,0.0,0.0,0.0,0.0
BitRate blocking probability per pair and bitRate,3,100.0Gbps,17,23, ,0.0,0.0,0.0,0.0,0.0
BitRate blocking probability per pair and bitRate,3,100.0Gbps,17,18, ,0.0,0.0,0.0,0.0,0.0
BitRate blocking probability per pair and bitRate,3,100.0Gbps,14,12, ,0.0,0.0,0.0,0.0,0.0
BitRate blocking probability per pair and bitRate,3,100.0Gbps,14,17, ,0.0,0.0,0.0,0.0,0.0
BitRate blocking probability per pair and bitRate,3,100.0Gbps,19,7, ,0.0,0.0,0.0,0.0,0.0
BitRate blocking probability per pair and bitRate,3,100.0Gbps,7,24, ,0.0,0.0,0.0,0.0,0.0
BitRate blocking probability per pair and bitRate,3,100.0Gbps,11,18, ,0.0,0.0,0.0,0.0,0.0
BitRate blocking probability per pair and bitRate,3,100.0Gbps,11,10, ,0.0,0.0,0.0,0.0,0.0
BitRate blocking probability per pair and bitRate,3,100.0Gbps,14,22, ,0.0,0.0,0.0,0.0,0.0
BitRate blocking probability per pair and bitRate,3,100.0Gbps,4,9, ,0.0,0.0,0.0,0.0,0.0
BitRate blocking probability per pair and bitRate,3,100.0Gbps,22,21, ,0.0,0.0,0.0,0.0,0.0
BitRate blocking probability per pair and bitRate,3,100.0Gbps,22,24, ,0.0,0.0,0.0,0.0,0.0
BitRate blocking probability per pair and bitRate,3,100.0Gbps,8,15, ,0.0,0.0,0.0,0.0,0.0
BitRate blocking probability per pair and bitRate,3,100.0Gbps,12,5, ,0.0,0.0,0.0,0.0,0.0
BitRate blocking probability per pair and bitRate,3,100.0Gbps,7,23, ,0.0,0.0,0.0,0.0,0.0
BitRate blocking probability per pair and bitRate,3,100.0Gbps,24,14, ,0.0,0.0,0.0,0.0,0.0
BitRate blocking probability per pair and bitRate,3,100.0Gbps,1,2, ,0.0,0.0,0.0,0.0,0.0
BitRate blocking probability per pair and bitRate,3,100.0Gbps,15,22, ,0.0,0.0,0.0,0.0,0.0
BitRate blocking probability per pair and bitRate,3,100.0Gbps,19,14, ,0.0,0.0,0.0,0.0,0.0
BitRate blocking probability per pair and bitRate,3,100.0Gbps,21,23, ,0.0,0.0,0.0,0.0,0.0
BitRate blocking probability per pair and bitRate,3,100.0Gbps,8,1, ,0.0,0.0,0.0,0.0,0.0
BitRate blocking probability per pair and bitRate,3,100.0Gbps,18,10, ,0.0,0.0,0.0,0.0,0.0
BitRate blocking probability per pair and bitRate,3,100.0Gbps,17,3, ,0.0,0.0,0.0,0.0,0.0
BitRate blocking probability per pair and bitRate,3,100.0Gbps,5,9, ,0.0,0.0,0.0,0.0,0.0
BitRate blocking probability per pair and bitRate,3,100.0Gbps,19,8, ,0.0,0.0,0.0,0.0,0.0
BitRate blocking probability per pair and bitRate,3,100.0Gbps,4,21, ,0.0,0.0,0.0,0.0,0.0
BitRate blocking probability per pair and bitRate,3,100.0Gbps,8,16, ,0.0,0.0,0.0,0.0,0.0
BitRate blocking probability per pair and bitRate,3,100.0Gbps,5,12, ,0.0,0.0,0.0,0.0,0.0
BitRate blocking probability per pair and bitRate,3,100.0Gbps,6,16, ,0.0,0.0,0.0,0.0,0.0
BitRate blocking probability per pair and bitRate,3,100.0Gbps,20,10, ,0.0,0.0,0.0,0.0,0.0
BitRate blocking probability per pair and bitRate,3,100.0Gbps,2,15, ,0.0,0.0,0.0,0.0,0.0
BitRate blocking probability per pair and bitRate,3,100.0Gbps,20,6, ,0.0,0.0,0.0,0.0,0.0
BitRate blocking probability per pair and bitRate,3,100.0Gbps,21,13, ,0.0,0.0,0.0,0.0,0.0
BitRate blocking probability per pair and bitRate,3,100.0Gbps,6,21, ,0.0,0.0,0.0,0.0,0.0
BitRate blocking probability per pair and bitRate,3,100.0Gbps,18,16, ,0.0,0.0,0.0,0.0,0.0
BitRate blocking probability per pair and bitRate,3,100.0Gbps,5,21, ,0.0,0.0,0.0,0.0,0.0
BitRate blocking probability per pair and bitRate,3,100.0Gbps,15,11, ,0.0,0.0,0.0,0.0,0.0
BitRate blocking probability per pair and bitRate,3,100.0Gbps,8,12, ,0.0,0.0,0.0,0.0,0.0
BitRate blocking probability per pair and bitRate,3,100.0Gbps,19,1, ,0.0,0.0,0.0,0.0,0.0
BitRate blocking probability per pair and bitRate,3,100.0Gbps,21,14, ,0.0,0.0,0.0,0.0,0.0
BitRate blocking probability per pair and bitRate,3,100.0Gbps,2,13, ,0.0,0.0,0.0,0.0,0.0
BitRate blocking probability per pair and bitRate,3,100.0Gbps,17,6, ,0.0,0.0,0.0,0.0,0.0
BitRate blocking probability per pair and bitRate,3,100.0Gbps,24,1, ,0.0,0.0,0.0,0.0,0.0
BitRate blocking probability per pair and bitRate,3,100.0Gbps,8,3, ,0.0,0.0,0.0,0.0,0.0
BitRate blocking probability per pair and bitRate,3,100.0Gbps,1,22, ,0.0,0.0,0.0,0.0,0.0
BitRate blocking probability per pair and bitRate,3,100.0Gbps,23,3, ,0.0,0.0,0.0,0.0,0.0
BitRate blocking probability per pair and bitRate,3,100.0Gbps,2,1, ,0.0,0.0,0.0,0.0,0.0
BitRate blocking probability per pair and bitRate,3,100.0Gbps,15,23, ,0.0,0.0,0.0,0.0,0.0
BitRate blocking probability per pair and bitRate,3,100.0Gbps,19,15, ,0.0,0.0,0.0,0.0,0.0
BitRate blocking probability per pair and bitRate,3,100.0Gbps,2,23, ,0.0,0.0,0.0,0.0,0.0
BitRate blocking probability per pair and bitRate,3,100.0Gbps,13,17, ,0.0,0.0,0.0,0.0,0.0
BitRate blocking probability per pair and bitRate,3,100.0Gbps,1,10, ,0.0,0.0,0.0,0.0,0.0
BitRate blocking probability per pair and bitRate,3,100.0Gbps,5,22, ,0.0,0.0,0.0,0.0,0.0
BitRate blocking probability per pair and bitRate,3,100.0Gbps,18,24, ,0.0,0.0,0.0,0.0,0.0
BitRate blocking probability per pair and bitRate,3,100.0Gbps,19,23, ,0.0,0.0,0.0,0.0,0.0
BitRate blocking probability per pair and bitRate,3,100.0Gbps,20,8, ,0.0,0.0,0.0,0.0,0.0
BitRate blocking probability per pair and bitRate,3,100.0Gbps,10,6, ,0.0,0.0,0.0,0.0,0.0
BitRate blocking probability per pair and bitRate,3,100.0Gbps,2,6, ,0.0,0.0,0.0,0.0,0.0
BitRate blocking probability per pair and bitRate,3,100.0Gbps,16,14, ,0.0,0.0,0.0,0.0,0.0
BitRate blocking probability per pair and bitRate,3,100.0Gbps,24,19, ,0.0,0.0,0.0,0.0,0.0
BitRate blocking probability per pair and bitRate,3,100.0Gbps,23,19, ,0.0,0.0,0.0,0.0,0.0
BitRate blocking probability per pair and bitRate,3,100.0Gbps,12,2, ,0.0,0.0,0.0,0.0,0.0
BitRate blocking probability per pair and bitRate,3,100.0Gbps,23,1, ,0.0,0.0,0.0,0.0,0.0
BitRate blocking probability per pair and bitRate,3,100.0Gbps,15,7, ,0.0,0.0,0.0,0.0,0.0
BitRate blocking probability per pair and bitRate,3,100.0Gbps,22,12, ,0.0,0.0,0.0,0.0,0.0
BitRate blocking probability per pair and bitRate,3,100.0Gbps,3,6, ,0.0,0.0,0.0,0.0,0.0
BitRate blocking probability per pair and bitRate,3,100.0Gbps,4,2, ,0.0,0.0,0.0,0.0,0.0
BitRate blocking probability per pair and bitRate,3,100.0Gbps,13,1, ,0.0,0.0,0.0,0.0,0.0
BitRate blocking probability per pair and bitRate,3,100.0Gbps,6,5, ,0.0,0.0,0.0,0.0,0.0
BitRate blocking probability per pair and bitRate,3,100.0Gbps,16,22, ,0.0,0.0,0.0,0.0,0.0
BitRate blocking probability per pair and bitRate,3,100.0Gbps,7,5, ,0.0,0.0,0.0,0.0,0.0
BitRate blocking probability per pair and bitRate,3,100.0Gbps,6,24, ,0.0,0.0,0.0,0.0,0.0
BitRate blocking probability per pair and bitRate,3,100.0Gbps,18,17, ,0.0,0.0,0.0,0.0,0.0
BitRate blocking probability per pair and bitRate,3,100.0Gbps,22,3, ,0.0,0.0,0.0,0.0,0.0
BitRate blocking probability per pair and bitRate,3,100.0Gbps,13,4, ,0.0,0.0,0.0,0.0,0.0
BitRate blocking probability per pair and bitRate,3,100.0Gbps,16,5, ,0.0,0.0,0.0,0.0,0.0
BitRate blocking probability per pair and bitRate,3,100.0Gbps,18,11, ,0.0,0.0,0.0,0.0,0.0
BitRate blocking probability per pair and bitRate,3,100.0Gbps,6,11, ,0.0,0.0,0.0,0.0,0.0
BitRate blocking probability per pair and bitRate,3,100.0Gbps,17,13, ,0.0,0.0,0.0,0.0,0.0
BitRate blocking probability per pair and bitRate,3,100.0Gbps,7,3, ,0.0,0.0,0.0,0.0,0.0
BitRate blocking probability per pair and bitRate,3,100.0Gbps,22,23, ,0.0,0.0,0.0,0.0,0.0
BitRate blocking probability per pair and bitRate,3,100.0Gbps,10,13, ,0.0,0.0,0.0,0.0,0.0
BitRate blocking probability per pair and bitRate,3,100.0Gbps,14,7, ,0.0,0.0,0.0,0.0,0.0
BitRate blocking probability per pair and bitRate,3,100.0Gbps,20,16, ,0.0,0.0,0.0,0.0,0.0
BitRate blocking probability per pair and bitRate,3,100.0Gbps,14,8, ,0.0,0.0,0.0,0.0,0.0
BitRate blocking probability per pair and bitRate,3,100.0Gbps,7,4, ,0.0,0.0,0.0,0.0,0.0
BitRate blocking probability per pair and bitRate,3,100.0Gbps,8,14, ,0.0,0.0,0.0,0.0,0.0
BitRate blocking probability per pair and bitRate,3,100.0Gbps,3,12, ,0.0,0.0,0.0,0.0,0.0
BitRate blocking probability per pair and bitRate,3,100.0Gbps,7,2, ,0.0,0.0,0.0,0.0,0.0
BitRate blocking probability per pair and bitRate,3,100.0Gbps,10,11, ,0.0,0.0,0.0,0.0,0.0
BitRate blocking probability per pair and bitRate,3,100.0Gbps,11,14, ,0.0,0.0,0.0,0.0,0.0
BitRate blocking probability per pair and bitRate,3,100.0Gbps,20,24, ,0.0,0.0,0.0,0.0,0.0
BitRate blocking probability per pair and bitRate,3,100.0Gbps,20,4, ,0.0,0.0,0.0,0.0,0.0
BitRate blocking probability per pair and bitRate,3,100.0Gbps,23,2, ,0.0,0.0,0.0,0.0,0.0
BitRate blocking probability per pair and bitRate,3,100.0Gbps,22,2, ,0.0,0.0,0.0,0.0,0.0
BitRate blocking probability per pair and bitRate,3,100.0Gbps,22,19, ,0.0,0.0,0.0,0.0,0.0
BitRate blocking probability per pair and bitRate,3,100.0Gbps,24,23, ,0.0,0.0,0.0,0.0,0.0
BitRate blocking probability per pair and bitRate,3,100.0Gbps,6,17, ,0.0,0.0,0.0,0.0,0.0
BitRate blocking probability per pair and bitRate,3,100.0Gbps,4,15, ,0.0,0.0,0.0,0.0,0.0
BitRate blocking probability per pair and bitRate,3,100.0Gbps,20,7, ,0.0,0.0,0.0,0.0,0.0
BitRate blocking probability per pair and bitRate,3,100.0Gbps,10,8, ,0.0,0.0,0.0,0.0,0.0
BitRate blocking probability per pair and bitRate,3,100.0Gbps,10,24, ,0.0,0.0,0.0,0.0,0.0
BitRate blocking probability per pair and bitRate,3,100.0Gbps,12,16, ,0.0,0.0,0.0,0.0,0.0
BitRate blocking probability per pair and bitRate,3,100.0Gbps,8,13, ,0.0,0.0,0.0,0.0,0.0
BitRate blocking probability per pair and bitRate,3,100.0Gbps,11,4, ,0.0,0.0,0.0,0.0,0.0
BitRate blocking probability per pair and bitRate,3,100.0Gbps,22,17, ,0.0,0.0,0.0,0.0,0.0
BitRate blocking probability per pair and bitRate,3,100.0Gbps,4,1, ,0.0,0.0,0.0,0.0,0.0
BitRate blocking probability per pair and bitRate,3,100.0Gbps,14,6, ,0.0,0.0,0.0,0.0,0.0
BitRate blocking probability per pair and bitRate,3,100.0Gbps,14,10, ,0.0,0.0,0.0,0.0,0.0
BitRate blocking probability per pair and bitRate,3,100.0Gbps,24,6, ,0.0,0.0,0.0,0.0,0.0
BitRate blocking probability per pair and bitRate,3,100.0Gbps,15,2, ,0.0,0.0,0.0,0.0,0.0
BitRate blocking probability per pair and bitRate,3,100.0Gbps,22,10, ,0.0,0.0,0.0,0.0,0.0
BitRate blocking probability per pair and bitRate,3,100.0Gbps,4,17, ,0.0,0.0,0.0,0.0,0.0
BitRate blocking probability per pair and bitRate,3,100.0Gbps,17,2, ,0.0,0.0,0.0,0.0,0.0
BitRate blocking probability per pair and bitRate,3,100.0Gbps,18,20, ,0.0,0.0,0.0,0.0,0.0
BitRate blocking probability per pair and bitRate,3,100.0Gbps,17,21, ,0.0,0.0,0.0,0.0,0.0
BitRate blocking probability per pair and bitRate,3,100.0Gbps,18,6, ,0.0,0.0,0.0,0.0,0.0
BitRate blocking probability per pair and bitRate,3,100.0Gbps,10,15, ,0.0,0.0,0.0,0.0,0.0
BitRate blocking probability per pair and bitRate,3,100.0Gbps,4,11, ,0.0,0.0,0.0,0.0,0.0
BitRate blocking probability per pair and bitRate,3,100.0Gbps,2,21, ,0.0,0.0,0.0,0.0,0.0
BitRate blocking probability per pair and bitRate,3,100.0Gbps,19,9, ,0.0,0.0,0.0,0.0,0.0
BitRate blocking probability per pair and bitRate,3,100.0Gbps,5,8, ,0.0,0.0,0.0,0.0,0.0
BitRate blocking probability per pair and bitRate,3,100.0Gbps,5,3, ,0.0,0.0,0.0,0.0,0.0
BitRate blocking probability per pair and bitRate,3,100.0Gbps,11,6, ,0.0,0.0,0.0,0.0,0.0
BitRate blocking probability per pair and bitRate,3,100.0Gbps,8,2, ,0.0,0.0,0.0,0.0,0.0
BitRate blocking probability per pair and bitRate,3,100.0Gbps,9,24, ,0.0,0.0,0.0,0.0,0.0
BitRate blocking probability per pair and bitRate,3,100.0Gbps,16,23, ,0.0,0.0,0.0,0.0,0.0
BitRate blocking probability per pair and bitRate,3,100.0Gbps,2,16, ,0.0,0.0,0.0,0.0,0.0
BitRate blocking probability per pair and bitRate,3,100.0Gbps,16,17, ,0.0,0.0,0.0,0.0,0.0
BitRate blocking probability per pair and bitRate,3,100.0Gbps,23,18, ,0.0,0.0,0.0,0.0,0.0
BitRate blocking probability per pair and bitRate,3,100.0Gbps,7,1, ,0.0,0.0,0.0,0.0,0.0
BitRate blocking probability per pair and bitRate,3,100.0Gbps,11,24, ,0.0,0.0,0.0,0.0,0.0
BitRate blocking probability per pair and bitRate,3,100.0Gbps,2,10, ,0.0,0.0,0.0,0.0,0.0
BitRate blocking probability per pair and bitRate,3,100.0Gbps,4,6, ,0.0,0.0,0.0,0.0,0.0
BitRate blocking probability per pair and bitRate,3,100.0Gbps,15,13, ,0.0,0.0,0.0,0.0,0.0
BitRate blocking probability per pair and bitRate,3,100.0Gbps,21,12, ,0.0,0.0,0.0,0.0,0.0
BitRate blocking probability per pair and bitRate,3,100.0Gbps,5,6, ,0.0,0.0,0.0,0.0,0.0
BitRate blocking probability per pair and bitRate,3,100.0Gbps,10,18, ,0.0,0.0,0.0,0.0,0.0
BitRate blocking probability per pair and bitRate,3,100.0Gbps,14,23, ,0.0,0.0,0.0,0.0,0.0
BitRate blocking probability per pair and bitRate,3,100.0Gbps,21,8, ,0.0,0.0,0.0,0.0,0.0
BitRate blocking probability per pair and bitRate,3,100.0Gbps,11,3, ,0.0,0.0,0.0,0.0,0.0
BitRate blocking probability per pair and bitRate,3,100.0Gbps,13,16, ,0.0,0.0,0.0,0.0,0.0
BitRate blocking probability per pair and bitRate,3,100.0Gbps,22,16, ,0.0,0.0,0.0,0.0,0.0
BitRate blocking probability per pair and bitRate,3,100.0Gbps,21,5, ,0.0,0.0,0.0,0.0,0.0
BitRate blocking probability per pair and bitRate,3,100.0Gbps,23,24, ,0.0,0.0,0.0,0.0,0.0
BitRate blocking probability per pair and bitRate,3,100.0Gbps,9,6, ,0.0,0.0,0.0,0.0,0.0
BitRate blocking probability per pair and bitRate,3,100.0Gbps,20,9, ,0.0,0.0,0.0,0.0,0.0
BitRate blocking probability per pair and bitRate,3,100.0Gbps,16,6, ,0.0,0.0,0.0,0.0,0.0
BitRate blocking probability per pair and bitRate,3,100.0Gbps,15,4, ,0.0,0.0,0.0,0.0,0.0
BitRate blocking probability per pair and bitRate,3,100.0Gbps,3,4, ,0.0,0.0,0.0,0.0,0.0
BitRate blocking probability per pair and bitRate,3,100.0Gbps,17,10, ,0.0,0.0,0.0,0.0,0.0
BitRate blocking probability per pair and bitRate,3,100.0Gbps,12,10, ,0.0,0.0,0.0,0.0,0.0
BitRate blocking probability per pair and bitRate,3,100.0Gbps,12,7, ,0.0,0.0,0.0,0.0,0.0
BitRate blocking probability per pair and bitRate,3,100.0Gbps,3,17, ,0.0,0.0,0.0,0.0,0.0
BitRate blocking probability per pair and bitRate,3,200.0Gbps,11,2, ,0.0,0.0,0.0,0.0,0.0
BitRate blocking probability per pair and bitRate,3,200.0Gbps,1,23, ,0.0,0.0,0.0,0.0,0.0
BitRate blocking probability per pair and bitRate,3,200.0Gbps,2,9, ,0.0,0.0,0.0,0.0,0.0
BitRate blocking probability per pair and bitRate,3,200.0Gbps,1,20, ,0.0,0.0,0.0,0.0,0.0
BitRate blocking probability per pair and bitRate,3,200.0Gbps,17,24, ,0.0,0.0,0.0,0.0,0.0
BitRate blocking probability per pair and bitRate,3,200.0Gbps,21,15, ,0.0,0.0,0.0,0.0,0.0
BitRate blocking probability per pair and bitRate,3,200.0Gbps,19,11, ,0.0,0.0,0.0,0.0,0.0
BitRate blocking probability per pair and bitRate,3,200.0Gbps,3,1, ,0.0,0.0,0.0,0.0,0.0
BitRate blocking probability per pair and bitRate,3,200.0Gbps,24,2, ,0.0,0.0,0.0,0.0,0.0
BitRate blocking probability per pair and bitRate,3,200.0Gbps,23,22, ,0.0,0.0,0.0,0.0,0.0
BitRate blocking probability per pair and bitRate,3,200.0Gbps,17,22, ,0.0,0.0,0.0,0.0,0.0
BitRate blocking probability per pair and bitRate,3,200.0Gbps,15,20, ,0.0,0.0,0.0,0.0,0.0
BitRate blocking probability per pair and bitRate,3,200.0Gbps,2,7, ,0.0,0.0,0.0,0.0,0.0
BitRate blocking probability per pair and bitRate,3,200.0Gbps,10,1, ,0.0,0.0,0.0,0.0,0.0
BitRate blocking probability per pair and bitRate,3,200.0Gbps,14,16, ,0.0,0.0,0.0,0.0,0.0
BitRate blocking probability per pair and bitRate,3,200.0Gbps,13,18, ,0.0,0.0,0.0,0.0,0.0
BitRate blocking probability per pair and bitRate,3,200.0Gbps,11,7, ,0.0,0.0,0.0,0.0,0.0
BitRate blocking probability per pair and bitRate,3,200.0Gbps,15,10, ,0.0,0.0,0.0,0.0,0.0
BitRate blocking probability per pair and bitRate,3,200.0Gbps,17,4, ,0.0631289311780476,0.0,0.0,0.0,0.0
BitRate blocking probability per pair and bitRate,3,200.0Gbps,15,19, ,0.0,0.0,0.0,0.0,0.0
BitRate blocking probability per pair and bitRate,3,200.0Gbps,9,22, ,0.0,0.0,0.0,0.0,0.0
BitRate blocking probability per pair and bitRate,3,200.0Gbps,9,19, ,0.0,0.0,0.0,0.0,0.0
BitRate blocking probability per pair and bitRate,3,200.0Gbps,24,7, ,0.0,0.0,0.0,0.0,0.0
BitRate blocking probability per pair and bitRate,3,200.0Gbps,1,18, ,0.0,0.0,0.0,0.0,0.0
BitRate blocking probability per pair and bitRate,3,200.0Gbps,19,4, ,0.0,0.0,0.0,0.0,0.0
BitRate blocking probability per pair and bitRate,3,200.0Gbps,5,1, ,0.0,0.0,0.0,0.0,0.0
BitRate blocking probability per pair and bitRate,3,200.0Gbps,5,20, ,0.0,0.0,0.0,0.0,0.0
BitRate blocking probability per pair and bitRate,3,200.0Gbps,21,24, ,0.0,0.0,0.0,0.0,0.0
BitRate blocking probability per pair and bitRate,3,200.0Gbps,9,1, ,0.0,0.0,0.0,0.0,0.0
BitRate blocking probability per pair and bitRate,3,200.0Gbps,9,21, ,0.0,0.0,0.0,0.0,0.0
BitRate blocking probability per pair and bitRate,3,200.0Gbps,14,15, ,0.0,0.0,0.0,0.0,0.0
BitRate blocking probability per pair and bitRate,3,200.0Gbps,8,4, ,0.0,0.0,0.0,0.0,0.0
BitRate blocking probability per pair and bitRate,3,200.0Gbps,8,21, ,0.0,0.0,0.0,0.0,0.0
BitRate blocking probability per pair and bitRate,3,200.0Gbps,6,3, ,0.0,0.0,0.0,0.0,0.0
BitRate blocking probability per pair and bitRate,3,200.0Gbps,9,2, ,0.0,0.0,0.0,0.0,0.0
BitRate blocking probability per pair and bitRate,3,200.0Gbps,16,2, ,0.0,0.0,0.0,0.0,0.0
BitRate blocking probability per pair and bitRate,3,200.0Gbps,9,4, ,0.0,0.0,0.0,0.0,0.0
BitRate blocking probability per pair and bitRate,3,200.0Gbps,23,21, ,0.0,0.0,0.0,0.0,0.0
BitRate blocking probability per pair and bitRate,3,200.0Gbps,19,24, ,0.0,0.0,0.0,0.0,0.0
BitRate blocking probability per pair and bitRate,3,200.0Gbps,22,15, ,0.0,0.0,0.0,0.0,0.0
BitRate blocking probability per pair and bitRate,3,200.0Gbps,23,17, ,0.0,0.0,0.0,0.0,0.0
BitRate blocking probability per pair and bitRate,3,200.0Gbps,8,11, ,0.0,0.0,0.0,0.0,0.0
BitRate blocking probability per pair and bitRate,3,200.0Gbps,24,17, ,0.0,0.0,0.0,0.0,0.0
BitRate blocking probability per pair and bitRate,3,200.0Gbps,22,18, ,0.0,0.0,0.0,0.0,0.0
BitRate blocking probability per pair and bitRate,3,200.0Gbps,5,11, ,0.0,0.0,0.0,0.0,0.0
BitRate blocking probability per pair and bitRate,3,200.0Gbps,4,8, ,0.0,0.0,0.0,0.0,0.0
BitRate blocking probability per pair and bitRate,3,200.0Gbps,23,9, ,0.0,0.0,0.0,0.0,0.0
BitRate blocking probability per pair and bitRate,3,200.0Gbps,6,12, ,0.0,0.0,0.0,0.0,0.0
BitRate blocking probability per pair and bitRate,3,200.0Gbps,4,5, ,0.0,0.0,0.0,0.0,0.0
BitRate blocking probability per pair and bitRate,3,200.0Gbps,16,9, ,0.0,0.0,0.0,0.0,0.0
BitRate blocking probability per pair and bitRate,3,200.0Gbps,16,11, ,0.0,0.0,0.0,0.0,0.0
BitRate blocking probability per pair and bitRate,3,200.0Gbps,24,20, ,0.0,0.0,0.0,0.0,0.0
BitRate blocking probability per pair and bitRate,3,200.0Gbps,12,14, ,0.0,0.0,0.0,0.0,0.0
BitRate blocking probability per pair and bitRate,3,200.0Gbps,20,5, ,0.0,0.0,0.0,0.0,0.0
BitRate blocking probability per pair and bitRate,3,200.0Gbps,11,12, ,0.0,0.0,0.0,0.0,0.0
BitRate blocking probability per pair and bitRate,3,200.0Gbps,7,14, ,0.0,0.0,0.0,0.0,0.0
BitRate blocking probability per pair and bitRate,3,200.0Gbps,10,23, ,0.0,0.0,0.0,0.0,0.0
BitRate blocking probability per pair and bitRate,3,200.0Gbps,22,20, ,0.0,0.0,0.0,0.0,0.0
BitRate blocking probability per pair and bitRate,3,200.0Gbps,17,11, ,0.0,0.0,0.0,0.0,0.0
BitRate blocking probability per pair and bitRate,3,200.0Gbps,3,10, ,0.0,0.0,0.0,0.0,0.0
BitRate blocking probability per pair and bitRate,3,200.0Gbps,17,14, ,0.0,0.0,0.0,0.0,0.0
BitRate blocking probability per pair and bitRate,3,200.0Gbps,10,7, ,0.0,0.0,0.0,0.0,0.0
BitRate blocking probability per pair and bitRate,3,200.0Gbps,3,2, ,0.0,0.0,0.0,0.0,0.0
BitRate blocking probability per pair and bitRate,3,200.0Gbps,3,5, ,0.0,0.0,0.0,0.0,0.0
BitRate blocking probability per pair and bitRate,3,200.0Gbps,22,1, ,0.0,0.0,0.0,0.0,0.0
BitRate blocking probability per pair and bitRate,3,200.0Gbps,1,14, ,0.0,0.0,0.0,0.0,0.0
BitRate blocking probability per pair and bitRate,3,200.0Gbps,24,8, ,0.0,0.0,0.0,0.0,0.0
BitRate blocking probability per pair and bitRate,3,200.0Gbps,11,21, ,0.0,0.0,0.0,0.0,0.0
BitRate blocking probability per pair and bitRate,3,200.0Gbps,20,14, ,0.0,0.0,0.0,0.0,0.0
BitRate blocking probability per pair and bitRate,3,200.0Gbps,8,6, ,0.0,0.0,0.0,0.0,0.0
BitRate blocking probability per pair and bitRate,3,200.0Gbps,21,11, ,0.0,0.0,0.0,0.0,0.0
BitRate blocking probability per pair and bitRate,3,200.0Gbps,11,8, ,0.0,0.0,0.0,0.0,0.0
BitRate blocking probability per pair and bitRate,3,200.0Gbps,21,19, ,0.0,0.0,0.0,0.0,0.0
BitRate blocking probability per pair and bitRate,3,200.0Gbps,17,1, ,0.0,0.0,0.0,0.0,0.0
BitRate blocking probability per pair and bitRate,3,200.0Gbps,11,22, ,0.0,0.0,0.0,0.0,0.0
BitRate blocking probability per pair and bitRate,3,200.0Gbps,24,21, ,0.0,0.0,0.0,0.0,0.0
BitRate blocking probability per pair and bitRate,3,200.0Gbps,19,22, ,0.0,0.0,0.0,0.0,0.0
BitRate blocking probability per pair and bitRate,3,200.0Gbps,7,12, ,0.0,0.0,0.0,0.0,0.0
BitRate blocking probability per pair and bitRate,3,200.0Gbps,7,22, ,0.0,0.0,0.0,0.0,0.0
BitRate blocking probability per pair and bitRate,3,200.0Gbps,23,5, ,0.0,0.0,0.0,0.0,0.0
BitRate blocking probability per pair and bitRate,3,200.0Gbps,21,17, ,0.0,0.0,0.0,0.0,0.0
BitRate blocking probability per pair and bitRate,3,200.0Gbps,1,11, ,0.0,0.0,0.0,0.0,0.0
BitRate blocking probability per pair and bitRate,3,200.0Gbps,18,12, ,0.0,0.0,0.0,0.0,0.0
BitRate blocking probability per pair and bitRate,3,200.0Gbps,23,10, ,0.0,0.0,0.0,0.0,0.0
BitRate blocking probability per pair and bitRate,3,200.0Gbps,18,7, ,0.0,0.0,0.0,0.0,0.0
BitRate blocking probability per pair and bitRate,3,200.0Gbps,24,22, ,0.0,0.0,0.0,0.0,0.0
BitRate blocking probability per pair and bitRate,3,200.0Gbps,21,2, ,0.0,0.0,0.0,0.0,0.0
BitRate blocking probability per pair and bitRate,3,200.0Gbps,16,4, ,0.0,0.0,0.0,0.0,0.0
BitRate blocking probability per pair and bitRate,3,200.0Gbps,10,9, ,0.0,0.0,0.0,0.0,0.0
BitRate blocking probability per pair and bitRate,3,200.0Gbps,22,5, ,0.0,0.0,0.0,0.0,0.0
BitRate blocking probability per pair and bitRate,3,200.0Gbps,9,17, ,0.0,0.0,0.0,0.0,0.0
BitRate blocking probability per pair and bitRate,3,200.0Gbps,8,20, ,0.0,0.0,0.0,0.0,0.0
BitRate blocking probability per pair and bitRate,3,200.0Gbps,1,24, ,0.0,0.0,0.0,0.0,0.0
BitRate blocking probability per pair and bitRate,3,200.0Gbps,2,14, ,0.0,0.0,0.0,0.0,0.0
BitRate blocking probability per pair and bitRate,3,200.0Gbps,5,18, ,0.0,0.0,0.0,0.0,0.0
BitRate blocking probability per pair and bitRate,3,200.0Gbps,8,9, ,0.0,0.0,0.0,0.0,0.0
BitRate blocking probability per pair and bitRate,3,200.0Gbps,9,13, ,0.0,0.0,0.0,0.0,0.0
BitRate blocking probability per pair and bitRate,3,200.0Gbps,24,13, ,0.0,0.0,0.0,0.0,0.0
BitRate blocking probability per pair and bitRate,3,200.0Gbps,2,17, ,0.0,0.0,0.0,0.0,0.0
BitRate blocking probability per pair and bitRate,3,200.0Gbps,20,1, ,0.0,0.0,0.0,0.0,0.0
BitRate blocking probability per pair and bitRate,3,200.0Gbps,19,2, ,0.0,0.0,0.0,0.0,0.0
BitRate blocking probability per pair and bitRate,3,200.0Gbps,4,3, ,0.0,0.0,0.0,0.0,0.0
BitRate blocking probability per pair and bitRate,3,200.0Gbps,22,4, ,0.02723986469676878,0.0,0.0,0.0,0.0
BitRate blocking probability per pair and bitRate,3,200.0Gbps,5,4, ,0.0,0.0,0.0,0.0,0.0
BitRate blocking probability per pair and bitRate,3,200.0Gbps,16,19, ,0.0,0.0,0.0,0.0,0.0
BitRate blocking probability per pair and bitRate,3,200.0Gbps,12,6, ,0.0,0.0,0.0,0.0,0.0
BitRate blocking probability per pair and bitRate,3,200.0Gbps,17,8, ,0.0,0.0,0.0,0.0,0.0
BitRate blocking probability per pair and bitRate,3,200.0Gbps,12,9, ,0.0,0.0,0.0,0.0,0.0
BitRate blocking probability per pair and bitRate,3,200.0Gbps,11,20, ,0.0,0.0,0.0,0.0,0.0
BitRate blocking probability per pair and bitRate,3,200.0Gbps,15,12, ,0.0,0.0,0.0,0.0,0.0
BitRate blocking probability per pair and bitRate,3,200.0Gbps,9,16, ,0.0,0.0,0.0,0.0,0.0
BitRate blocking probability per pair and bitRate,3,200.0Gbps,7,15, ,0.0,0.0,0.0,0.0,0.0
BitRate blocking probability per pair and bitRate,3,200.0Gbps,6,13, ,0.0,0.0,0.0,0.0,0.0
BitRate blocking probability per pair and bitRate,3,200.0Gbps,19,18, ,0.0,0.0,0.0,0.0,0.0
BitRate blocking probability per pair and bitRate,3,200.0Gbps,3,9, ,0.0,0.0,0.0,0.0,0.0
BitRate blocking probability per pair and bitRate,3,200.0Gbps,21,18, ,0.0,0.0,0.0,0.0,0.0
BitRate blocking probability per pair and bitRate,3,200.0Gbps,1,17, ,0.0,0.0,0.0,0.0,0.0
BitRate blocking probability per pair and bitRate,3,200.0Gbps,8,24, ,0.0,0.0,0.0,0.0,0.0
BitRate blocking probability per pair and bitRate,3,200.0Gbps,7,16, ,0.0,0.0,0.0,0.0,0.0
BitRate blocking probability per pair and bitRate,3,200.0Gbps,15,21, ,0.0,0.0,0.0,0.0,0.0
BitRate blocking probability per pair and bitRate,3,200.0Gbps,18,22, ,0.0,0.0,0.0,0.0,0.0
BitRate blocking probability per pair and bitRate,3,200.0Gbps,14,2, ,0.0,0.0,0.0,0.0,0.0
BitRate blocking probability per pair and bitRate,3,200.0Gbps,2,12, ,0.0,0.0,0.0,0.0,0.0
BitRate blocking probability per pair and bitRate,3,200.0Gbps,12,8, ,0.0,0.0,0.0,0.0,0.0
BitRate blocking probability per pair and bitRate,3,200.0Gbps,1,13, ,0.0,0.0,0.0,0.0,0.0
BitRate blocking probability per pair and bitRate,3,200.0Gbps,8,18, ,0.0,0.0,0.0,0.0,0.0
BitRate blocking probability per pair and bitRate,3,200.0Gbps,15,6, ,0.0,0.0,0.0,0.0,0.0
BitRate blocking probability per pair and bitRate,3,200.0Gbps,6,20, ,0.0,0.0,0.0,0.0,0.0
BitRate blocking probability per pair and bitRate,3,200.0Gbps,7,21, ,0.0,0.0,0.0,0.0,0.0
BitRate blocking probability per pair and bitRate,3,200.0Gbps,9,3, ,0.0,0.0,0.0,0.0,0.0
BitRate blocking probability per pair and bitRate,3,200.0Gbps,12,13, ,0.0,0.0,0.0,0.0,0.0
BitRate blocking probability per pair and bitRate,3,200.0Gbps,8,22, ,0.0,0.0,0.0,0.0,0.0
BitRate blocking probability per pair and bitRate,3,200.0Gbps,2,3, ,0.0,0.0,0.0,0.0,0.0
BitRate blocking probability per pair and bitRate,3,200.0Gbps,14,18, ,0.0,0.0,0.0,0.0,0.0
BitRate blocking probability per pair and bitRate,3,200.0Gbps,23,20, ,0.0,0.0,0.0,0.0,0.0
BitRate blocking probability per pair and bitRate,3,200.0Gbps,4,20, ,0.0,0.0,0.0,0.0,0.04874223767893537
BitRate blocking probability per pair and bitRate,3,200.0Gbps,4,24, ,0.0,0.0,0.0,0.0,0.0
BitRate blocking probability per pair and bitRate,3,200.0Gbps,16,15, ,0.0,0.0,0.0,0.0,0.0
BitRate blocking probability per pair and bitRate,3,200.0Gbps,24,16, ,0.0,0.0,0.0,0.0,0.0
BitRate blocking probability per pair and bitRate,3,200.0Gbps,19,12, ,0.0,0.0,0.0,0.0,0.0
BitRate blocking probability per pair and bitRate,3,200.0Gbps,6,15, ,0.0,0.0,0.0,0.0,0.0
BitRate blocking probability per pair and bitRate,3,200.0Gbps,8,7, ,0.0,0.0,0.0,0.0,0.0
BitRate blocking probability per pair and bitRate,3,200.0Gbps,2,20, ,0.0,0.0,0.0,0.0,0.0
BitRate blocking probability per pair and bitRate,3,200.0Gbps,11,9, ,0.0,0.0,0.0,0.0,0.0
BitRate blocking probability per pair and bitRate,3,200.0Gbps,4,12, ,0.0,0.0,0.0,0.0,0.0
BitRate blocking probability per pair and bitRate,3,200.0Gbps,13,23, ,0.0,0.0,0.0,0.0,0.0
BitRate blocking probability per pair and bitRate,3,200.0Gbps,11,16, ,0.0,0.0,0.0,0.0,0.0
BitRate blocking probability per pair and bitRate,3,200.0Gbps,3,11, ,0.0,0.0,0.0,0.0,0.0
BitRate blocking probability per pair and bitRate,3,200.0Gbps,2,5, ,0.0,0.0,0.0,0.0,0.0
BitRate blocking probability per pair and bitRate,3,200.0Gbps,3,24, ,0.0,0.0,0.0,0.0,0.0
BitRate blocking probability per pair and bitRate,3,200.0Gbps,18,1, ,0.0,0.0,0.0,0.0,0.0
BitRate blocking probability per pair and bitRate,3,200.0Gbps,10,2, ,0.0,0.0,0.0,0.0,0.0
BitRate blocking probability per pair and bitRate,3,200.0Gbps,15,16, ,0.0,0.0,0.0,0.0,0.0
BitRate blocking probability per pair and bitRate,3,200.0Gbps,20,17, ,0.0,0.0,0.0,0.0,0.0
BitRate blocking probability per pair and bitRate,3,200.0Gbps,5,13, ,0.0,0.0,0.0,0.0,0.0
BitRate blocking probability per pair and bitRate,3,200.0Gbps,24,15, ,0.0,0.0,0.0,0.0,0.0
BitRate blocking probability per pair and bitRate,3,200.0Gbps,12,17, ,0.0,0.0,0.0,0.0,0.0
BitRate blocking probability per pair and bitRate,3,200.0Gbps,20,2, ,0.0,0.0,0.0,0.0,0.0
BitRate blocking probability per pair and bitRate,3,200.0Gbps,5,19, ,0.0,0.0,0.0,0.0,0.0
BitRate blocking probability per pair and bitRate,3,200.0Gbps,6,8, ,0.0,0.0,0.0,0.0,0.0
BitRate blocking probability per pair and bitRate,3,200.0Gbps,4,10, ,0.0,0.0,0.0,0.0,0.0
BitRate blocking probability per pair and bitRate,3,200.0Gbps,1,4, ,0.0,0.0,0.0,0.0,0.0
BitRate blocking probability per pair and bitRate,3,200.0Gbps,12,23, ,0.0,0.0,0.0,0.0,0.0
BitRate blocking probability per pair and bitRate,3,200.0Gbps,23,4, ,0.0,0.0,0.0,0.0,0.0
BitRate blocking probability per pair and bitRate,3,200.0Gbps,12,20, ,0.0,0.0,0.0,0.0,0.0
BitRate blocking probability per pair and bitRate,3,200.0Gbps,11,19, ,0.0,0.0,0.0,0.0,0.0
BitRate blocking probability per pair and bitRate,3,200.0Gbps,2,11, ,0.0,0.0,0.0,0.0,0.0
BitRate blocking probability per pair and bitRate,3,200.0Gbps,8,23, ,0.0,0.0,0.0,0.0,0.0
BitRate blocking probability per pair and bitRate,3,200.0Gbps,10,14, ,0.0,0.0,0.0,0.0,0.0
BitRate blocking probability per pair and bitRate,3,200.0Gbps,21,22, ,0.0,0.0,0.0,0.0,0.0
BitRate blocking probability per pair and bitRate,3,200.0Gbps,9,11, ,0.0,0.0,0.0,0.0,0.0
BitRate blocking probability per pair and bitRate,3,200.0Gbps,23,7, ,0.0,0.0,0.0,0.0,0.0
BitRate blocking probability per pair and bitRate,3,200.0Gbps,24,18, ,0.0,0.0,0.0,0.0,0.0
BitRate blocking probability per pair and bitRate,3,200.0Gbps,14,24, ,0.0,0.0,0.0,0.0,0.0
BitRate blocking probability per pair and bitRate,3,200.0Gbps,6,4, ,0.0,0.0,0.0,0.0,0.0
BitRate blocking probability per pair and bitRate,3,200.0Gbps,21,9, ,0.0,0.0,0.0,0.0,0.0
BitRate blocking probability per pair and bitRate,3,200.0Gbps,15,1, ,0.0,0.0,0.0,0.0,0.0
BitRate blocking probability per pair and bitRate,3,200.0Gbps,13,8, ,0.0,0.0,0.0,0.0,0.0
BitRate blocking probability per pair and bitRate,3,200.0Gbps,13,12, ,0.0,0.0,0.0,0.0,0.0
BitRate blocking probability per pair and bitRate,3,200.0Gbps,12,11, ,0.0,0.0,0.0,0.0,0.0
BitRate blocking probability per pair and bitRate,3,200.0Gbps,23,16, ,0.0,0.0,0.0,0.0,0.0
BitRate blocking probability per pair and bitRate,3,200.0Gbps,16,10, ,0.0,0.0,0.0,0.0,0.0
BitRate blocking probability per pair and bitRate,3,200.0Gbps,14,4, ,0.0,0.0,0.0,0.0,0.0
BitRate blocking probability per pair and bitRate,3,200.0Gbps,10,21, ,0.0,0.0,0.0,0.0,0.0
BitRate blocking probability per pair and bitRate,3,200.0Gbps,1,16, ,0.0,0.0,0.0,0.0,0.0
BitRate blocking probability per pair and bitRate,3,200.0Gbps,5,14, ,0.0,0.0,0.0,0.0,0.0
BitRate blocking probability per pair and bitRate,3,200.0Gbps,14,3, ,0.0,0.0,0.0,0.0,0.0
BitRate blocking probability per pair and bitRate,3,200.0Gbps,9,5, ,0.0,0.0,0.0,0.0,0.0
BitRate blocking probability per pair and bitRate,3,200.0Gbps,11,23, ,0.0,0.0,0.0,0.0,0.0
BitRate blocking probability per pair and bitRate,3,200.0Gbps,23,12, ,0.0,0.0,0.0,0.0,0.0
BitRate blocking probability per pair and bitRate,3,200.0Gbps,18,4, ,0.0,0.0,0.0,0.0,0.0
BitRate blocking probability per pair and bitRate,3,200.0Gbps,19,10, ,0.0,0.0,0.0,0.0,0.0
BitRate blocking probability per pair and bitRate,3,200.0Gbps,14,19, ,0.0,0.0,0.0,0.0,0.0
BitRate blocking probability per pair and bitRate,3,200.0Gbps,3,18, ,0.0,0.0,0.0,0.0,0.0
BitRate blocking probability per pair and bitRate,3,200.0Gbps,1,21, ,0.0,0.0,0.0,0.0,0.0
BitRate blocking probability per pair and bitRate,3,200.0Gbps,10,16, ,0.0,0.0,0.0,0.0,0.0
BitRate blocking probability per pair and bitRate,3,200.0Gbps,24,9, ,0.0,0.0,0.0,0.0,0.0
BitRate blocking probability per pair and bitRate,3,200.0Gbps,3,21, ,0.0,0.0,0.0,0.0,0.0
BitRate blocking probability per pair and bitRate,3,200.0Gbps,12,24, ,0.0,0.0,0.0,0.0,0.0
BitRate blocking probability per pair and bitRate,3,200.0Gbps,15,9, ,0.0,0.0,0.0,0.0,0.0
BitRate blocking probability per pair and bitRate,3,200.0Gbps,18,14, ,0.0,0.0,0.0,0.0,0.0
BitRate blocking probability per pair and bitRate,3,200.0Gbps,16,3, ,0.0,0.0,0.0,0.0,0.0
BitRate blocking probability per pair and bitRate,3,200.0Gbps,15,5, ,0.0,0.0,0.0,0.0,0.0
BitRate blocking probability per pair and bitRate,3,200.0Gbps,16,21, ,0.0,0.0,0.0,0.0,0.0
BitRate blocking probability per pair and bitRate,3,200.0Gbps,8,17, ,0.0,0.0,0.0,0.0,0.0
BitRate blocking probability per pair and bitRate,3,200.0Gbps,5,16, ,0.0,0.0,0.0,0.0,0.0
BitRate blocking probability per pair and bitRate,3,200.0Gbps,21,4, ,0.0,0.0,0.0,0.0,0.0
BitRate blocking probability per pair and bitRate,3,200.0Gbps,17,19, ,0.0,0.0,0.0,0.0,0.0
BitRate blocking probability per pair and bitRate,3,200.0Gbps,16,12, ,0.0,0.0,0.0,0.0,0.0
BitRate blocking probability per pair and bitRate,3,200.0Gbps,7,19, ,0.0,0.0,0.0,0.0,0.0
BitRate blocking probability per pair and bitRate,3,200.0Gbps,8,19, ,0.0,0.0,0.0,0.0,0.0
BitRate blocking probability per pair and bitRate,3,200.0Gbps,9,20, ,0.0,0.0,0.0,0.0,0.0
BitRate blocking probability per pair and bitRate,3,200.0Gbps,13,10, ,0.0,0.0,0.0,0.0,0.0
BitRate blocking probability per pair and bitRate,3,200.0Gbps,17,16, ,0.0,0.0,0.0,0.0,0.0
BitRate blocking probability per pair and bitRate,3,200.0Gbps,5,7, ,0.0,0.0,0.0,0.0,0.0
BitRate blocking probability per pair and bitRate,3,200.0Gbps,5,10, ,0.0,0.0,0.0,0.0,0.0
BitRate blocking probability per pair and bitRate,3,200.0Gbps,22,14, ,0.0,0.0,0.0,0.0,0.0
BitRate blocking probability per pair and bitRate,3,200.0Gbps,2,24, ,0.0,0.0,0.0,0.0,0.0
BitRate blocking probability per pair and bitRate,3,200.0Gbps,11,15, ,0.0,0.0,0.0,0.0,0.0
BitRate blocking probability per pair and bitRate,3,200.0Gbps,19,13, ,0.0,0.0,0.0,0.0,0.0
BitRate blocking probability per pair and bitRate,3,200.0Gbps,9,14, ,0.0,0.0,0.0,0.0,0.0
BitRate blocking probability per pair and bitRate,3,200.0Gbps,13,20, ,0.0,0.0,0.0,0.0,0.0
BitRate blocking probability per pair and bitRate,3,200.0Gbps,20,15, ,0.0,0.0,0.0,0.0,0.0
BitRate blocking probability per pair and bitRate,3,200.0Gbps,1,9, ,0.0,0.0,0.0,0.0,0.0
BitRate blocking probability per pair and bitRate,3,200.0Gbps,4,16, ,0.0,0.0,0.0,0.0,0.0
BitRate blocking probability per pair and bitRate,3,200.0Gbps,21,20, ,0.0,0.0,0.0,0.0,0.0
BitRate blocking probability per pair and bitRate,3,200.0Gbps,6,18, ,0.0,0.0,0.0,0.0,0.0
BitRate blocking probability per pair and bitRate,3,200.0Gbps,3,20, ,0.0,0.0,0.0,0.0,0.0
BitRate blocking probability per pair and bitRate,3,200.0Gbps,21,10, ,0.0,0.0,0.0,0.0,0.0
BitRate blocking probability per pair and bitRate,3,200.0Gbps,2,19, ,0.0,0.0,0.0,0.0,0.0
BitRate blocking probability per pair and bitRate,3,200.0Gbps,7,17, ,0.0,0.0,0.0,0.0,0.0
BitRate blocking probability per pair and bitRate,3,200.0Gbps,14,5, ,0.0,0.0,0.0,0.0,0.0
BitRate blocking probability per pair and bitRate,3,200.0Gbps,7,13, ,0.0,0.0,0.0,0.0,0.0
BitRate blocking probability per pair and bitRate,3,200.0Gbps,5,15, ,0.0,0.0,0.0,0.0,0.0
BitRate blocking probability per pair and bitRate,3,200.0Gbps,18,8, ,0.0,0.0,0.0,0.0,0.0
BitRate blocking probability per pair and bitRate,3,200.0Gbps,19,17, ,0.0,0.0,0.0,0.0,0.0
BitRate blocking probability per pair and bitRate,3,200.0Gbps,19,21, ,0.0,0.0,0.0,0.0,0.0
BitRate blocking probability per pair and bitRate,3,200.0Gbps,19,3, ,0.0,0.0,0.0,0.0,0.0
BitRate blocking probability per pair and bitRate,3,200.0Gbps,13,19, ,0.0,0.0,0.0,0.0,0.0
BitRate blocking probability per pair and bitRate,3,200.0Gbps,12,18, ,0.0,0.0,0.0,0.0,0.0
BitRate blocking probability per pair and bitRate,3,200.0Gbps,13,3, ,0.0,0.0,0.0,0.0,0.0
BitRate blocking probability per pair and bitRate,3,200.0Gbps,7,18, ,0.0,0.0,0.0,0.0,0.0
BitRate blocking probability per pair and bitRate,3,200.0Gbps,17,12, ,0.0,0.0,0.0,0.0,0.0
BitRate blocking probability per pair and bitRate,3,200.0Gbps,13,9, ,0.0,0.0,0.0,0.0,0.0
BitRate blocking probability per pair and bitRate,3,200.0Gbps,6,22, ,0.0,0.0,0.0,0.0,0.0
BitRate blocking probability per pair and bitRate,3,200.0Gbps,1,15, ,0.0,0.0,0.0,0.0,0.0
BitRate blocking probability per pair and bitRate,3,200.0Gbps,3,19, ,0.0,0.0,0.0,0.0,0.0
BitRate blocking probability per pair and bitRate,3,200.0Gbps,12,4, ,0.0,0.0,0.0,0.0,0.0
BitRate blocking probability per pair and bitRate,3,200.0Gbps,16,24, ,0.0,0.0,0.0,0.0,0.0
BitRate blocking probability per pair and bitRate,3,200.0Gbps,6,10, ,0.0,0.0,0.0,0.0,0.0
BitRate blocking probability per pair and bitRate,3,200.0Gbps,2,18, ,0.0,0.0,0.0,0.0,0.0
BitRate blocking probability per pair and bitRate,3,200.0Gbps,18,21, ,0.0,0.0,0.0,0.0,0.0
BitRate blocking probability per pair and bitRate,3,200.0Gbps,18,3, ,0.0,0.0,0.0,0.0,0.0
BitRate blocking probability per pair and bitRate,3,200.0Gbps,15,18, ,0.0,0.0,0.0,0.0,0.0
BitRate blocking probability per pair and bitRate,3,200.0Gbps,4,14, ,0.0,0.0,0.0,0.0,0.0
BitRate blocking probability per pair and bitRate,3,200.0Gbps,7,20, ,0.0,0.0,0.0,0.0,0.0
BitRate blocking probability per pair and bitRate,3,200.0Gbps,13,15, ,0.0,0.0,0.0,0.0,0.0
BitRate blocking probability per pair and bitRate,3,200.0Gbps,13,21, ,0.0,0.0,0.0,0.0,0.0
BitRate blocking probability per pair and bitRate,3,200.0Gbps,15,14, ,0.0,0.0,0.0,0.0,0.0
BitRate blocking probability per pair and bitRate,3,200.0Gbps,3,15, ,0.0,0.0,0.0,0.0,0.0
BitRate blocking probability per pair and bitRate,3,200.0Gbps,18,5, ,0.0,0.0,0.0,0.0,0.0
BitRate blocking probability per pair and bitRate,3,200.0Gbps,12,1, ,0.0,0.0,0.0,0.0,0.0
BitRate blocking probability per pair and bitRate,3,200.0Gbps,6,7, ,0.0,0.0,0.0,0.0,0.0
BitRate blocking probability per pair and bitRate,3,200.0Gbps,24,3, ,0.0,0.0,0.0,0.0,0.0
BitRate blocking probability per pair and bitRate,3,200.0Gbps,19,5, ,0.0,0.0,0.0,0.0,0.0
BitRate blocking probability per pair and bitRate,3,200.0Gbps,20,19, ,0.0,0.0,0.0,0.0,0.0
BitRate blocking probability per pair and bitRate,3,200.0Gbps,5,17, ,0.0,0.0,0.0,0.0,0.0
BitRate blocking probability per pair and bitRate,3,200.0Gbps,20,12, ,0.0,0.0,0.0,0.0,0.0
BitRate blocking probability per pair and bitRate,3,200.0Gbps,4,22, ,0.0,6.611871863674605E-4,0.0,0.0,0.0
BitRate blocking probability per pair and bitRate,3,200.0Gbps,7,8, ,0.0,0.0,0.0,0.0,0.0
BitRate blocking probability per pair and bitRate,3,200.0Gbps,14,1, ,0.0,0.0,0.0,0.0,0.0
BitRate blocking probability per pair and bitRate,3,200.0Gbps,20,21, ,0.0,0.0,0.0,0.0,0.0
BitRate blocking probability per pair and bitRate,3,200.0Gbps,1,6, ,0.0,0.0,0.0,0.0,0.0
BitRate blocking probability per pair and bitRate,3,200.0Gbps,13,2, ,0.0,0.0,0.0,0.0,0.0
BitRate blocking probability per pair and bitRate,3,200.0Gbps,14,20, ,0.0,0.0,0.0,0.0,0.0
BitRate blocking probability per pair and bitRate,3,200.0Gbps,16,20, ,0.0,0.0,0.0,0.0,0.0
BitRate blocking probability per pair and bitRate,3,200.0Gbps,18,15, ,0.0,0.0,0.0,0.0,0.0
BitRate blocking probability per pair and bitRate,3,200.0Gbps,6,2, ,0.0,0.0,0.0,0.0,0.0
BitRate blocking probability per pair and bitRate,3,200.0Gbps,9,15, ,0.0,0.0,0.0,0.0,0.0
BitRate blocking probability per pair and bitRate,3,200.0Gbps,15,17, ,0.0,0.0,0.0,0.0,0.0
BitRate blocking probability per pair and bitRate,3,200.0Gbps,18,2, ,0.0,0.0,0.0,0.0,0.0
BitRate blocking probability per pair and bitRate,3,200.0Gbps,15,24, ,0.0,0.0,0.0,0.0,0.0
BitRate blocking probability per pair and bitRate,3,200.0Gbps,7,10, ,0.0,0.0,0.0,0.0,0.0
BitRate blocking probability per pair and bitRate,3,200.0Gbps,14,21, ,0.0,0.0,0.0,0.0,0.0
BitRate blocking probability per pair and bitRate,3,200.0Gbps,23,15, ,0.0,0.0,0.0,0.0,0.0
BitRate blocking probability per pair and bitRate,3,200.0Gbps,11,1, ,0.0,0.0,0.0,0.0,0.0
BitRate blocking probability per pair and bitRate,3,200.0Gbps,19,20, ,0.0,0.0,0.0,0.0,0.0
BitRate blocking probability per pair and bitRate,3,200.0Gbps,1,8, ,0.0,0.0,0.0,0.0,0.0
BitRate blocking probability per pair and bitRate,3,200.0Gbps,16,1, ,0.0,0.0,0.0,0.0,0.0
BitRate blocking probability per pair and bitRate,3,200.0Gbps,24,5, ,0.0,0.0,0.0,0.0,0.0
BitRate blocking probability per pair and bitRate,3,200.0Gbps,2,4, ,0.0,0.0,0.0,0.0,0.0
BitRate blocking probability per pair and bitRate,3,200.0Gbps,10,5, ,0.0,0.0,0.0,0.0,0.0
BitRate blocking probability per pair and bitRate,3,200.0Gbps,21,7, ,0.0,0.0,0.0,0.0,0.0
BitRate blocking probability per pair and bitRate,3,200.0Gbps,23,11, ,0.0,0.0,0.0,0.0,0.0
BitRate blocking probability per pair and bitRate,3,200.0Gbps,19,6, ,0.0,0.0,0.0,0.0,0.0
BitRate blocking probability per pair and bitRate,3,200.0Gbps,10,17, ,0.0,0.0,0.0,0.0,0.0
BitRate blocking probability per pair and bitRate,3,200.0Gbps,3,8, ,0.0,0.0,0.0,0.0,0.0
BitRate blocking probability per pair and bitRate,3,200.0Gbps,3,23, ,0.0,0.0,0.0,0.0,0.0
BitRate blocking probability per pair and bitRate,3,200.0Gbps,17,9, ,0.0,0.0,0.0,0.0,0.0
BitRate blocking probability per pair and bitRate,3,200.0Gbps,9,18, ,0.0,0.0,0.0,0.0,0.0
BitRate blocking probability per pair and bitRate,3,200.0Gbps,1,3, ,0.0,0.0,0.0,0.0,0.0
BitRate blocking probability per pair and bitRate,3,200.0Gbps,10,20, ,0.0,0.0,0.0,0.0,0.0
BitRate blocking probability per pair and bitRate,3,200.0Gbps,21,6, ,0.0,0.0,0.0,0.0,0.0
BitRate blocking probability per pair and bitRate,3,200.0Gbps,8,5, ,0.0,0.0,0.0,0.0,0.0
BitRate blocking probability per pair and bitRate,3,200.0Gbps,9,8, ,0.0,0.0,0.0,0.0,0.0
BitRate blocking probability per pair and bitRate,3,200.0Gbps,24,4, ,0.0,0.0,0.0,0.0,0.0
BitRate blocking probability per pair and bitRate,3,200.0Gbps,1,12, ,0.0,0.0,0.0,0.0,0.0
BitRate blocking probability per pair and bitRate,3,200.0Gbps,11,5, ,0.0,0.0,0.0,0.0,0.0
BitRate blocking probability per pair and bitRate,3,200.0Gbps,22,7, ,0.0,0.0,0.0,0.0,0.0
BitRate blocking probability per pair and bitRate,3,200.0Gbps,22,8, ,0.0,0.0,0.0,0.0,0.0
BitRate blocking probability per pair and bitRate,3,200.0Gbps,20,22, ,0.0,0.0,0.0,0.0,0.0
BitRate blocking probability per pair and bitRate,3,200.0Gbps,13,24, ,0.0,0.0,0.0,0.0,0.0
BitRate blocking probability per pair and bitRate,3,200.0Gbps,1,7, ,0.0,0.0,0.0,0.0,0.0
BitRate blocking probability per pair and bitRate,3,200.0Gbps,17,20, ,0.0,0.0,0.0,0.0,0.0
BitRate blocking probability per pair and bitRate,3,200.0Gbps,16,18, ,0.0,0.0,0.0,0.0,0.0
BitRate blocking probability per pair and bitRate,3,200.0Gbps,16,8, ,0.0,0.0,0.0,0.0,0.0
BitRate blocking probability per pair and bitRate,3,200.0Gbps,12,15, ,0.0,0.0,0.0,0.0,0.0
BitRate blocking probability per pair and bitRate,3,200.0Gbps,17,5, ,0.0,0.0,0.0,0.0,0.0
BitRate blocking probability per pair and bitRate,3,200.0Gbps,23,14, ,0.0,0.0,0.0,0.0,0.0
BitRate blocking probability per pair and bitRate,3,200.0Gbps,1,19, ,0.0,0.0,0.0,0.0,0.0
BitRate blocking probability per pair and bitRate,3,200.0Gbps,17,7, ,0.0,0.0,0.0,0.0,0.0
BitRate blocking probability per pair and bitRate,3,200.0Gbps,18,9, ,0.0,0.0,0.0,0.0,0.0
BitRate blocking probability per pair and bitRate,3,200.0Gbps,18,23, ,0.0,0.0,0.0,0.0,0.0
BitRate blocking probability per pair and bitRate,3,200.0Gbps,13,22, ,0.0,0.0,0.0,0.0,0.0
BitRate blocking probability per pair and bitRate,3,200.0Gbps,7,6, ,0.0,0.0,0.0,0.0,0.0
BitRate blocking probability per pair and bitRate,3,200.0Gbps,9,23, ,0.0,0.0,0.0,0.0,0.0
BitRate blocking probability per pair and bitRate,3,200.0Gbps,13,6, ,0.0,0.0,0.0,0.0,0.0
BitRate blocking probability per pair and bitRate,3,200.0Gbps,15,8, ,0.0,0.0,0.0,0.0,0.0
BitRate blocking probability per pair and bitRate,3,200.0Gbps,13,14, ,0.0,0.0,0.0,0.0,0.0
BitRate blocking probability per pair and bitRate,3,200.0Gbps,20,3, ,0.0,0.0,0.0,0.0,0.0
BitRate blocking probability per pair and bitRate,3,200.0Gbps,21,16, ,0.0,0.0,0.0,0.0,0.0
BitRate blocking probability per pair and bitRate,3,200.0Gbps,3,16, ,0.0,0.0,0.0,0.0,0.0
BitRate blocking probability per pair and bitRate,3,200.0Gbps,22,13, ,0.0,0.0,0.0,0.0,0.0
BitRate blocking probability per pair and bitRate,3,200.0Gbps,3,14, ,0.0,0.0,0.0,0.0,0.0
BitRate blocking probability per pair and bitRate,3,200.0Gbps,3,7, ,0.0,0.0,0.0,0.0,0.0
BitRate blocking probability per pair and bitRate,3,200.0Gbps,10,22, ,0.0,0.0,0.0,0.0,0.0
BitRate blocking probability per pair and bitRate,3,200.0Gbps,8,10, ,0.0,0.0,0.0,0.0,0.0
BitRate blocking probability per pair and bitRate,3,200.0Gbps,22,6, ,0.0,0.0,0.0,0.0,0.0
BitRate blocking probability per pair and bitRate,3,200.0Gbps,5,2, ,0.0,0.0,0.0,0.0,0.0
BitRate blocking probability per pair and bitRate,3,200.0Gbps,13,5, ,0.0,0.0,0.0,0.0,0.0
BitRate blocking probability per pair and bitRate,3,200.0Gbps,23,8, ,0.0,0.0,0.0,0.0,0.0
BitRate blocking probability per pair and bitRate,3,200.0Gbps,13,11, ,0.0,0.0,0.0,0.0,0.0
BitRate blocking probability per pair and bitRate,3,200.0Gbps,13,7, ,0.0,0.0,0.0,0.0,0.0
BitRate blocking probability per pair and bitRate,3,200.0Gbps,3,13, ,0.0,0.0,0.0,0.0,0.0
BitRate blocking probability per pair and bitRate,3,200.0Gbps,10,12, ,0.0,0.0,0.0,0.0,0.0
BitRate blocking probability per pair and bitRate,3,200.0Gbps,24,11, ,0.0,0.0,0.0,0.0,0.0
BitRate blocking probability per pair and bitRate,3,200.0Gbps,9,7, ,0.0,0.0,0.0,0.0,0.0
BitRate blocking probability per pair and bitRate,3,200.0Gbps,24,12, ,0.0,0.0,0.0,0.0,0.0
BitRate blocking probability per pair and bitRate,3,200.0Gbps,15,3, ,0.0,0.0,0.0,0.0,0.0
BitRate blocking probability per pair and bitRate,3,200.0Gbps,22,11, ,0.0,0.0,0.0,0.0,0.0
BitRate blocking probability per pair and bitRate,3,200.0Gbps,18,19, ,0.0,0.0,0.0,0.0,0.0
BitRate blocking probability per pair and bitRate,3,200.0Gbps,16,7, ,0.0,0.0,0.0,0.0,0.0
BitRate blocking probability per pair and bitRate,3,200.0Gbps,5,24, ,0.0,0.0,0.0,0.0,0.0
BitRate blocking probability per pair and bitRate,3,200.0Gbps,10,19, ,0.0,0.0,0.0,0.0,0.0
BitRate blocking probability per pair and bitRate,3,200.0Gbps,23,13, ,0.0,0.0,0.0,0.0,0.0
BitRate blocking probability per pair and bitRate,3,200.0Gbps,12,3, ,0.0,0.0,0.0,0.0,0.0
BitRate blocking probability per pair and bitRate,3,200.0Gbps,9,10, ,0.0,0.0,0.0,0.0,0.0
BitRate blocking probability per pair and bitRate,3,200.0Gbps,4,18, ,0.0,0.0,0.0,0.0,0.0
BitRate blocking probability per pair and bitRate,3,200.0Gbps,4,19, ,0.0277224170464725,0.0,0.018244665196634872,0.0,0.0
BitRate blocking probability per pair and bitRate,3,200.0Gbps,17,15, ,0.0,0.0,0.0,0.0,0.0
BitRate blocking probability per pair and bitRate,3,200.0Gbps,2,22, ,0.0,0.0,0.0,0.0,0.0
BitRate blocking probability per pair and bitRate,3,200.0Gbps,11,17, ,0.0,0.0,0.0,0.0,0.0
BitRate blocking probability per pair and bitRate,3,200.0Gbps,18,13, ,0.0,0.0,0.0,0.0,0.0
BitRate blocking probability per pair and bitRate,3,200.0Gbps,24,10, ,0.0,0.0,0.0,0.0,0.0
BitRate blocking probability per pair and bitRate,3,200.0Gbps,11,13, ,0.0,0.0,0.0,0.0,0.0
BitRate blocking probability per pair and bitRate,3,200.0Gbps,12,22, ,0.0,0.0,0.0,0.0,0.0
BitRate blocking probability per pair and bitRate,3,200.0Gbps,20,23, ,0.0,0.0,0.0,0.0,0.0
BitRate blocking probability per pair and bitRate,3,200.0Gbps,4,7, ,0.0,0.0,0.0,0.0,0.0
BitRate blocking probability per pair and bitRate,3,200.0Gbps,9,12, ,0.0,0.0,0.0,0.0,0.0
BitRate blocking probability per pair and bitRate,3,200.0Gbps,4,13, ,0.0,0.0,0.0,0.0,0.0
BitRate blocking probability per pair and bitRate,3,200.0Gbps,20,13, ,0.0,0.0,0.0,0.0,0.0
BitRate blocking probability per pair and bitRate,3,200.0Gbps,10,3, ,0.0,0.0,0.0,0.0,0.0
BitRate blocking probability per pair and bitRate,3,200.0Gbps,21,3, ,0.0,0.0,0.0,0.0,0.0
BitRate blocking probability per pair and bitRate,3,200.0Gbps,7,9, ,0.0,0.0,0.0,0.0,0.0
BitRate blocking probability per pair and bitRate,3,200.0Gbps,12,19, ,0.0,0.0,0.0,0.0,0.0
BitRate blocking probability per pair and bitRate,3,200.0Gbps,19,16, ,0.0,0.0,0.0,0.0,0.0
BitRate blocking probability per pair and bitRate,3,200.0Gbps,20,11, ,0.0,0.0,0.0,0.0,0.0
BitRate blocking probability per pair and bitRate,3,200.0Gbps,22,9, ,0.0,0.0,0.0,0.0,0.0
BitRate blocking probability per pair and bitRate,3,200.0Gbps,7,11, ,0.0,0.0,0.0,0.0,0.0
BitRate blocking probability per pair and bitRate,3,200.0Gbps,6,1, ,0.0,0.0,0.0,0.0,0.0
BitRate blocking probability per pair and bitRate,3,200.0Gbps,6,14, ,0.0,0.0,0.0,0.0,0.0
BitRate blocking probability per pair and bitRate,3,200.0Gbps,21,1, ,0.0,0.0,0.0,0.0,0.0
BitRate blocking probability per pair and bitRate,3,200.0Gbps,4,23, ,0.0,0.0,0.0,0.0,0.0
BitRate blocking probability per pair and bitRate,3,200.0Gbps,1,5, ,0.0,0.0,0.0,0.0,0.0
BitRate blocking probability per pair and bitRate,3,200.0Gbps,3,22, ,0.0,0.0,0.0,0.0,0.0
BitRate blocking probability per pair and bitRate,3,200.0Gbps,5,23, ,0.0,0.0,0.0,0.0,0.0
BitRate blocking probability per pair and bitRate,3,200.0Gbps,14,9, ,0.0,0.0,0.0,0.0,0.0
BitRate blocking probability per pair and bitRate,3,200.0Gbps,23,6, ,0.0,0.0,0.0,0.0,0.0
BitRate blocking probability per pair and bitRate,3,200.0Gbps,6,19, ,0.0,0.0,0.0026432637309672232,0.0,0.0
BitRate blocking probability per pair and bitRate,3,200.0Gbps,14,13, ,0.0,0.0,0.0,0.0,0.0
BitRate blocking probability per pair and bitRate,3,200.0Gbps,14,11, ,0.0,0.0,0.0,0.0,0.0
BitRate blocking probability per pair and bitRate,3,200.0Gbps,12,21, ,0.0,0.0,0.0,0.0,0.0
BitRate blocking probability per pair and bitRate,3,200.0Gbps,2,8, ,0.0,0.0,0.0,0.0,0.0
BitRate blocking probability per pair and bitRate,3,200.0Gbps,16,13, ,0.0,0.0,0.0,0.0,0.0
BitRate blocking probability per pair and bitRate,3,200.0Gbps,20,18, ,0.0,0.0,0.0,0.0,0.0
BitRate blocking probability per pair and bitRate,3,200.0Gbps,6,9, ,0.0,0.0,0.0,0.0,0.0
BitRate blocking probability per pair and bitRate,3,200.0Gbps,6,23, ,0.0,0.0,0.0,0.0,0.0
BitRate blocking probability per pair and bitRate,3,200.0Gbps,10,4, ,0.0,0.0,0.0,0.0,0.0
BitRate blocking probability per pair and bitRate,3,200.0Gbps,17,23, ,0.0,0.0,0.0,0.0,0.0
BitRate blocking probability per pair and bitRate,3,200.0Gbps,17,18, ,0.0,0.0,0.0,0.0,0.0
BitRate blocking probability per pair and bitRate,3,200.0Gbps,14,12, ,0.0,0.0,0.0,0.0,0.0
BitRate blocking probability per pair and bitRate,3,200.0Gbps,14,17, ,0.0,0.0,0.0,0.0,0.0
BitRate blocking probability per pair and bitRate,3,200.0Gbps,19,7, ,0.0,0.0,0.0,0.0,0.0
BitRate blocking probability per pair and bitRate,3,200.0Gbps,7,24, ,0.0,0.0,0.0,0.0,0.0
BitRate blocking probability per pair and bitRate,3,200.0Gbps,11,18, ,0.0,0.0,0.0,0.0,0.0
BitRate blocking probability per pair and bitRate,3,200.0Gbps,11,10, ,0.0,0.0,0.0,0.0,0.0
BitRate blocking probability per pair and bitRate,3,200.0Gbps,14,22, ,0.0,0.0,0.0,0.0,0.0
BitRate blocking probability per pair and bitRate,3,200.0Gbps,4,9, ,0.0,0.0,0.0,0.0,0.0
BitRate blocking probability per pair and bitRate,3,200.0Gbps,22,21, ,0.0,0.0,0.0,0.0,0.0
BitRate blocking probability per pair and bitRate,3,200.0Gbps,22,24, ,0.0,0.0,0.0,0.0,0.0
BitRate blocking probability per pair and bitRate,3,200.0Gbps,8,15, ,0.0,0.0,0.0,0.0,0.0
BitRate blocking probability per pair and bitRate,3,200.0Gbps,12,5, ,0.0,0.0,0.0,0.0,0.0
BitRate blocking probability per pair and bitRate,3,200.0Gbps,7,23, ,0.0,0.0,0.0,0.0,0.0
BitRate blocking probability per pair and bitRate,3,200.0Gbps,24,14, ,0.0,0.0,0.0,0.0,0.0
BitRate blocking probability per pair and bitRate,3,200.0Gbps,1,2, ,0.0,0.0,0.0,0.0,0.0
BitRate blocking probability per pair and bitRate,3,200.0Gbps,15,22, ,0.0,0.0,0.0,0.0,0.0
BitRate blocking probability per pair and bitRate,3,200.0Gbps,19,14, ,0.0,0.0,0.0,0.0,0.0
BitRate blocking probability per pair and bitRate,3,200.0Gbps,21,23, ,0.0,0.0,0.0,0.0,0.0
BitRate blocking probability per pair and bitRate,3,200.0Gbps,8,1, ,0.0,0.0,0.0,0.0,0.0
BitRate blocking probability per pair and bitRate,3,200.0Gbps,18,10, ,0.0,0.0,0.0,0.0,0.0
BitRate blocking probability per pair and bitRate,3,200.0Gbps,17,3, ,0.0,0.0,0.0,0.0,0.0
BitRate blocking probability per pair and bitRate,3,200.0Gbps,5,9, ,0.0,0.0,0.0,0.0,0.0
BitRate blocking probability per pair and bitRate,3,200.0Gbps,19,8, ,0.0,0.0,0.0,0.0,0.0
BitRate blocking probability per pair and bitRate,3,200.0Gbps,4,21, ,0.0,0.0,0.0,0.0,0.0
BitRate blocking probability per pair and bitRate,3,200.0Gbps,8,16, ,0.0,0.0,0.0,0.0,0.0
BitRate blocking probability per pair and bitRate,3,200.0Gbps,5,12, ,0.0,0.0,0.0,0.0,0.0
BitRate blocking probability per pair and bitRate,3,200.0Gbps,6,16, ,0.0,0.0,0.0,0.0,0.0
BitRate blocking probability per pair and bitRate,3,200.0Gbps,20,10, ,0.0,0.0,0.0,0.0,0.0
BitRate blocking probability per pair and bitRate,3,200.0Gbps,2,15, ,0.0,0.0,0.0,0.0,0.0
BitRate blocking probability per pair and bitRate,3,200.0Gbps,20,6, ,0.0,0.0,0.0,0.0,0.0
BitRate blocking probability per pair and bitRate,3,200.0Gbps,21,13, ,0.0,0.0,0.0,0.0,0.0
BitRate blocking probability per pair and bitRate,3,200.0Gbps,6,21, ,0.0,0.0,0.0,0.0,0.0
BitRate blocking probability per pair and bitRate,3,200.0Gbps,18,16, ,0.0,0.0,0.0,0.0,0.0
BitRate blocking probability per pair and bitRate,3,200.0Gbps,5,21, ,0.0,0.0,0.0,0.0,0.0
BitRate blocking probability per pair and bitRate,3,200.0Gbps,15,11, ,0.0,0.0,0.0,0.0,0.0
BitRate blocking probability per pair and bitRate,3,200.0Gbps,8,12, ,0.0,0.0,0.0,0.0,0.0
BitRate blocking probability per pair and bitRate,3,200.0Gbps,19,1, ,0.0,0.0,0.0,0.0,0.0
BitRate blocking probability per pair and bitRate,3,200.0Gbps,21,14, ,0.0,0.0,0.0,0.0,0.0
BitRate blocking probability per pair and bitRate,3,200.0Gbps,2,13, ,0.0,0.0,0.0,0.0,0.0
BitRate blocking probability per pair and bitRate,3,200.0Gbps,17,6, ,0.0,0.0,0.0,0.0,0.0
BitRate blocking probability per pair and bitRate,3,200.0Gbps,24,1, ,0.0,0.0,0.0,0.0,0.0
BitRate blocking probability per pair and bitRate,3,200.0Gbps,8,3, ,0.0,0.0,0.0,0.0,0.0
BitRate blocking probability per pair and bitRate,3,200.0Gbps,1,22, ,0.0,0.0,0.0,0.0,0.0
BitRate blocking probability per pair and bitRate,3,200.0Gbps,23,3, ,0.0,0.0,0.0,0.0,0.0
BitRate blocking probability per pair and bitRate,3,200.0Gbps,2,1, ,0.0,0.0,0.0,0.0,0.0
BitRate blocking probability per pair and bitRate,3,200.0Gbps,15,23, ,0.0,0.0,0.0,0.0,0.0
BitRate blocking probability per pair and bitRate,3,200.0Gbps,19,15, ,0.0,0.0,0.0,0.0,0.0
BitRate blocking probability per pair and bitRate,3,200.0Gbps,2,23, ,0.0,0.0,0.0,0.0,0.0
BitRate blocking probability per pair and bitRate,3,200.0Gbps,13,17, ,0.0,0.0,0.0,0.0,0.0
BitRate blocking probability per pair and bitRate,3,200.0Gbps,1,10, ,0.0,0.0,0.0,0.0,0.0
BitRate blocking probability per pair and bitRate,3,200.0Gbps,5,22, ,0.0,0.0,0.0,0.0,0.0
BitRate blocking probability per pair and bitRate,3,200.0Gbps,18,24, ,0.0,0.0,0.0,0.0,0.0
BitRate blocking probability per pair and bitRate,3,200.0Gbps,19,23, ,0.0,0.0,0.0,0.0,0.0
BitRate blocking probability per pair and bitRate,3,200.0Gbps,20,8, ,0.0,0.0,0.0,0.0,0.0
BitRate blocking probability per pair and bitRate,3,200.0Gbps,10,6, ,0.0,0.0,0.0,0.0,0.0
BitRate blocking probability per pair and bitRate,3,200.0Gbps,2,6, ,0.0,0.0,0.0,0.0,0.0
BitRate blocking probability per pair and bitRate,3,200.0Gbps,16,14, ,0.0,0.0,0.0,0.0,0.0
BitRate blocking probability per pair and bitRate,3,200.0Gbps,24,19, ,0.0,0.0,0.0,0.0,0.0
BitRate blocking probability per pair and bitRate,3,200.0Gbps,23,19, ,0.0,0.0,0.0,0.0,0.0
BitRate blocking probability per pair and bitRate,3,200.0Gbps,12,2, ,0.0,0.0,0.0,0.0,0.0
BitRate blocking probability per pair and bitRate,3,200.0Gbps,23,1, ,0.0,0.0,0.0,0.0,0.0
BitRate blocking probability per pair and bitRate,3,200.0Gbps,15,7, ,0.0,0.0,0.0,0.0,0.0
BitRate blocking probability per pair and bitRate,3,200.0Gbps,22,12, ,0.0,0.0,0.0,0.0,0.0
BitRate blocking probability per pair and bitRate,3,200.0Gbps,3,6, ,0.0,0.0,0.0,0.0,0.0
BitRate blocking probability per pair and bitRate,3,200.0Gbps,4,2, ,0.0,0.0,0.0,0.0,0.0
BitRate blocking probability per pair and bitRate,3,200.0Gbps,13,1, ,0.0,0.0,0.0,0.0,0.0
BitRate blocking probability per pair and bitRate,3,200.0Gbps,6,5, ,0.0,0.0,0.0,0.0,0.0
BitRate blocking probability per pair and bitRate,3,200.0Gbps,16,22, ,0.0,0.0,0.0,0.0,0.0
BitRate blocking probability per pair and bitRate,3,200.0Gbps,7,5, ,0.0,0.0,0.0,0.0,0.0
BitRate blocking probability per pair and bitRate,3,200.0Gbps,6,24, ,0.0,0.0,0.0,0.0,0.0
BitRate blocking probability per pair and bitRate,3,200.0Gbps,18,17, ,0.0,0.0,0.0,0.0,0.0
BitRate blocking probability per pair and bitRate,3,200.0Gbps,22,3, ,0.0,0.0,0.0,0.0,0.0
BitRate blocking probability per pair and bitRate,3,200.0Gbps,13,4, ,0.0,0.0,0.0,0.0,0.0
BitRate blocking probability per pair and bitRate,3,200.0Gbps,16,5, ,0.0,0.0,0.0,0.0,0.0
BitRate blocking probability per pair and bitRate,3,200.0Gbps,18,11, ,0.0,0.0,0.0,0.0,0.0
BitRate blocking probability per pair and bitRate,3,200.0Gbps,6,11, ,0.0,0.0,0.0,0.0,0.0
BitRate blocking probability per pair and bitRate,3,200.0Gbps,17,13, ,0.0,0.0,0.0,0.0,0.0
BitRate blocking probability per pair and bitRate,3,200.0Gbps,7,3, ,0.0,0.0,0.0,0.0,0.0
BitRate blocking probability per pair and bitRate,3,200.0Gbps,22,23, ,0.0,0.0,0.0,0.0,0.0
BitRate blocking probability per pair and bitRate,3,200.0Gbps,10,13, ,0.0,0.0,0.0,0.0,0.0
BitRate blocking probability per pair and bitRate,3,200.0Gbps,14,7, ,0.0,0.0,0.0,0.0,0.0
BitRate blocking probability per pair and bitRate,3,200.0Gbps,20,16, ,0.0,0.0,0.0,0.0,0.0
BitRate blocking probability per pair and bitRate,3,200.0Gbps,14,8, ,0.0,0.0,0.0,0.0,0.0
BitRate blocking probability per pair and bitRate,3,200.0Gbps,7,4, ,0.0,0.0,0.0,0.0,0.0
BitRate blocking probability per pair and bitRate,3,200.0Gbps,8,14, ,0.0,0.0,0.0,0.0,0.0
BitRate blocking probability per pair and bitRate,3,200.0Gbps,3,12, ,0.0,0.0,0.0,0.0,0.0
BitRate blocking probability per pair and bitRate,3,200.0Gbps,7,2, ,0.0,0.0,0.0,0.0,0.0
BitRate blocking probability per pair and bitRate,3,200.0Gbps,10,11, ,0.0,0.0,0.0,0.0,0.0
BitRate blocking probability per pair and bitRate,3,200.0Gbps,11,14, ,0.0,0.0,0.0,0.0,0.0
BitRate blocking probability per pair and bitRate,3,200.0Gbps,20,24, ,0.0,0.0,0.0,0.0,0.0
BitRate blocking probability per pair and bitRate,3,200.0Gbps,20,4, ,0.0,0.0,0.0,0.0,0.0
BitRate blocking probability per pair and bitRate,3,200.0Gbps,23,2, ,0.0,0.0,0.0,0.0,0.0
BitRate blocking probability per pair and bitRate,3,200.0Gbps,22,2, ,0.0,0.0,0.0,0.0,0.0
BitRate blocking probability per pair and bitRate,3,200.0Gbps,22,19, ,0.0,0.0,0.0,0.0,0.0
BitRate blocking probability per pair and bitRate,3,200.0Gbps,24,23, ,0.0,0.0,0.0,0.0,0.0
BitRate blocking probability per pair and bitRate,3,200.0Gbps,6,17, ,0.0,0.0,0.0,0.0,0.0
BitRate blocking probability per pair and bitRate,3,200.0Gbps,4,15, ,0.0,0.0,0.0,0.0,0.0
BitRate blocking probability per pair and bitRate,3,200.0Gbps,20,7, ,0.0,0.0,0.0,0.0,0.0
BitRate blocking probability per pair and bitRate,3,200.0Gbps,10,8, ,0.0,0.0,0.0,0.0,0.0
BitRate blocking probability per pair and bitRate,3,200.0Gbps,10,24, ,0.0,0.0,0.0,0.0,0.0
BitRate blocking probability per pair and bitRate,3,200.0Gbps,12,16, ,0.0,0.0,0.0,0.0,0.0
BitRate blocking probability per pair and bitRate,3,200.0Gbps,8,13, ,0.0,0.0,0.0,0.0,0.0
BitRate blocking probability per pair and bitRate,3,200.0Gbps,11,4, ,0.0,0.0,0.0,0.0,0.0
BitRate blocking probability per pair and bitRate,3,200.0Gbps,22,17, ,0.0,0.0,0.0,0.0,0.0
BitRate blocking probability per pair and bitRate,3,200.0Gbps,4,1, ,0.0,0.0,0.0,0.0,0.0
BitRate blocking probability per pair and bitRate,3,200.0Gbps,14,6, ,0.0,0.0,0.0,0.0,0.0
BitRate blocking probability per pair and bitRate,3,200.0Gbps,14,10, ,0.0,0.0,0.0,0.0,0.0
BitRate blocking probability per pair and bitRate,3,200.0Gbps,24,6, ,0.0,0.0,0.0,0.0,0.0
BitRate blocking probability per pair and bitRate,3,200.0Gbps,15,2, ,0.0,0.0,0.0,0.0,0.0
BitRate blocking probability per pair and bitRate,3,200.0Gbps,22,10, ,0.0,0.0,0.0,0.0,0.0
BitRate blocking probability per pair and bitRate,3,200.0Gbps,4,17, ,0.0,0.0,0.0,0.0,0.027799098351462662
BitRate blocking probability per pair and bitRate,3,200.0Gbps,17,2, ,0.0,0.0,0.0,0.0,0.0
BitRate blocking probability per pair and bitRate,3,200.0Gbps,18,20, ,0.0,0.0,0.0,0.0,0.0
BitRate blocking probability per pair and bitRate,3,200.0Gbps,17,21, ,0.0,0.0,0.0,0.0,0.0
BitRate blocking probability per pair and bitRate,3,200.0Gbps,18,6, ,0.0,0.0,0.0,0.0,0.0
BitRate blocking probability per pair and bitRate,3,200.0Gbps,10,15, ,0.0,0.0,0.0,0.0,0.0
BitRate blocking probability per pair and bitRate,3,200.0Gbps,4,11, ,0.0,0.0,0.0,0.0,0.0
BitRate blocking probability per pair and bitRate,3,200.0Gbps,2,21, ,0.0,0.0,0.0,0.0,0.0
BitRate blocking probability per pair and bitRate,3,200.0Gbps,19,9, ,0.0,0.0,0.0,0.0,0.0
BitRate blocking probability per pair and bitRate,3,200.0Gbps,5,8, ,0.0,0.0,0.0,0.0,0.0
BitRate blocking probability per pair and bitRate,3,200.0Gbps,5,3, ,0.0,0.0,0.0,0.0,0.0
BitRate blocking probability per pair and bitRate,3,200.0Gbps,11,6, ,0.0,0.0,0.0,0.0,0.0
BitRate blocking probability per pair and bitRate,3,200.0Gbps,8,2, ,0.0,0.0,0.0,0.0,0.0
BitRate blocking probability per pair and bitRate,3,200.0Gbps,9,24, ,0.0,0.0,0.0,0.0,0.0
BitRate blocking probability per pair and bitRate,3,200.0Gbps,16,23, ,0.0,0.0,0.0,0.0,0.0
BitRate blocking probability per pair and bitRate,3,200.0Gbps,2,16, ,0.0,0.0,0.0,0.0,0.0
BitRate blocking probability per pair and bitRate,3,200.0Gbps,16,17, ,0.0,0.0,0.0,0.0,0.0
BitRate blocking probability per pair and bitRate,3,200.0Gbps,23,18, ,0.0,0.0,0.0,0.0,0.0
BitRate blocking probability per pair and bitRate,3,200.0Gbps,7,1, ,0.0,0.0,0.0,0.0,0.0
BitRate blocking probability per pair and bitRate,3,200.0Gbps,11,24, ,0.0,0.0,0.0,0.0,0.0
BitRate blocking probability per pair and bitRate,3,200.0Gbps,2,10, ,0.0,0.0,0.0,0.0,0.0
BitRate blocking probability per pair and bitRate,3,200.0Gbps,4,6, ,0.0,0.0,0.0,0.0,0.0
BitRate blocking probability per pair and bitRate,3,200.0Gbps,15,13, ,0.0,0.0,0.0,0.0,0.0
BitRate blocking probability per pair and bitRate,3,200.0Gbps,21,12, ,0.0,0.0,0.0,0.0,0.0
BitRate blocking probability per pair and bitRate,3,200.0Gbps,5,6, ,0.0,0.0,0.0,0.0,0.0
BitRate blocking probability per pair and bitRate,3,200.0Gbps,10,18, ,0.0,0.0,0.0,0.0,0.0
BitRate blocking probability per pair and bitRate,3,200.0Gbps,14,23, ,0.0,0.0,0.0,0.0,0.0
BitRate blocking probability per pair and bitRate,3,200.0Gbps,21,8, ,0.0,0.0,0.0,0.0,0.0
BitRate blocking probability per pair and bitRate,3,200.0Gbps,11,3, ,0.0,0.0,0.0,0.0,0.0
BitRate blocking probability per pair and bitRate,3,200.0Gbps,13,16, ,0.0,0.0,0.0,0.0,0.0
BitRate blocking probability per pair and bitRate,3,200.0Gbps,22,16, ,0.0,0.0,0.0,0.0,0.0
BitRate blocking probability per pair and bitRate,3,200.0Gbps,21,5, ,0.0,0.0,0.0,0.0,0.0
BitRate blocking probability per pair and bitRate,3,200.0Gbps,23,24, ,0.0,0.0,0.0,0.0,0.0
BitRate blocking probability per pair and bitRate,3,200.0Gbps,9,6, ,0.0,0.0,0.0,0.0,0.0
BitRate blocking probability per pair and bitRate,3,200.0Gbps,20,9, ,0.0,0.0,0.0,0.0,0.0
BitRate blocking probability per pair and bitRate,3,200.0Gbps,16,6, ,0.0,0.0,0.0,0.0,0.0
BitRate blocking probability per pair and bitRate,3,200.0Gbps,15,4, ,0.0,0.0,0.0,0.0,0.0
BitRate blocking probability per pair and bitRate,3,200.0Gbps,3,4, ,0.0,0.0,0.0,0.0,0.0
BitRate blocking probability per pair and bitRate,3,200.0Gbps,17,10, ,0.0,0.0,0.0,0.0,0.0
BitRate blocking probability per pair and bitRate,3,200.0Gbps,12,10, ,0.0,0.0,0.0,0.0,0.0
BitRate blocking probability per pair and bitRate,3,200.0Gbps,12,7, ,0.0,0.0,0.0,0.0,0.0
BitRate blocking probability per pair and bitRate,3,200.0Gbps,3,17, ,0.0,0.0,0.0,0.0,0.0
BitRate blocking probability per pair and bitRate,3,400.0Gbps,11,2, ,0.0,0.0,0.0,0.0,0.0
BitRate blocking probability per pair and bitRate,3,400.0Gbps,1,23, ,0.0,0.0,0.0,0.0,0.0
BitRate blocking probability per pair and bitRate,3,400.0Gbps,2,9, ,0.0,0.0,0.0,0.0,0.0
BitRate blocking probability per pair and bitRate,3,400.0Gbps,1,20, ,0.0,0.0,0.0,0.0,0.0
BitRate blocking probability per pair and bitRate,3,400.0Gbps,17,24, ,0.0,0.0,0.0,0.0,0.0
BitRate blocking probability per pair and bitRate,3,400.0Gbps,21,15, ,0.0,0.0,0.0,0.0,0.0
BitRate blocking probability per pair and bitRate,3,400.0Gbps,19,11, ,0.0,0.0,0.0,0.0,0.0
BitRate blocking probability per pair and bitRate,3,400.0Gbps,3,1, ,0.0,0.0,0.0,0.0,0.0
BitRate blocking probability per pair and bitRate,3,400.0Gbps,24,2, ,0.0,0.0,0.0,0.0,0.0
BitRate blocking probability per pair and bitRate,3,400.0Gbps,23,22, ,0.0,0.0,0.0,0.0,0.0
BitRate blocking probability per pair and bitRate,3,400.0Gbps,17,22, ,0.0,0.0,0.0,0.0,0.0
BitRate blocking probability per pair and bitRate,3,400.0Gbps,15,20, ,0.0,0.0,0.0,0.0,0.0
BitRate blocking probability per pair and bitRate,3,400.0Gbps,2,7, ,0.0,0.0,0.0,0.0,0.0
BitRate blocking probability per pair and bitRate,3,400.0Gbps,10,1, ,0.0,0.0,0.0,0.0,0.0
BitRate blocking probability per pair and bitRate,3,400.0Gbps,14,16, ,0.0,0.0,0.0,0.0,0.0
BitRate blocking probability per pair and bitRate,3,400.0Gbps,13,18, ,0.0,0.0,0.0,0.0,0.0
BitRate blocking probability per pair and bitRate,3,400.0Gbps,11,7, ,0.0,0.0,0.0,0.0,0.0
BitRate blocking probability per pair and bitRate,3,400.0Gbps,15,10, ,0.0,0.0,0.0,0.0,0.0
BitRate blocking probability per pair and bitRate,3,400.0Gbps,17,4, ,0.06789104334443406,0.1609947923763887,0.0,0.007783597182285383,0.0
BitRate blocking probability per pair and bitRate,3,400.0Gbps,15,19, ,0.0,0.0,0.0,0.0,0.0
BitRate blocking probability per pair and bitRate,3,400.0Gbps,9,22, ,0.0,0.0,0.0,0.0,0.0
BitRate blocking probability per pair and bitRate,3,400.0Gbps,9,19, ,0.0,0.0,0.0,0.0,0.0
BitRate blocking probability per pair and bitRate,3,400.0Gbps,24,7, ,0.0,0.0,0.0,0.0,0.0
BitRate blocking probability per pair and bitRate,3,400.0Gbps,1,18, ,0.0,0.0,0.0,0.0,0.0
BitRate blocking probability per pair and bitRate,3,400.0Gbps,19,4, ,0.0,0.06550248395385573,0.02811359457860151,0.0,0.0
BitRate blocking probability per pair and bitRate,3,400.0Gbps,5,1, ,0.0,0.0,0.0,0.0,0.0
BitRate blocking probability per pair and bitRate,3,400.0Gbps,5,20, ,0.0,0.03125593426533988,0.0,0.0,0.0
BitRate blocking probability per pair and bitRate,3,400.0Gbps,21,24, ,0.0,0.0,0.0,0.0,0.0
BitRate blocking probability per pair and bitRate,3,400.0Gbps,9,1, ,0.0,0.0,0.0,0.0,0.0
BitRate blocking probability per pair and bitRate,3,400.0Gbps,9,21, ,0.0,0.0,0.0,0.0,0.0
BitRate blocking probability per pair and bitRate,3,400.0Gbps,14,15, ,0.0,0.0,0.0,0.0,0.0
BitRate blocking probability per pair and bitRate,3,400.0Gbps,8,4, ,0.0,0.0,0.0,0.0,0.0
BitRate blocking probability per pair and bitRate,3,400.0Gbps,8,21, ,0.0,0.0,0.0,0.0,0.0
BitRate blocking probability per pair and bitRate,3,400.0Gbps,6,3, ,0.0,0.0,0.0,0.0,0.0
BitRate blocking probability per pair and bitRate,3,400.0Gbps,9,2, ,0.0,0.0,0.0,0.0,0.0
BitRate blocking probability per pair and bitRate,3,400.0Gbps,16,2, ,0.0,0.0,0.0,0.0,0.0
BitRate blocking probability per pair and bitRate,3,400.0Gbps,9,4, ,0.0,0.0,0.0,0.0,0.0
BitRate blocking probability per pair and bitRate,3,400.0Gbps,23,21, ,0.0,0.0,0.0,0.0,0.0
BitRate blocking probability per pair and bitRate,3,400.0Gbps,19,24, ,0.0,0.0,0.0,0.0,0.0
BitRate blocking probability per pair and bitRate,3,400.0Gbps,22,15, ,0.0,0.0,0.0,0.0,0.0
BitRate blocking probability per pair and bitRate,3,400.0Gbps,23,17, ,0.0,0.0,0.0,0.0,0.0
BitRate blocking probability per pair and bitRate,3,400.0Gbps,8,11, ,0.0,0.0,0.0,0.0,0.0
BitRate blocking probability per pair and bitRate,3,400.0Gbps,24,17, ,0.0,0.0,0.0,0.0,0.0
BitRate blocking probability per pair and bitRate,3,400.0Gbps,22,18, ,0.0,0.0,0.0,0.0,0.0
BitRate blocking probability per pair and bitRate,3,400.0Gbps,5,11, ,0.0,0.0,0.0,0.0,0.0
BitRate blocking probability per pair and bitRate,3,400.0Gbps,4,8, ,0.0,0.0,0.0,0.0,0.0
BitRate blocking probability per pair and bitRate,3,400.0Gbps,23,9, ,0.0,0.0,0.0,0.0,0.0
BitRate blocking probability per pair and bitRate,3,400.0Gbps,6,12, ,0.0,0.0,0.0,0.0,0.0
BitRate blocking probability per pair and bitRate,3,400.0Gbps,4,5, ,0.0,0.0,0.0,0.0,0.0
BitRate blocking probability per pair and bitRate,3,400.0Gbps,16,9, ,0.0,0.0,0.0,0.0,0.0
BitRate blocking probability per pair and bitRate,3,400.0Gbps,16,11, ,0.0,0.0,0.0,0.0,0.0
BitRate blocking probability per pair and bitRate,3,400.0Gbps,24,20, ,0.0,0.0,0.0,0.0,0.0
BitRate blocking probability per pair and bitRate,3,400.0Gbps,12,14, ,0.0,0.0,0.0,0.0,0.0
BitRate blocking probability per pair and bitRate,3,400.0Gbps,20,5, ,0.0,0.0,0.022438057588100482,0.0,0.0
BitRate blocking probability per pair and bitRate,3,400.0Gbps,11,12, ,0.0,0.0,0.0,0.0,0.0
BitRate blocking probability per pair and bitRate,3,400.0Gbps,7,14, ,0.0,0.0,0.0,0.0,0.0
BitRate blocking probability per pair and bitRate,3,400.0Gbps,10,23, ,0.0,0.0,0.0,0.0,0.0
BitRate blocking probability per pair and bitRate,3,400.0Gbps,22,20, ,0.0,0.0,0.0,0.0,0.0
BitRate blocking probability per pair and bitRate,3,400.0Gbps,17,11, ,0.0,0.0,0.0,0.0,0.0
BitRate blocking probability per pair and bitRate,3,400.0Gbps,3,10, ,0.0,0.0,0.0,0.0,0.0
BitRate blocking probability per pair and bitRate,3,400.0Gbps,17,14, ,0.0,0.0,0.0,0.0,0.0
BitRate blocking probability per pair and bitRate,3,400.0Gbps,10,7, ,0.0,0.0,0.0,0.0,0.0
BitRate blocking probability per pair and bitRate,3,400.0Gbps,3,2, ,0.0,0.0,0.0,0.0,0.0
BitRate blocking probability per pair and bitRate,3,400.0Gbps,3,5, ,0.0,0.0,0.0,0.0,0.0
BitRate blocking probability per pair and bitRate,3,400.0Gbps,22,1, ,0.0,0.0,0.0,0.0,0.0
BitRate blocking probability per pair and bitRate,3,400.0Gbps,1,14, ,0.0,0.0,0.0,0.0,0.0
BitRate blocking probability per pair and bitRate,3,400.0Gbps,24,8, ,0.0,0.0,0.0,0.0,0.0
BitRate blocking probability per pair and bitRate,3,400.0Gbps,11,21, ,0.0,0.0,0.0,0.0,0.0
BitRate blocking probability per pair and bitRate,3,400.0Gbps,20,14, ,0.0,0.0,0.0,0.0,0.0
BitRate blocking probability per pair and bitRate,3,400.0Gbps,8,6, ,0.0,0.0,0.0,0.0,0.0
BitRate blocking probability per pair and bitRate,3,400.0Gbps,21,11, ,0.0,0.0,0.0,0.0,0.0
BitRate blocking probability per pair and bitRate,3,400.0Gbps,11,8, ,0.0,0.0,0.0,0.0,0.0
BitRate blocking probability per pair and bitRate,3,400.0Gbps,21,19, ,0.0,0.0,0.0,0.0,0.0
BitRate blocking probability per pair and bitRate,3,400.0Gbps,17,1, ,0.0,0.0,0.0,0.0,0.0
BitRate blocking probability per pair and bitRate,3,400.0Gbps,11,22, ,0.0,0.0,0.0,0.0,0.0
BitRate blocking probability per pair and bitRate,3,400.0Gbps,24,21, ,0.0,0.0,0.0,0.0,0.0
BitRate blocking probability per pair and bitRate,3,400.0Gbps,19,22, ,0.0,0.0,0.0,0.0,0.0
BitRate blocking probability per pair and bitRate,3,400.0Gbps,7,12, ,0.0,0.0,0.0,0.0,0.0
BitRate blocking probability per pair and bitRate,3,400.0Gbps,7,22, ,0.0,0.0,0.0,0.0,0.0
BitRate blocking probability per pair and bitRate,3,400.0Gbps,23,5, ,0.0,0.0,0.0,0.0,0.0
BitRate blocking probability per pair and bitRate,3,400.0Gbps,21,17, ,0.0,0.0,0.0,0.0,0.0
BitRate blocking probability per pair and bitRate,3,400.0Gbps,1,11, ,0.0,0.0,0.0,0.0,0.0
BitRate blocking probability per pair and bitRate,3,400.0Gbps,18,12, ,0.0,0.0,0.0,0.0,0.0
BitRate blocking probability per pair and bitRate,3,400.0Gbps,23,10, ,0.0,0.0,0.0,0.0,0.0
BitRate blocking probability per pair and bitRate,3,400.0Gbps,18,7, ,0.0,0.0,0.0,0.0,0.0
BitRate blocking probability per pair and bitRate,3,400.0Gbps,24,22, ,0.0,0.0,0.0,0.0,0.0
BitRate blocking probability per pair and bitRate,3,400.0Gbps,21,2, ,0.0,0.0,0.0,0.0,0.0
BitRate blocking probability per pair and bitRate,3,400.0Gbps,16,4, ,0.0,0.0,0.0,0.0,0.0
BitRate blocking probability per pair and bitRate,3,400.0Gbps,10,9, ,0.0,0.0,0.0,0.0,0.0
BitRate blocking probability per pair and bitRate,3,400.0Gbps,22,5, ,0.0,0.13751906609354173,0.0,0.008697909164604995,0.0
BitRate blocking probability per pair and bitRate,3,400.0Gbps,9,17, ,0.0,0.0,0.0,0.0,0.0
BitRate blocking probability per pair and bitRate,3,400.0Gbps,8,20, ,0.0,0.0,0.0,0.0,0.0
BitRate blocking probability per pair and bitRate,3,400.0Gbps,1,24, ,0.0,0.0,0.0,0.0,0.0
BitRate blocking probability per pair and bitRate,3,400.0Gbps,2,14, ,0.0,0.0,0.0,0.0,0.0
BitRate blocking probability per pair and bitRate,3,400.0Gbps,5,18, ,0.0,0.0,0.0,0.0,0.0
BitRate blocking probability per pair and bitRate,3,400.0Gbps,8,9, ,0.0,0.0,0.0,0.0,0.0
BitRate blocking probability per pair and bitRate,3,400.0Gbps,9,13, ,0.0,0.0,0.0,0.0,0.0
BitRate blocking probability per pair and bitRate,3,400.0Gbps,24,13, ,0.0,0.0,0.0,0.0,0.0
BitRate blocking probability per pair and bitRate,3,400.0Gbps,2,17, ,0.0,0.0,0.0,0.0,0.0
BitRate blocking probability per pair and bitRate,3,400.0Gbps,20,1, ,0.0,0.0,0.0,0.0,0.0
BitRate blocking probability per pair and bitRate,3,400.0Gbps,19,2, ,0.0,0.0,0.0,0.0,0.0
BitRate blocking probability per pair and bitRate,3,400.0Gbps,4,3, ,0.0,0.0,0.0,0.0,0.0
BitRate blocking probability per pair and bitRate,3,400.0Gbps,22,4, ,0.0,0.0,0.0,0.0,0.020713934926605254
BitRate blocking probability per pair and bitRate,3,400.0Gbps,5,4, ,0.0,0.0,0.0,0.0,0.0
BitRate blocking probability per pair and bitRate,3,400.0Gbps,16,19, ,0.0,0.0,0.0,0.0,0.0
BitRate blocking probability per pair and bitRate,3,400.0Gbps,12,6, ,0.0,0.0,0.0,0.0,0.0
BitRate blocking probability per pair and bitRate,3,400.0Gbps,17,8, ,0.0,0.0,0.0,0.0,0.0
BitRate blocking probability per pair and bitRate,3,400.0Gbps,12,9, ,0.0,0.0,0.0,0.0,0.0
BitRate blocking probability per pair and bitRate,3,400.0Gbps,11,20, ,0.0,0.0,0.0,0.0,0.0
BitRate blocking probability per pair and bitRate,3,400.0Gbps,15,12, ,0.0,0.0,0.0,0.0,0.0
BitRate blocking probability per pair and bitRate,3,400.0Gbps,9,16, ,0.0,0.0,0.0,0.0,0.0
BitRate blocking probability per pair and bitRate,3,400.0Gbps,7,15, ,0.0,0.0,0.0,0.0,0.0
BitRate blocking probability per pair and bitRate,3,400.0Gbps,6,13, ,0.0,0.0,0.0,0.0,0.0
BitRate blocking probability per pair and bitRate,3,400.0Gbps,19,18, ,0.0,0.0,0.0,0.0,0.0
BitRate blocking probability per pair and bitRate,3,400.0Gbps,3,9, ,0.0,0.0,0.0,0.0,0.0
BitRate blocking probability per pair and bitRate,3,400.0Gbps,21,18, ,0.0,0.0,0.0,0.0,0.0
BitRate blocking probability per pair and bitRate,3,400.0Gbps,1,17, ,0.0,0.0,0.0,0.0,0.0
BitRate blocking probability per pair and bitRate,3,400.0Gbps,8,24, ,0.0,0.0,0.0,0.0,0.0
BitRate blocking probability per pair and bitRate,3,400.0Gbps,7,16, ,0.0,0.0,0.0,0.0,0.0
BitRate blocking probability per pair and bitRate,3,400.0Gbps,15,21, ,0.0,0.0,0.0,0.0,0.0
BitRate blocking probability per pair and bitRate,3,400.0Gbps,18,22, ,0.0,0.0,0.0,0.0,0.0
BitRate blocking probability per pair and bitRate,3,400.0Gbps,14,2, ,0.0,0.0,0.0,0.0,0.0
BitRate blocking probability per pair and bitRate,3,400.0Gbps,2,12, ,0.0,0.0,0.0,0.0,0.0
BitRate blocking probability per pair and bitRate,3,400.0Gbps,12,8, ,0.0,0.0,0.0,0.0,0.0
BitRate blocking probability per pair and bitRate,3,400.0Gbps,1,13, ,0.0,0.0,0.0,0.0,0.0
BitRate blocking probability per pair and bitRate,3,400.0Gbps,8,18, ,0.0,0.0,0.0,0.0,0.0
BitRate blocking probability per pair and bitRate,3,400.0Gbps,15,6, ,0.0,0.0,0.0,0.0,0.0
BitRate blocking probability per pair and bitRate,3,400.0Gbps,6,20, ,6.205873099985641E-5,0.030011833676356868,0.013322628935863133,0.0,0.0
BitRate blocking probability per pair and bitRate,3,400.0Gbps,7,21, ,0.0,0.0,0.0,0.0,0.0
BitRate blocking probability per pair and bitRate,3,400.0Gbps,9,3, ,0.0,0.0,0.0,0.0,0.0
BitRate blocking probability per pair and bitRate,3,400.0Gbps,12,13, ,0.0,0.0,0.0,0.0,0.0
BitRate blocking probability per pair and bitRate,3,400.0Gbps,8,22, ,0.0,0.0,0.0,0.0,0.0
BitRate blocking probability per pair and bitRate,3,400.0Gbps,2,3, ,0.0,0.0,0.0,0.0,0.0
BitRate blocking probability per pair and bitRate,3,400.0Gbps,14,18, ,0.0,0.0,0.0,0.0,0.0
BitRate blocking probability per pair and bitRate,3,400.0Gbps,23,20, ,0.0,0.0,0.0,0.0,0.0
BitRate blocking probability per pair and bitRate,3,400.0Gbps,4,20, ,0.03337686338134837,0.0,0.01620872492498249,0.04183112612372175,0.07928868328043456
BitRate blocking probability per pair and bitRate,3,400.0Gbps,4,24, ,0.0,0.0,0.0,0.0,0.0
BitRate blocking probability per pair and bitRate,3,400.0Gbps,16,15, ,0.0,0.0,0.0,0.0,0.0
BitRate blocking probability per pair and bitRate,3,400.0Gbps,24,16, ,0.0,0.0,0.0,0.0,0.0
BitRate blocking probability per pair and bitRate,3,400.0Gbps,19,12, ,0.0,0.0,0.0,0.0,0.0
BitRate blocking probability per pair and bitRate,3,400.0Gbps,6,15, ,0.0,0.0,0.0,0.0,0.0
BitRate blocking probability per pair and bitRate,3,400.0Gbps,8,7, ,0.0,0.0,0.0,0.0,0.0
BitRate blocking probability per pair and bitRate,3,400.0Gbps,2,20, ,0.0,0.0,0.0,0.0,0.0
BitRate blocking probability per pair and bitRate,3,400.0Gbps,11,9, ,0.0,0.0,0.0,0.0,0.0
BitRate blocking probability per pair and bitRate,3,400.0Gbps,4,12, ,0.0,0.0,0.0,0.0,0.0
BitRate blocking probability per pair and bitRate,3,400.0Gbps,13,23, ,0.0,0.0,0.0,0.0,0.0
BitRate blocking probability per pair and bitRate,3,400.0Gbps,11,16, ,0.0,0.0,0.0,0.0,0.0
BitRate blocking probability per pair and bitRate,3,400.0Gbps,3,11, ,0.0,0.0,0.0,0.0,0.0
BitRate blocking probability per pair and bitRate,3,400.0Gbps,2,5, ,0.0,0.0,0.0,0.0,0.0
BitRate blocking probability per pair and bitRate,3,400.0Gbps,3,24, ,0.0,0.0,0.0,0.0,0.0
BitRate blocking probability per pair and bitRate,3,400.0Gbps,18,1, ,0.0,0.0,0.0,0.0,0.0
BitRate blocking probability per pair and bitRate,3,400.0Gbps,10,2, ,0.0,0.0,0.0,0.0,0.0
BitRate blocking probability per pair and bitRate,3,400.0Gbps,15,16, ,0.0,0.0,0.0,0.0,0.0
BitRate blocking probability per pair and bitRate,3,400.0Gbps,20,17, ,0.0,0.0,0.0,0.0,0.0
BitRate blocking probability per pair and bitRate,3,400.0Gbps,5,13, ,0.0,0.0,0.0,0.0,0.0
BitRate blocking probability per pair and bitRate,3,400.0Gbps,24,15, ,0.0,0.0,0.0,0.0,0.0
BitRate blocking probability per pair and bitRate,3,400.0Gbps,12,17, ,0.0,0.0,0.0,0.0,0.0
BitRate blocking probability per pair and bitRate,3,400.0Gbps,20,2, ,0.0,0.0,0.0,0.0,0.0
BitRate blocking probability per pair and bitRate,3,400.0Gbps,5,19, ,0.0,0.0,0.08406810908357351,0.0,0.0
BitRate blocking probability per pair and bitRate,3,400.0Gbps,6,8, ,0.0,0.0,0.0,0.0,0.0
BitRate blocking probability per pair and bitRate,3,400.0Gbps,4,10, ,0.0,0.0,0.0,0.0,0.0
BitRate blocking probability per pair and bitRate,3,400.0Gbps,1,4, ,0.0,0.0,0.0,0.0,0.0
BitRate blocking probability per pair and bitRate,3,400.0Gbps,12,23, ,0.0,0.0,0.0,0.0,0.0
BitRate blocking probability per pair and bitRate,3,400.0Gbps,23,4, ,0.0,0.0,0.0,0.0,0.0
BitRate blocking probability per pair and bitRate,3,400.0Gbps,12,20, ,0.0,0.0,0.0,0.0,0.0
BitRate blocking probability per pair and bitRate,3,400.0Gbps,11,19, ,0.0,0.0,0.0,0.0,0.0
BitRate blocking probability per pair and bitRate,3,400.0Gbps,2,11, ,0.0,0.0,0.0,0.0,0.0
BitRate blocking probability per pair and bitRate,3,400.0Gbps,8,23, ,0.0,0.0,0.0,0.0,0.0
BitRate blocking probability per pair and bitRate,3,400.0Gbps,10,14, ,0.0,0.0,0.0,0.0,0.0
BitRate blocking probability per pair and bitRate,3,400.0Gbps,21,22, ,0.0,0.0,0.0,0.0,0.0
BitRate blocking probability per pair and bitRate,3,400.0Gbps,9,11, ,0.0,0.0,0.0,0.0,0.0
BitRate blocking probability per pair and bitRate,3,400.0Gbps,23,7, ,0.0,0.0,0.0,0.0,0.0
BitRate blocking probability per pair and bitRate,3,400.0Gbps,24,18, ,0.0,0.0,0.0,0.0,0.0
BitRate blocking probability per pair and bitRate,3,400.0Gbps,14,24, ,0.0,0.0,0.0,0.0,0.0
BitRate blocking probability per pair and bitRate,3,400.0Gbps,6,4, ,0.0,0.0,0.0,0.0,0.0
BitRate blocking probability per pair and bitRate,3,400.0Gbps,21,9, ,0.0,0.0,0.0,0.0,0.0
BitRate blocking probability per pair and bitRate,3,400.0Gbps,15,1, ,0.0,0.0,0.0,0.0,0.0
BitRate blocking probability per pair and bitRate,3,400.0Gbps,13,8, ,0.0,0.0,0.0,0.0,0.0
BitRate blocking probability per pair and bitRate,3,400.0Gbps,13,12, ,0.0,0.0,0.0,0.0,0.0
BitRate blocking probability per pair and bitRate,3,400.0Gbps,12,11, ,0.0,0.0,0.0,0.0,0.0
BitRate blocking probability per pair and bitRate,3,400.0Gbps,23,16, ,0.0,0.0,0.0,0.0,0.0
BitRate blocking probability per pair and bitRate,3,400.0Gbps,16,10, ,0.0,0.0,0.0,0.0,0.0
BitRate blocking probability per pair and bitRate,3,400.0Gbps,14,4, ,0.0,0.0,0.0,0.0,0.0
BitRate blocking probability per pair and bitRate,3,400.0Gbps,10,21, ,0.0,0.0,0.0,0.0,0.0
BitRate blocking probability per pair and bitRate,3,400.0Gbps,1,16, ,0.0,0.0,0.0,0.0,0.0
BitRate blocking probability per pair and bitRate,3,400.0Gbps,5,14, ,0.0,0.0,0.0,0.0,0.0
BitRate blocking probability per pair and bitRate,3,400.0Gbps,14,3, ,0.0,0.0,0.0,0.0,0.0
BitRate blocking probability per pair and bitRate,3,400.0Gbps,9,5, ,0.0,0.0,0.0,0.0,0.0
BitRate blocking probability per pair and bitRate,3,400.0Gbps,11,23, ,0.0,0.0,0.0,0.0,0.0
BitRate blocking probability per pair and bitRate,3,400.0Gbps,23,12, ,0.0,0.0,0.0,0.0,0.0
BitRate blocking probability per pair and bitRate,3,400.0Gbps,18,4, ,0.0,0.0,0.0,0.0,0.0
BitRate blocking probability per pair and bitRate,3,400.0Gbps,19,10, ,0.0,0.0,0.0,0.0,0.0
BitRate blocking probability per pair and bitRate,3,400.0Gbps,14,19, ,0.0,0.0,0.0,0.0,0.0
BitRate blocking probability per pair and bitRate,3,400.0Gbps,3,18, ,0.0,0.0,0.0,0.0,0.0
BitRate blocking probability per pair and bitRate,3,400.0Gbps,1,21, ,0.0,0.0,0.0,0.0,0.0
BitRate blocking probability per pair and bitRate,3,400.0Gbps,10,16, ,0.0,0.0,0.0,0.0,0.0
BitRate blocking probability per pair and bitRate,3,400.0Gbps,24,9, ,0.0,0.0,0.0,0.0,0.0
BitRate blocking probability per pair and bitRate,3,400.0Gbps,3,21, ,0.0,0.0,0.0,0.0,0.0
BitRate blocking probability per pair and bitRate,3,400.0Gbps,12,24, ,0.0,0.0,0.0,0.0,0.0
BitRate blocking probability per pair and bitRate,3,400.0Gbps,15,9, ,0.0,0.0,0.0,0.0,0.0
BitRate blocking probability per pair and bitRate,3,400.0Gbps,18,14, ,0.0,0.0,0.0,0.0,0.0
BitRate blocking probability per pair and bitRate,3,400.0Gbps,16,3, ,0.0,0.0,0.0,0.0,0.0
BitRate blocking probability per pair and bitRate,3,400.0Gbps,15,5, ,0.0,0.0,0.0,0.0,0.0
BitRate blocking probability per pair and bitRate,3,400.0Gbps,16,21, ,0.0,0.0,0.0,0.0,0.0
BitRate blocking probability per pair and bitRate,3,400.0Gbps,8,17, ,0.0,0.0,0.0,0.0,0.0
BitRate blocking probability per pair and bitRate,3,400.0Gbps,5,16, ,0.0,0.0,0.0,0.0,0.0
BitRate blocking probability per pair and bitRate,3,400.0Gbps,21,4, ,0.0,0.0,0.0,0.0,0.0
BitRate blocking probability per pair and bitRate,3,400.0Gbps,17,19, ,0.0,0.0,0.0,0.0,0.0
BitRate blocking probability per pair and bitRate,3,400.0Gbps,16,12, ,0.0,0.0,0.0,0.0,0.0
BitRate blocking probability per pair and bitRate,3,400.0Gbps,7,19, ,0.0,0.0,0.0,0.0,0.0
BitRate blocking probability per pair and bitRate,3,400.0Gbps,8,19, ,0.0,0.0,0.0,0.0,0.0
BitRate blocking probability per pair and bitRate,3,400.0Gbps,9,20, ,0.0,0.0,0.0,0.0,0.0
BitRate blocking probability per pair and bitRate,3,400.0Gbps,13,10, ,0.0,0.0,0.0,0.0,0.0
BitRate blocking probability per pair and bitRate,3,400.0Gbps,17,16, ,0.0,0.0,0.0,0.0,0.0
BitRate blocking probability per pair and bitRate,3,400.0Gbps,5,7, ,0.0,0.0,0.0,0.0,0.0
BitRate blocking probability per pair and bitRate,3,400.0Gbps,5,10, ,0.0,0.0,0.0,0.0,0.0
BitRate blocking probability per pair and bitRate,3,400.0Gbps,22,14, ,0.0,0.0,0.0,0.0,0.0
BitRate blocking probability per pair and bitRate,3,400.0Gbps,2,24, ,0.0,0.0,0.0,0.0,0.0
BitRate blocking probability per pair and bitRate,3,400.0Gbps,11,15, ,0.0,0.0,0.0,0.0,0.0
BitRate blocking probability per pair and bitRate,3,400.0Gbps,19,13, ,0.0,0.0,0.0,0.0,0.0
BitRate blocking probability per pair and bitRate,3,400.0Gbps,9,14, ,0.0,0.0,0.0,0.0,0.0
BitRate blocking probability per pair and bitRate,3,400.0Gbps,13,20, ,0.0,0.0,0.0,0.0,0.0
BitRate blocking probability per pair and bitRate,3,400.0Gbps,20,15, ,0.0,0.0,0.0,0.0,0.0
BitRate blocking probability per pair and bitRate,3,400.0Gbps,1,9, ,0.0,0.0,0.0,0.0,0.0
BitRate blocking probability per pair and bitRate,3,400.0Gbps,4,16, ,0.0,0.0,0.0,0.0,0.0
BitRate blocking probability per pair and bitRate,3,400.0Gbps,21,20, ,0.0,0.0,0.0,0.0,0.0
BitRate blocking probability per pair and bitRate,3,400.0Gbps,6,18, ,0.029159339969966006,0.0,0.0,0.0,0.005540499217554657
BitRate blocking probability per pair and bitRate,3,400.0Gbps,3,20, ,0.0,0.0,0.0,0.0,0.0
BitRate blocking probability per pair and bitRate,3,400.0Gbps,21,10, ,0.0,0.0,0.0,0.0,0.0
BitRate blocking probability per pair and bitRate,3,400.0Gbps,2,19, ,0.0,0.0,0.0,0.0,0.0
BitRate blocking probability per pair and bitRate,3,400.0Gbps,7,17, ,0.0,0.0,0.0,0.0,0.0
BitRate blocking probability per pair and bitRate,3,400.0Gbps,14,5, ,0.0,0.0,0.0,0.0,0.0
BitRate blocking probability per pair and bitRate,3,400.0Gbps,7,13, ,0.0,0.0,0.0,0.0,0.0
BitRate blocking probability per pair and bitRate,3,400.0Gbps,5,15, ,0.0,0.0,0.0,0.0,0.0
BitRate blocking probability per pair and bitRate,3,400.0Gbps,18,8, ,0.0,0.0,0.0,0.0,0.0
BitRate blocking probability per pair and bitRate,3,400.0Gbps,19,17, ,0.0,0.0,0.0,0.0,0.0
BitRate blocking probability per pair and bitRate,3,400.0Gbps,19,21, ,0.0,0.0,0.0,0.0,0.0
BitRate blocking probability per pair and bitRate,3,400.0Gbps,19,3, ,0.0,0.0,0.0,0.0,0.0
BitRate blocking probability per pair and bitRate,3,400.0Gbps,13,19, ,0.0,0.0,0.0,0.0,0.0
BitRate blocking probability per pair and bitRate,3,400.0Gbps,12,18, ,0.0,0.0,0.0,0.0,0.0
BitRate blocking probability per pair and bitRate,3,400.0Gbps,13,3, ,0.0,0.0,0.0,0.0,0.0
BitRate blocking probability per pair and bitRate,3,400.0Gbps,7,18, ,0.0,0.0,0.0,0.0,0.0
BitRate blocking probability per pair and bitRate,3,400.0Gbps,17,12, ,0.0,0.0,0.0,0.0,0.0
BitRate blocking probability per pair and bitRate,3,400.0Gbps,13,9, ,0.0,0.0,0.0,0.0,0.0
BitRate blocking probability per pair and bitRate,3,400.0Gbps,6,22, ,0.02197956600441809,0.0,0.07016777840685362,0.0,0.15834285695702766
BitRate blocking probability per pair and bitRate,3,400.0Gbps,1,15, ,0.0,0.0,0.0,0.0,0.0
BitRate blocking probability per pair and bitRate,3,400.0Gbps,3,19, ,0.0,0.0,0.0,0.0,0.0
BitRate blocking probability per pair and bitRate,3,400.0Gbps,12,4, ,0.0,0.0,0.0,0.0,0.0
BitRate blocking probability per pair and bitRate,3,400.0Gbps,16,24, ,0.0,0.0,0.0,0.0,0.0
BitRate blocking probability per pair and bitRate,3,400.0Gbps,6,10, ,0.0,0.0,0.0,0.0,0.0
BitRate blocking probability per pair and bitRate,3,400.0Gbps,2,18, ,0.0,0.0,0.0,0.0,0.0
BitRate blocking probability per pair and bitRate,3,400.0Gbps,18,21, ,0.0,0.0,0.0,0.0,0.0
BitRate blocking probability per pair and bitRate,3,400.0Gbps,18,3, ,0.0,0.0,0.0,0.0,0.0
BitRate blocking probability per pair and bitRate,3,400.0Gbps,15,18, ,0.0,0.0,0.0,0.0,0.0
BitRate blocking probability per pair and bitRate,3,400.0Gbps,4,14, ,0.0,0.0,0.0,0.0,0.0
BitRate blocking probability per pair and bitRate,3,400.0Gbps,7,20, ,0.0,0.0,0.0,0.0,0.0
BitRate blocking probability per pair and bitRate,3,400.0Gbps,13,15, ,0.0,0.0,0.0,0.0,0.0
BitRate blocking probability per pair and bitRate,3,400.0Gbps,13,21, ,0.0,0.0,0.0,0.0,0.0
BitRate blocking probability per pair and bitRate,3,400.0Gbps,15,14, ,0.0,0.0,0.0,0.0,0.0
BitRate blocking probability per pair and bitRate,3,400.0Gbps,3,15, ,0.0,0.0,0.0,0.0,0.0
BitRate blocking probability per pair and bitRate,3,400.0Gbps,18,5, ,0.0,0.0,0.0,0.0,0.0
BitRate blocking probability per pair and bitRate,3,400.0Gbps,12,1, ,0.0,0.0,0.0,0.0,0.0
BitRate blocking probability per pair and bitRate,3,400.0Gbps,6,7, ,0.0,0.0,0.0,0.0,0.0
BitRate blocking probability per pair and bitRate,3,400.0Gbps,24,3, ,0.0,0.0,0.0,0.0,0.0
BitRate blocking probability per pair and bitRate,3,400.0Gbps,19,5, ,0.0,0.0,0.0,0.0,0.008655962415849849
BitRate blocking probability per pair and bitRate,3,400.0Gbps,20,19, ,0.0,0.0,0.0,0.0,0.0
BitRate blocking probability per pair and bitRate,3,400.0Gbps,5,17, ,0.0294089550204063,0.034954444700434004,0.03287344717264685,0.13394892229803135,0.15813100366750202
BitRate blocking probability per pair and bitRate,3,400.0Gbps,20,12, ,0.0,0.0,0.0,0.0,0.0
BitRate blocking probability per pair and bitRate,3,400.0Gbps,4,22, ,0.0,0.0,0.0,0.1490128944320625,0.0
BitRate blocking probability per pair and bitRate,3,400.0Gbps,7,8, ,0.0,0.0,0.0,0.0,0.0
BitRate blocking probability per pair and bitRate,3,400.0Gbps,14,1, ,0.0,0.0,0.0,0.0,0.0
BitRate blocking probability per pair and bitRate,3,400.0Gbps,20,21, ,0.0,0.0,0.0,0.0,0.0
BitRate blocking probability per pair and bitRate,3,400.0Gbps,1,6, ,0.0,0.0,0.0,0.0,0.0
BitRate blocking probability per pair and bitRate,3,400.0Gbps,13,2, ,0.0,0.0,0.0,0.0,0.0
BitRate blocking probability per pair and bitRate,3,400.0Gbps,14,20, ,0.0,0.0,0.0,0.0,0.0
BitRate blocking probability per pair and bitRate,3,400.0Gbps,16,20, ,0.0,0.0,0.0,0.0,0.0
BitRate blocking probability per pair and bitRate,3,400.0Gbps,18,15, ,0.0,0.0,0.0,0.0,0.0
BitRate blocking probability per pair and bitRate,3,400.0Gbps,6,2, ,0.0,0.0,0.0,0.0,0.0
BitRate blocking probability per pair and bitRate,3,400.0Gbps,9,15, ,0.0,0.0,0.0,0.0,0.0
BitRate blocking probability per pair and bitRate,3,400.0Gbps,15,17, ,0.0,0.0,0.0,0.0,0.0
BitRate blocking probability per pair and bitRate,3,400.0Gbps,18,2, ,0.0,0.0,0.0,0.0,0.0
BitRate blocking probability per pair and bitRate,3,400.0Gbps,15,24, ,0.0,0.0,0.0,0.0,0.0
BitRate blocking probability per pair and bitRate,3,400.0Gbps,7,10, ,0.0,0.0,0.0,0.0,0.0
BitRate blocking probability per pair and bitRate,3,400.0Gbps,14,21, ,0.0,0.0,0.0,0.0,0.0
BitRate blocking probability per pair and bitRate,3,400.0Gbps,23,15, ,0.0,0.0,0.0,0.0,0.0
BitRate blocking probability per pair and bitRate,3,400.0Gbps,11,1, ,0.0,0.0,0.0,0.0,0.0
BitRate blocking probability per pair and bitRate,3,400.0Gbps,19,20, ,0.0,0.0,0.0,0.0,0.0
BitRate blocking probability per pair and bitRate,3,400.0Gbps,1,8, ,0.0,0.0,0.0,0.0,0.0
BitRate blocking probability per pair and bitRate,3,400.0Gbps,16,1, ,0.0,0.0,0.0,0.0,0.0
BitRate blocking probability per pair and bitRate,3,400.0Gbps,24,5, ,0.0,0.0,0.0,0.0,0.0
BitRate blocking probability per pair and bitRate,3,400.0Gbps,2,4, ,0.0,0.0,0.0,0.0,0.0
BitRate blocking probability per pair and bitRate,3,400.0Gbps,10,5, ,0.0,0.0,0.0,0.0,0.0
BitRate blocking probability per pair and bitRate,3,400.0Gbps,21,7, ,0.0,0.0,0.0,0.0,0.0
BitRate blocking probability per pair and bitRate,3,400.0Gbps,23,11, ,0.0,0.0,0.0,0.0,0.0
BitRate blocking probability per pair and bitRate,3,400.0Gbps,19,6, ,0.0,0.0,0.0,0.0,0.0
BitRate blocking probability per pair and bitRate,3,400.0Gbps,10,17, ,0.0,0.0,0.0,0.0,0.0
BitRate blocking probability per pair and bitRate,3,400.0Gbps,3,8, ,0.0,0.0,0.0,0.0,0.0
BitRate blocking probability per pair and bitRate,3,400.0Gbps,3,23, ,0.0,0.0,0.0,0.0,0.0
BitRate blocking probability per pair and bitRate,3,400.0Gbps,17,9, ,0.0,0.0,0.0,0.0,0.0
BitRate blocking probability per pair and bitRate,3,400.0Gbps,9,18, ,0.0,0.0,0.0,0.0,0.0
BitRate blocking probability per pair and bitRate,3,400.0Gbps,1,3, ,0.0,0.0,0.0,0.0,0.0
BitRate blocking probability per pair and bitRate,3,400.0Gbps,10,20, ,0.0,0.0,0.0,0.0,0.0
BitRate blocking probability per pair and bitRate,3,400.0Gbps,21,6, ,0.0,0.0,0.0,0.0,0.0
BitRate blocking probability per pair and bitRate,3,400.0Gbps,8,5, ,0.0,0.0,0.0,0.0,0.0
BitRate blocking probability per pair and bitRate,3,400.0Gbps,9,8, ,0.0,0.0,0.0,0.0,0.0
BitRate blocking probability per pair and bitRate,3,400.0Gbps,24,4, ,0.0,0.0,0.0,0.0,0.0
BitRate blocking probability per pair and bitRate,3,400.0Gbps,1,12, ,0.0,0.0,0.0,0.0,0.0
BitRate blocking probability per pair and bitRate,3,400.0Gbps,11,5, ,0.0,0.0,0.0,0.0,0.0
BitRate blocking probability per pair and bitRate,3,400.0Gbps,22,7, ,0.0,0.0,0.0,0.0,0.0
BitRate blocking probability per pair and bitRate,3,400.0Gbps,22,8, ,0.0,0.0,0.0,0.0,0.0
BitRate blocking probability per pair and bitRate,3,400.0Gbps,20,22, ,0.0,0.0,0.0,0.0,0.0
BitRate blocking probability per pair and bitRate,3,400.0Gbps,13,24, ,0.0,0.0,0.0,0.0,0.0
BitRate blocking probability per pair and bitRate,3,400.0Gbps,1,7, ,0.0,0.0,0.0,0.0,0.0
BitRate blocking probability per pair and bitRate,3,400.0Gbps,17,20, ,0.0,0.0,0.0,0.0,0.0
BitRate blocking probability per pair and bitRate,3,400.0Gbps,16,18, ,0.0,0.0,0.0,0.0,0.0
BitRate blocking probability per pair and bitRate,3,400.0Gbps,16,8, ,0.0,0.0,0.0,0.0,0.0
BitRate blocking probability per pair and bitRate,3,400.0Gbps,12,15, ,0.0,0.0,0.0,0.0,0.0
BitRate blocking probability per pair and bitRate,3,400.0Gbps,17,5, ,0.0,0.0,0.0,0.0,0.0
BitRate blocking probability per pair and bitRate,3,400.0Gbps,23,14, ,0.0,0.0,0.0,0.0,0.0
BitRate blocking probability per pair and bitRate,3,400.0Gbps,1,19, ,0.0,0.0,0.0,0.0,0.0
BitRate blocking probability per pair and bitRate,3,400.0Gbps,17,7, ,0.0,0.0,0.0,0.0,0.0
BitRate blocking probability per pair and bitRate,3,400.0Gbps,18,9, ,0.0,0.0,0.0,0.0,0.0
BitRate blocking probability per pair and bitRate,3,400.0Gbps,18,23, ,0.0,0.0,0.0,0.0,0.0
BitRate blocking probability per pair and bitRate,3,400.0Gbps,13,22, ,0.0,0.0,0.0,0.0,0.0
BitRate blocking probability per pair and bitRate,3,400.0Gbps,7,6, ,0.0,0.0,0.0,0.0,0.0
BitRate blocking probability per pair and bitRate,3,400.0Gbps,9,23, ,0.0,0.0,0.0,0.0,0.0
BitRate blocking probability per pair and bitRate,3,400.0Gbps,13,6, ,0.0,0.0,0.0,0.0,0.0
BitRate blocking probability per pair and bitRate,3,400.0Gbps,15,8, ,0.0,0.0,0.0,0.0,0.0
BitRate blocking probability per pair and bitRate,3,400.0Gbps,13,14, ,0.0,0.0,0.0,0.0,0.0
BitRate blocking probability per pair and bitRate,3,400.0Gbps,20,3, ,0.0,0.0,0.0,0.0,0.0
BitRate blocking probability per pair and bitRate,3,400.0Gbps,21,16, ,0.0,0.0,0.0,0.0,0.0
BitRate blocking probability per pair and bitRate,3,400.0Gbps,3,16, ,0.0,0.0,0.0,0.0,0.0
BitRate blocking probability per pair and bitRate,3,400.0Gbps,22,13, ,0.0,0.0,0.0,0.0,0.0
BitRate blocking probability per pair and bitRate,3,400.0Gbps,3,14, ,0.0,0.0,0.0,0.0,0.0
BitRate blocking probability per pair and bitRate,3,400.0Gbps,3,7, ,0.0,0.0,0.0,0.0,0.0
BitRate blocking probability per pair and bitRate,3,400.0Gbps,10,22, ,0.0,0.0,0.0,0.0,0.0
BitRate blocking probability per pair and bitRate,3,400.0Gbps,8,10, ,0.0,0.0,0.0,0.0,0.0
BitRate blocking probability per pair and bitRate,3,400.0Gbps,22,6, ,0.0,0.01975435536521639,0.0,0.16306437458673168,0.0
BitRate blocking probability per pair and bitRate,3,400.0Gbps,5,2, ,0.0,0.0,0.0,0.0,0.0
BitRate blocking probability per pair and bitRate,3,400.0Gbps,13,5, ,0.0,0.0,0.0,0.0,0.0
BitRate blocking probability per pair and bitRate,3,400.0Gbps,23,8, ,0.0,0.0,0.0,0.0,0.0
BitRate blocking probability per pair and bitRate,3,400.0Gbps,13,11, ,0.0,0.0,0.0,0.0,0.0
BitRate blocking probability per pair and bitRate,3,400.0Gbps,13,7, ,0.0,0.0,0.0,0.0,0.0
BitRate blocking probability per pair and bitRate,3,400.0Gbps,3,13, ,0.0,0.0,0.0,0.0,0.0
BitRate blocking probability per pair and bitRate,3,400.0Gbps,10,12, ,0.0,0.0,0.0,0.0,0.0
BitRate blocking probability per pair and bitRate,3,400.0Gbps,24,11, ,0.0,0.0,0.0,0.0,0.0
BitRate blocking probability per pair and bitRate,3,400.0Gbps,9,7, ,0.0,0.0,0.0,0.0,0.0
BitRate blocking probability per pair and bitRate,3,400.0Gbps,24,12, ,0.0,0.0,0.0,0.0,0.0
BitRate blocking probability per pair and bitRate,3,400.0Gbps,15,3, ,0.0,0.0,0.0,0.0,0.0
BitRate blocking probability per pair and bitRate,3,400.0Gbps,22,11, ,0.0,0.0,0.0,0.0,0.0
BitRate blocking probability per pair and bitRate,3,400.0Gbps,18,19, ,0.0,0.0,0.0,0.0,0.0
BitRate blocking probability per pair and bitRate,3,400.0Gbps,16,7, ,0.0,0.0,0.0,0.0,0.0
BitRate blocking probability per pair and bitRate,3,400.0Gbps,5,24, ,0.0,0.0,0.0,0.0,0.0
BitRate blocking probability per pair and bitRate,3,400.0Gbps,10,19, ,0.0,0.0,0.0,0.0,0.0
BitRate blocking probability per pair and bitRate,3,400.0Gbps,23,13, ,0.0,0.0,0.0,0.0,0.0
BitRate blocking probability per pair and bitRate,3,400.0Gbps,12,3, ,0.0,0.0,0.0,0.0,0.0
BitRate blocking probability per pair and bitRate,3,400.0Gbps,9,10, ,0.0,0.0,0.0,0.0,0.0
BitRate blocking probability per pair and bitRate,3,400.0Gbps,4,18, ,0.09971481865007428,0.0,0.0,0.0,0.0
BitRate blocking probability per pair and bitRate,3,400.0Gbps,4,19, ,0.0,0.0026224874127133103,0.011097094900764819,0.1292205106806504,0.0
BitRate blocking probability per pair and bitRate,3,400.0Gbps,17,15, ,0.0,0.0,0.0,0.0,0.0
BitRate blocking probability per pair and bitRate,3,400.0Gbps,2,22, ,3.945662238107365E-4,0.0,0.039816556171719565,0.0,0.0
BitRate blocking probability per pair and bitRate,3,400.0Gbps,11,17, ,0.0,0.0,0.0,0.0,0.0
BitRate blocking probability per pair and bitRate,3,400.0Gbps,18,13, ,0.0,0.0,0.0,0.0,0.0
BitRate blocking probability per pair and bitRate,3,400.0Gbps,24,10, ,0.0,0.0,0.0,0.0,0.0
BitRate blocking probability per pair and bitRate,3,400.0Gbps,11,13, ,0.0,0.0,0.0,0.0,0.0
BitRate blocking probability per pair and bitRate,3,400.0Gbps,12,22, ,0.0,0.0,0.0,0.0,0.0
BitRate blocking probability per pair and bitRate,3,400.0Gbps,20,23, ,0.0,0.0,0.0,0.0,0.0
BitRate blocking probability per pair and bitRate,3,400.0Gbps,4,7, ,0.0,0.0,0.0,0.0,0.0
BitRate blocking probability per pair and bitRate,3,400.0Gbps,9,12, ,0.0,0.0,0.0,0.0,0.0
BitRate blocking probability per pair and bitRate,3,400.0Gbps,4,13, ,0.0,0.0,0.0,0.0,0.0
BitRate blocking probability per pair and bitRate,3,400.0Gbps,20,13, ,0.0,0.0,0.0,0.0,0.0
BitRate blocking probability per pair and bitRate,3,400.0Gbps,10,3, ,0.0,0.0,0.0,0.0,0.0
BitRate blocking probability per pair and bitRate,3,400.0Gbps,21,3, ,0.0,0.0,0.0,0.0,0.0
BitRate blocking probability per pair and bitRate,3,400.0Gbps,7,9, ,0.0,0.0,0.0,0.0,0.0
BitRate blocking probability per pair and bitRate,3,400.0Gbps,12,19, ,0.0,0.0,0.0,0.0,0.0
BitRate blocking probability per pair and bitRate,3,400.0Gbps,19,16, ,0.0,0.0,0.0,0.0,0.0
BitRate blocking probability per pair and bitRate,3,400.0Gbps,20,11, ,0.0,0.0,0.0,0.0,0.0
BitRate blocking probability per pair and bitRate,3,400.0Gbps,22,9, ,0.0,0.0,0.0,0.0,0.0
BitRate blocking probability per pair and bitRate,3,400.0Gbps,7,11, ,0.0,0.0,0.0,0.0,0.0
BitRate blocking probability per pair and bitRate,3,400.0Gbps,6,1, ,0.0,0.0,0.0,0.0,0.0
BitRate blocking probability per pair and bitRate,3,400.0Gbps,6,14, ,0.0,0.0,0.0,0.0,0.0
BitRate blocking probability per pair and bitRate,3,400.0Gbps,21,1, ,0.0,0.0,0.0,0.0,0.0
BitRate blocking probability per pair and bitRate,3,400.0Gbps,4,23, ,0.0,0.0,0.0,0.0,0.0
BitRate blocking probability per pair and bitRate,3,400.0Gbps,1,5, ,0.0,0.0,0.0,0.0,0.0
BitRate blocking probability per pair and bitRate,3,400.0Gbps,3,22, ,0.0,0.0,0.0,0.0,0.0
BitRate blocking probability per pair and bitRate,3,400.0Gbps,5,23, ,0.0,0.0,0.0,0.0,0.0
BitRate blocking probability per pair and bitRate,3,400.0Gbps,14,9, ,0.0,0.0,0.0,0.0,0.0
BitRate blocking probability per pair and bitRate,3,400.0Gbps,23,6, ,0.0,0.0,0.0,0.0,0.0
BitRate blocking probability per pair and bitRate,3,400.0Gbps,6,19, ,0.10205344982415197,0.0,0.03324643915446154,0.07057206759454511,0.021848221532229734
BitRate blocking probability per pair and bitRate,3,400.0Gbps,14,13, ,0.0,0.0,0.0,0.0,0.0
BitRate blocking probability per pair and bitRate,3,400.0Gbps,14,11, ,0.0,0.0,0.0,0.0,0.0
BitRate blocking probability per pair and bitRate,3,400.0Gbps,12,21, ,0.0,0.0,0.0,0.0,0.0
BitRate blocking probability per pair and bitRate,3,400.0Gbps,2,8, ,0.0,0.0,0.0,0.0,0.0
BitRate blocking probability per pair and bitRate,3,400.0Gbps,16,13, ,0.0,0.0,0.0,0.0,0.0
BitRate blocking probability per pair and bitRate,3,400.0Gbps,20,18, ,0.0,0.0,0.0,0.0,0.0
BitRate blocking probability per pair and bitRate,3,400.0Gbps,6,9, ,0.0,0.0,0.0,0.0,0.0
BitRate blocking probability per pair and bitRate,3,400.0Gbps,6,23, ,0.0,0.0,0.0,0.0,0.0
BitRate blocking probability per pair and bitRate,3,400.0Gbps,10,4, ,0.0,0.0,0.0,0.0,0.0
BitRate blocking probability per pair and bitRate,3,400.0Gbps,17,23, ,0.0,0.0,0.0,0.0,0.0
BitRate blocking probability per pair and bitRate,3,400.0Gbps,17,18, ,0.0,0.0,0.0,0.0,0.0
BitRate blocking probability per pair and bitRate,3,400.0Gbps,14,12, ,0.0,0.0,0.0,0.0,0.0
BitRate blocking probability per pair and bitRate,3,400.0Gbps,14,17, ,0.0,0.0,0.0,0.0,0.0
BitRate blocking probability per pair and bitRate,3,400.0Gbps,19,7, ,0.0,0.0,0.0,0.0,0.0
BitRate blocking probability per pair and bitRate,3,400.0Gbps,7,24, ,0.0,0.0,0.0,0.0,0.0
BitRate blocking probability per pair and bitRate,3,400.0Gbps,11,18, ,0.0,0.0,0.0,0.0,0.0
BitRate blocking probability per pair and bitRate,3,400.0Gbps,11,10, ,0.0,0.0,0.0,0.0,0.0
BitRate blocking probability per pair and bitRate,3,400.0Gbps,14,22, ,0.0,0.0,0.0,0.0,0.0
BitRate blocking probability per pair and bitRate,3,400.0Gbps,4,9, ,0.0,0.0,0.0,0.0,0.0
BitRate blocking probability per pair and bitRate,3,400.0Gbps,22,21, ,0.0,0.0,0.0,0.0,0.0
BitRate blocking probability per pair and bitRate,3,400.0Gbps,22,24, ,0.0,0.0,0.0,0.0,0.0
BitRate blocking probability per pair and bitRate,3,400.0Gbps,8,15, ,0.0,0.0,0.0,0.0,0.0
BitRate blocking probability per pair and bitRate,3,400.0Gbps,12,5, ,0.0,0.0,0.0,0.0,0.0
BitRate blocking probability per pair and bitRate,3,400.0Gbps,7,23, ,0.0,0.0,0.0,0.0,0.0
BitRate blocking probability per pair and bitRate,3,400.0Gbps,24,14, ,0.0,0.0,0.0,0.0,0.0
BitRate blocking probability per pair and bitRate,3,400.0Gbps,1,2, ,0.0,0.0,0.0,0.0,0.0
BitRate blocking probability per pair and bitRate,3,400.0Gbps,15,22, ,0.0,0.0,0.0,0.0,0.0
BitRate blocking probability per pair and bitRate,3,400.0Gbps,19,14, ,0.0,0.0,0.0,0.0,0.0
BitRate blocking probability per pair and bitRate,3,400.0Gbps,21,23, ,0.0,0.0,0.0,0.0,0.0
BitRate blocking probability per pair and bitRate,3,400.0Gbps,8,1, ,0.0,0.0,0.0,0.0,0.0
BitRate blocking probability per pair and bitRate,3,400.0Gbps,18,10, ,0.0,0.0,0.0,0.0,0.0
BitRate blocking probability per pair and bitRate,3,400.0Gbps,17,3, ,0.0,0.0,0.0,0.0,0.0
BitRate blocking probability per pair and bitRate,3,400.0Gbps,5,9, ,0.0,0.0,0.0,0.0,0.0
BitRate blocking probability per pair and bitRate,3,400.0Gbps,19,8, ,0.0,0.0,0.0,0.0,0.0
BitRate blocking probability per pair and bitRate,3,400.0Gbps,4,21, ,0.0,0.0,0.0,0.0,0.0
BitRate blocking probability per pair and bitRate,3,400.0Gbps,8,16, ,0.0,0.0,0.0,0.0,0.0
BitRate blocking probability per pair and bitRate,3,400.0Gbps,5,12, ,0.0,0.0,0.0,0.0,0.0
BitRate blocking probability per pair and bitRate,3,400.0Gbps,6,16, ,0.0,0.0,0.0,0.0,0.0
BitRate blocking probability per pair and bitRate,3,400.0Gbps,20,10, ,0.0,0.0,0.0,0.0,0.0
BitRate blocking probability per pair and bitRate,3,400.0Gbps,2,15, ,0.0,0.0,0.0,0.0,0.0
BitRate blocking probability per pair and bitRate,3,400.0Gbps,20,6, ,0.0,0.0,0.0,0.12774401029445173,0.02571574934620354
BitRate blocking probability per pair and bitRate,3,400.0Gbps,21,13, ,0.0,0.0,0.0,0.0,0.0
BitRate blocking probability per pair and bitRate,3,400.0Gbps,6,21, ,0.0,0.0,0.0,0.0,0.0
BitRate blocking probability per pair and bitRate,3,400.0Gbps,18,16, ,0.0,0.0,0.0,0.0,0.0
BitRate blocking probability per pair and bitRate,3,400.0Gbps,5,21, ,0.0,0.0,0.0,0.0,0.0
BitRate blocking probability per pair and bitRate,3,400.0Gbps,15,11, ,0.0,0.0,0.0,0.0,0.0
BitRate blocking probability per pair and bitRate,3,400.0Gbps,8,12, ,0.0,0.0,0.0,0.0,0.0
BitRate blocking probability per pair and bitRate,3,400.0Gbps,19,1, ,0.0,0.0,0.0,0.0,0.0
BitRate blocking probability per pair and bitRate,3,400.0Gbps,21,14, ,0.0,0.0,0.0,0.0,0.0
BitRate blocking probability per pair and bitRate,3,400.0Gbps,2,13, ,0.0,0.0,0.0,0.0,0.0
BitRate blocking probability per pair and bitRate,3,400.0Gbps,17,6, ,0.013217742384790015,0.007751130070760804,0.07595343661641768,0.0,0.016509599074661978
BitRate blocking probability per pair and bitRate,3,400.0Gbps,24,1, ,0.0,0.0,0.0,0.0,0.0
BitRate blocking probability per pair and bitRate,3,400.0Gbps,8,3, ,0.0,0.0,0.0,0.0,0.0
BitRate blocking probability per pair and bitRate,3,400.0Gbps,1,22, ,0.0,0.0,0.0,0.0,0.0
BitRate blocking probability per pair and bitRate,3,400.0Gbps,23,3, ,0.0,0.0,0.0,0.0,0.0
BitRate blocking probability per pair and bitRate,3,400.0Gbps,2,1, ,0.0,0.0,0.0,0.0,0.0
BitRate blocking probability per pair and bitRate,3,400.0Gbps,15,23, ,0.0,0.0,0.0,0.0,0.0
BitRate blocking probability per pair and bitRate,3,400.0Gbps,19,15, ,0.0,0.0,0.0,0.0,0.0
BitRate blocking probability per pair and bitRate,3,400.0Gbps,2,23, ,0.0,0.0,0.0,0.0,0.0
BitRate blocking probability per pair and bitRate,3,400.0Gbps,13,17, ,0.0,0.0,0.0,0.0,0.0
BitRate blocking probability per pair and bitRate,3,400.0Gbps,1,10, ,0.0,0.0,0.0,0.0,0.0
BitRate blocking probability per pair and bitRate,3,400.0Gbps,5,22, ,0.0,0.0,0.059382793477302465,0.0,0.0
BitRate blocking probability per pair and bitRate,3,400.0Gbps,18,24, ,0.0,0.0,0.0,0.0,0.0
BitRate blocking probability per pair and bitRate,3,400.0Gbps,19,23, ,0.0,0.0,0.0,0.0,0.0
BitRate blocking probability per pair and bitRate,3,400.0Gbps,20,8, ,0.0,0.0,0.0,0.0,0.0
BitRate blocking probability per pair and bitRate,3,400.0Gbps,10,6, ,0.0,0.0,0.0,0.0,0.0
BitRate blocking probability per pair and bitRate,3,400.0Gbps,2,6, ,0.0,0.0,0.0,0.0,0.0
BitRate blocking probability per pair and bitRate,3,400.0Gbps,16,14, ,0.0,0.0,0.0,0.0,0.0
BitRate blocking probability per pair and bitRate,3,400.0Gbps,24,19, ,0.0,0.0,0.0,0.0,0.0
BitRate blocking probability per pair and bitRate,3,400.0Gbps,23,19, ,0.0,0.0,0.0,0.0,0.0
BitRate blocking probability per pair and bitRate,3,400.0Gbps,12,2, ,0.0,0.0,0.0,0.0,0.0
BitRate blocking probability per pair and bitRate,3,400.0Gbps,23,1, ,0.0,0.0,0.0,0.0,0.0
BitRate blocking probability per pair and bitRate,3,400.0Gbps,15,7, ,0.0,0.0,0.0,0.0,0.0
BitRate blocking probability per pair and bitRate,3,400.0Gbps,22,12, ,0.0,0.0,0.0,0.0,0.0
BitRate blocking probability per pair and bitRate,3,400.0Gbps,3,6, ,0.0,0.0,0.0,0.0,0.0
BitRate blocking probability per pair and bitRate,3,400.0Gbps,4,2, ,0.0,0.0,0.0,0.0,0.0
BitRate blocking probability per pair and bitRate,3,400.0Gbps,13,1, ,0.0,0.0,0.0,0.0,0.0
BitRate blocking probability per pair and bitRate,3,400.0Gbps,6,5, ,0.0,0.0,0.0,0.0,0.0
BitRate blocking probability per pair and bitRate,3,400.0Gbps,16,22, ,0.0,0.0,0.0,0.0,0.0
BitRate blocking probability per pair and bitRate,3,400.0Gbps,7,5, ,0.0,0.0,0.0,0.0,0.0
BitRate blocking probability per pair and bitRate,3,400.0Gbps,6,24, ,0.0,0.0,0.0,0.0,0.0
BitRate blocking probability per pair and bitRate,3,400.0Gbps,18,17, ,0.0,0.0,0.0,0.0,0.0
BitRate blocking probability per pair and bitRate,3,400.0Gbps,22,3, ,0.0,0.0,0.0,0.0,0.0
BitRate blocking probability per pair and bitRate,3,400.0Gbps,13,4, ,0.0,0.0,0.0,0.0,0.0
BitRate blocking probability per pair and bitRate,3,400.0Gbps,16,5, ,0.0,0.0,0.0,0.0,0.0
BitRate blocking probability per pair and bitRate,3,400.0Gbps,18,11, ,0.0,0.0,0.0,0.0,0.0
BitRate blocking probability per pair and bitRate,3,400.0Gbps,6,11, ,0.0,0.0,0.0,0.0,0.0
BitRate blocking probability per pair and bitRate,3,400.0Gbps,17,13, ,0.0,0.0,0.0,0.0,0.0
BitRate blocking probability per pair and bitRate,3,400.0Gbps,7,3, ,0.0,0.0,0.0,0.0,0.0
BitRate blocking probability per pair and bitRate,3,400.0Gbps,22,23, ,0.0,0.0,0.0,0.0,0.0
BitRate blocking probability per pair and bitRate,3,400.0Gbps,10,13, ,0.0,0.0,0.0,0.0,0.0
BitRate blocking probability per pair and bitRate,3,400.0Gbps,14,7, ,0.0,0.0,0.0,0.0,0.0
BitRate blocking probability per pair and bitRate,3,400.0Gbps,20,16, ,0.0,0.0,0.0,0.0,0.0
BitRate blocking probability per pair and bitRate,3,400.0Gbps,14,8, ,0.0,0.0,0.0,0.0,0.0
BitRate blocking probability per pair and bitRate,3,400.0Gbps,7,4, ,0.0,0.0,0.0,0.0,0.0
BitRate blocking probability per pair and bitRate,3,400.0Gbps,8,14, ,0.0,0.0,0.0,0.0,0.0
BitRate blocking probability per pair and bitRate,3,400.0Gbps,3,12, ,0.0,0.0,0.0,0.0,0.0
BitRate blocking probability per pair and bitRate,3,400.0Gbps,7,2, ,0.0,0.0,0.0,0.0,0.0
BitRate blocking probability per pair and bitRate,3,400.0Gbps,10,11, ,0.0,0.0,0.0,0.0,0.0
BitRate blocking probability per pair and bitRate,3,400.0Gbps,11,14, ,0.0,0.0,0.0,0.0,0.0
BitRate blocking probability per pair and bitRate,3,400.0Gbps,20,24, ,0.0,0.0,0.0,0.0,0.0
BitRate blocking probability per pair and bitRate,3,400.0Gbps,20,4, ,0.0,0.005184979835245505,0.009778720648216055,0.015985943930694316,0.0
BitRate blocking probability per pair and bitRate,3,400.0Gbps,23,2, ,0.0,0.0,0.0,0.0,0.0
BitRate blocking probability per pair and bitRate,3,400.0Gbps,22,2, ,0.0,0.0,0.0,0.0,0.0
BitRate blocking probability per pair and bitRate,3,400.0Gbps,22,19, ,0.0,0.0,0.0,0.0,0.0
BitRate blocking probability per pair and bitRate,3,400.0Gbps,24,23, ,0.0,0.0,0.0,0.0,0.0
BitRate blocking probability per pair and bitRate,3,400.0Gbps,6,17, ,0.058132990344275104,0.040583353834400204,0.040379815374745026,0.0,0.0
BitRate blocking probability per pair and bitRate,3,400.0Gbps,4,15, ,0.0,0.0,0.0,0.0,0.0
BitRate blocking probability per pair and bitRate,3,400.0Gbps,20,7, ,0.0,0.0,0.0,0.0,0.0
BitRate blocking probability per pair and bitRate,3,400.0Gbps,10,8, ,0.0,0.0,0.0,0.0,0.0
BitRate blocking probability per pair and bitRate,3,400.0Gbps,10,24, ,0.0,0.0,0.0,0.0,0.0
BitRate blocking probability per pair and bitRate,3,400.0Gbps,12,16, ,0.0,0.0,0.0,0.0,0.0
BitRate blocking probability per pair and bitRate,3,400.0Gbps,8,13, ,0.0,0.0,0.0,0.0,0.0
BitRate blocking probability per pair and bitRate,3,400.0Gbps,11,4, ,0.0,0.0,0.0,0.0,0.0
BitRate blocking probability per pair and bitRate,3,400.0Gbps,22,17, ,0.0,0.0,0.0,0.0,0.0
BitRate blocking probability per pair and bitRate,3,400.0Gbps,4,1, ,0.0,0.0,0.0,0.0,0.0
BitRate blocking probability per pair and bitRate,3,400.0Gbps,14,6, ,0.0,0.0,0.0,0.0,0.0
BitRate blocking probability per pair and bitRate,3,400.0Gbps,14,10, ,0.0,0.0,0.0,0.0,0.0
BitRate blocking probability per pair and bitRate,3,400.0Gbps,24,6, ,0.0,0.0,0.0,0.0,0.0
BitRate blocking probability per pair and bitRate,3,400.0Gbps,15,2, ,0.0,0.0,0.0,0.0,0.0
BitRate blocking probability per pair and bitRate,3,400.0Gbps,22,10, ,0.0,0.0,0.0,0.0,0.0
BitRate blocking probability per pair and bitRate,3,400.0Gbps,4,17, ,0.027686725263660346,0.0,0.0,0.1286727070784551,3.9181068025093173E-4
BitRate blocking probability per pair and bitRate,3,400.0Gbps,17,2, ,0.0,0.0,0.0,0.0,0.0
BitRate blocking probability per pair and bitRate,3,400.0Gbps,18,20, ,0.0,0.0,0.0,0.0,0.0
BitRate blocking probability per pair and bitRate,3,400.0Gbps,17,21, ,0.0,0.0,0.0,0.0,0.0
BitRate blocking probability per pair and bitRate,3,400.0Gbps,18,6, ,0.0,0.0,0.0,0.0,0.0
BitRate blocking probability per pair and bitRate,3,400.0Gbps,10,15, ,0.0,0.0,0.0,0.0,0.0
BitRate blocking probability per pair and bitRate,3,400.0Gbps,4,11, ,0.0,0.0,0.0,0.0,0.0
BitRate blocking probability per pair and bitRate,3,400.0Gbps,2,21, ,0.0,0.0,0.0,0.0,0.0
BitRate blocking probability per pair and bitRate,3,400.0Gbps,19,9, ,0.0,0.0,0.0,0.0,0.0
BitRate blocking probability per pair and bitRate,3,400.0Gbps,5,8, ,0.0,0.0,0.0,0.0,0.0
BitRate blocking probability per pair and bitRate,3,400.0Gbps,5,3, ,0.0,0.0,0.0,0.0,0.0
BitRate blocking probability per pair and bitRate,3,400.0Gbps,11,6, ,0.0,0.0,0.0,0.0,0.0
BitRate blocking probability per pair and bitRate,3,400.0Gbps,8,2, ,0.0,0.0,0.0,0.0,0.0
BitRate blocking probability per pair and bitRate,3,400.0Gbps,9,24, ,0.0,0.0,0.0,0.0,0.0
BitRate blocking probability per pair and bitRate,3,400.0Gbps,16,23, ,0.0,0.0,0.0,0.0,0.0
BitRate blocking probability per pair and bitRate,3,400.0Gbps,2,16, ,0.0,0.0,0.0,0.0,0.0
BitRate blocking probability per pair and bitRate,3,400.0Gbps,16,17, ,0.0,0.0,0.0,0.0,0.0
BitRate blocking probability per pair and bitRate,3,400.0Gbps,23,18, ,0.0,0.0,0.0,0.0,0.0
BitRate blocking probability per pair and bitRate,3,400.0Gbps,7,1, ,0.0,0.0,0.0,0.0,0.0
BitRate blocking probability per pair and bitRate,3,400.0Gbps,11,24, ,0.0,0.0,0.0,0.0,0.0
BitRate blocking probability per pair and bitRate,3,400.0Gbps,2,10, ,0.0,0.0,0.0,0.0,0.0
BitRate blocking probability per pair and bitRate,3,400.0Gbps,4,6, ,0.0,0.0,0.0,0.0,0.0
BitRate blocking probability per pair and bitRate,3,400.0Gbps,15,13, ,0.0,0.0,0.0,0.0,0.0
BitRate blocking probability per pair and bitRate,3,400.0Gbps,21,12, ,0.0,0.0,0.0,0.0,0.0
BitRate blocking probability per pair and bitRate,3,400.0Gbps,5,6, ,0.0,0.0,0.0,0.0,0.0
BitRate blocking probability per pair and bitRate,3,400.0Gbps,10,18, ,0.0,0.0,0.0,0.0,0.0
BitRate blocking probability per pair and bitRate,3,400.0Gbps,14,23, ,0.0,0.0,0.0,0.0,0.0
BitRate blocking probability per pair and bitRate,3,400.0Gbps,21,8, ,0.0,0.0,0.0,0.0,0.0
BitRate blocking probability per pair and bitRate,3,400.0Gbps,11,3, ,0.0,0.0,0.0,0.0,0.0
BitRate blocking probability per pair and bitRate,3,400.0Gbps,13,16, ,0.0,0.0,0.0,0.0,0.0
BitRate blocking probability per pair and bitRate,3,400.0Gbps,22,16, ,0.0,0.0,0.0,0.0,0.0
BitRate blocking probability per pair and bitRate,3,400.0Gbps,21,5, ,0.0,0.0,0.0,0.0,0.0
BitRate blocking probability per pair and bitRate,3,400.0Gbps,23,24, ,0.0,0.0,0.0,0.0,0.0
BitRate blocking probability per pair and bitRate,3,400.0Gbps,9,6, ,0.0,0.0,0.0,0.0,0.0
BitRate blocking probability per pair and bitRate,3,400.0Gbps,20,9, ,0.0,0.0,0.0,0.0,0.0
BitRate blocking probability per pair and bitRate,3,400.0Gbps,16,6, ,0.0,0.0,0.0,0.0,0.0
BitRate blocking probability per pair and bitRate,3,400.0Gbps,15,4, ,0.0,0.0,0.0,0.0,0.0
BitRate blocking probability per pair and bitRate,3,400.0Gbps,3,4, ,0.0,0.0,0.0,0.0,0.0
BitRate blocking probability per pair and bitRate,3,400.0Gbps,17,10, ,0.0,0.0,0.0,0.0,0.0
BitRate blocking probability per pair and bitRate,3,400.0Gbps,12,10, ,0.0,0.0,0.0,0.0,0.0
BitRate blocking probability per pair and bitRate,3,400.0Gbps,12,7, ,0.0,0.0,0.0,0.0,0.0
BitRate blocking probability per pair and bitRate,3,400.0Gbps,3,17, ,0.0,0.0,0.0,0.0,0.0
BitRate blocking probability per pair and bitRate,3,300.0Gbps,11,2, ,0.0,0.0,0.0,0.0,0.0
BitRate blocking probability per pair and bitRate,3,300.0Gbps,1,23, ,0.0,0.0,0.0,0.0,0.0
BitRate blocking probability per pair and bitRate,3,300.0Gbps,2,9, ,0.0,0.0,0.0,0.0,0.0
BitRate blocking probability per pair and bitRate,3,300.0Gbps,1,20, ,0.0,0.0,0.0,0.0,0.0
BitRate blocking probability per pair and bitRate,3,300.0Gbps,17,24, ,0.0,0.0,0.0,0.0,0.0
BitRate blocking probability per pair and bitRate,3,300.0Gbps,21,15, ,0.0,0.0,0.0,0.0,0.0
BitRate blocking probability per pair and bitRate,3,300.0Gbps,19,11, ,0.0,0.0,0.0,0.0,0.0
BitRate blocking probability per pair and bitRate,3,300.0Gbps,3,1, ,0.0,0.0,0.0,0.0,0.0
BitRate blocking probability per pair and bitRate,3,300.0Gbps,24,2, ,0.0,0.0,0.0,0.0,0.0
BitRate blocking probability per pair and bitRate,3,300.0Gbps,23,22, ,0.0,0.0,0.0,0.0,0.0
BitRate blocking probability per pair and bitRate,3,300.0Gbps,17,22, ,0.0,0.0,0.0,0.0,0.0
BitRate blocking probability per pair and bitRate,3,300.0Gbps,15,20, ,0.0,0.0,0.0,0.0,0.0
BitRate blocking probability per pair and bitRate,3,300.0Gbps,2,7, ,0.0,0.0,0.0,0.0,0.0
BitRate blocking probability per pair and bitRate,3,300.0Gbps,10,1, ,0.0,0.0,0.0,0.0,0.0
BitRate blocking probability per pair and bitRate,3,300.0Gbps,14,16, ,0.0,0.0,0.0,0.0,0.0
BitRate blocking probability per pair and bitRate,3,300.0Gbps,13,18, ,0.0,0.0,0.0,0.0,0.0
BitRate blocking probability per pair and bitRate,3,300.0Gbps,11,7, ,0.0,0.0,0.0,0.0,0.0
BitRate blocking probability per pair and bitRate,3,300.0Gbps,15,10, ,0.0,0.0,0.0,0.0,0.0
BitRate blocking probability per pair and bitRate,3,300.0Gbps,17,4, ,0.0,0.007182201144471766,0.0,0.0,0.0
BitRate blocking probability per pair and bitRate,3,300.0Gbps,15,19, ,0.0,0.0,0.0,0.0,0.0
BitRate blocking probability per pair and bitRate,3,300.0Gbps,9,22, ,0.0,0.0,0.0,0.0,0.0
BitRate blocking probability per pair and bitRate,3,300.0Gbps,9,19, ,0.0,0.0,0.0,0.0,0.0
BitRate blocking probability per pair and bitRate,3,300.0Gbps,24,7, ,0.0,0.0,0.0,0.0,0.0
BitRate blocking probability per pair and bitRate,3,300.0Gbps,1,18, ,0.0,0.0,0.0,0.0,0.0
BitRate blocking probability per pair and bitRate,3,300.0Gbps,19,4, ,0.0,0.0,0.0,0.041149247394405675,0.0
BitRate blocking probability per pair and bitRate,3,300.0Gbps,5,1, ,0.0,0.0,0.0,0.0,0.0
BitRate blocking probability per pair and bitRate,3,300.0Gbps,5,20, ,0.0,0.0,0.0,0.0,0.0
BitRate blocking probability per pair and bitRate,3,300.0Gbps,21,24, ,0.0,0.0,0.0,0.0,0.0
BitRate blocking probability per pair and bitRate,3,300.0Gbps,9,1, ,0.0,0.0,0.0,0.0,0.0
BitRate blocking probability per pair and bitRate,3,300.0Gbps,9,21, ,0.0,0.0,0.0,0.0,0.0
BitRate blocking probability per pair and bitRate,3,300.0Gbps,14,15, ,0.0,0.0,0.0,0.0,0.0
BitRate blocking probability per pair and bitRate,3,300.0Gbps,8,4, ,0.0,0.0,0.0,0.0,0.0
BitRate blocking probability per pair and bitRate,3,300.0Gbps,8,21, ,0.0,0.0,0.0,0.0,0.0
BitRate blocking probability per pair and bitRate,3,300.0Gbps,6,3, ,0.0,0.0,0.0,0.0,0.0
BitRate blocking probability per pair and bitRate,3,300.0Gbps,9,2, ,0.0,0.0,0.0,0.0,0.0
BitRate blocking probability per pair and bitRate,3,300.0Gbps,16,2, ,0.0,0.0,0.0,0.0,0.0
BitRate blocking probability per pair and bitRate,3,300.0Gbps,9,4, ,0.0,0.0,0.0,0.0,0.0
BitRate blocking probability per pair and bitRate,3,300.0Gbps,23,21, ,0.0,0.0,0.0,0.0,0.0
BitRate blocking probability per pair and bitRate,3,300.0Gbps,19,24, ,0.0,0.0,0.0,0.0,0.0
BitRate blocking probability per pair and bitRate,3,300.0Gbps,22,15, ,0.0,0.0,0.0,0.0,0.0
BitRate blocking probability per pair and bitRate,3,300.0Gbps,23,17, ,0.0,0.0,0.0,0.0,0.0
BitRate blocking probability per pair and bitRate,3,300.0Gbps,8,11, ,0.0,0.0,0.0,0.0,0.0
BitRate blocking probability per pair and bitRate,3,300.0Gbps,24,17, ,0.0,0.0,0.0,0.0,0.0
BitRate blocking probability per pair and bitRate,3,300.0Gbps,22,18, ,0.0,0.0,0.0,0.0,0.0
BitRate blocking probability per pair and bitRate,3,300.0Gbps,5,11, ,0.0,0.0,0.0,0.0,0.0
BitRate blocking probability per pair and bitRate,3,300.0Gbps,4,8, ,0.0,0.0,0.0,0.0,0.0
BitRate blocking probability per pair and bitRate,3,300.0Gbps,23,9, ,0.0,0.0,0.0,0.0,0.0
BitRate blocking probability per pair and bitRate,3,300.0Gbps,6,12, ,0.0,0.0,0.0,0.0,0.0
BitRate blocking probability per pair and bitRate,3,300.0Gbps,4,5, ,0.0,0.0,0.0,0.0,0.0
BitRate blocking probability per pair and bitRate,3,300.0Gbps,16,9, ,0.0,0.0,0.0,0.0,0.0
BitRate blocking probability per pair and bitRate,3,300.0Gbps,16,11, ,0.0,0.0,0.0,0.0,0.0
BitRate blocking probability per pair and bitRate,3,300.0Gbps,24,20, ,0.0,0.0,0.0,0.0,0.0
BitRate blocking probability per pair and bitRate,3,300.0Gbps,12,14, ,0.0,0.0,0.0,0.0,0.0
BitRate blocking probability per pair and bitRate,3,300.0Gbps,20,5, ,0.0,0.0,0.031331958601463095,0.01570905686933378,0.0
BitRate blocking probability per pair and bitRate,3,300.0Gbps,11,12, ,0.0,0.0,0.0,0.0,0.0
BitRate blocking probability per pair and bitRate,3,300.0Gbps,7,14, ,0.0,0.0,0.0,0.0,0.0
BitRate blocking probability per pair and bitRate,3,300.0Gbps,10,23, ,0.0,0.0,0.0,0.0,0.0
BitRate blocking probability per pair and bitRate,3,300.0Gbps,22,20, ,0.0,0.0,0.0,0.0,0.0
BitRate blocking probability per pair and bitRate,3,300.0Gbps,17,11, ,0.0,0.0,0.0,0.0,0.0
BitRate blocking probability per pair and bitRate,3,300.0Gbps,3,10, ,0.0,0.0,0.0,0.0,0.0
BitRate blocking probability per pair and bitRate,3,300.0Gbps,17,14, ,0.0,0.0,0.0,0.0,0.0
BitRate blocking probability per pair and bitRate,3,300.0Gbps,10,7, ,0.0,0.0,0.0,0.0,0.0
BitRate blocking probability per pair and bitRate,3,300.0Gbps,3,2, ,0.0,0.0,0.0,0.0,0.0
BitRate blocking probability per pair and bitRate,3,300.0Gbps,3,5, ,0.0,0.0,0.0,0.0,0.0
BitRate blocking probability per pair and bitRate,3,300.0Gbps,22,1, ,0.0,0.0,0.0,0.0,0.0
BitRate blocking probability per pair and bitRate,3,300.0Gbps,1,14, ,0.0,0.0,0.0,0.0,0.0
BitRate blocking probability per pair and bitRate,3,300.0Gbps,24,8, ,0.0,0.0,0.0,0.0,0.0
BitRate blocking probability per pair and bitRate,3,300.0Gbps,11,21, ,0.0,0.0,0.0,0.0,0.0
BitRate blocking probability per pair and bitRate,3,300.0Gbps,20,14, ,0.0,0.0,0.0,0.0,0.0
BitRate blocking probability per pair and bitRate,3,300.0Gbps,8,6, ,0.0,0.0,0.0,0.0,0.0
BitRate blocking probability per pair and bitRate,3,300.0Gbps,21,11, ,0.0,0.0,0.0,0.0,0.0
BitRate blocking probability per pair and bitRate,3,300.0Gbps,11,8, ,0.0,0.0,0.0,0.0,0.0
BitRate blocking probability per pair and bitRate,3,300.0Gbps,21,19, ,0.0,0.0,0.0,0.0,0.0
BitRate blocking probability per pair and bitRate,3,300.0Gbps,17,1, ,0.0,0.0,0.0,0.0,0.0
BitRate blocking probability per pair and bitRate,3,300.0Gbps,11,22, ,0.0,0.0,0.0,0.0,0.0
BitRate blocking probability per pair and bitRate,3,300.0Gbps,24,21, ,0.0,0.0,0.0,0.0,0.0
BitRate blocking probability per pair and bitRate,3,300.0Gbps,19,22, ,0.0,0.0,0.0,0.0,0.0
BitRate blocking probability per pair and bitRate,3,300.0Gbps,7,12, ,0.0,0.0,0.0,0.0,0.0
BitRate blocking probability per pair and bitRate,3,300.0Gbps,7,22, ,0.0,0.0,0.0,0.0,0.0
BitRate blocking probability per pair and bitRate,3,300.0Gbps,23,5, ,0.0,0.0,0.0,0.0,0.0
BitRate blocking probability per pair and bitRate,3,300.0Gbps,21,17, ,0.0,0.0,0.0,0.0,0.0
BitRate blocking probability per pair and bitRate,3,300.0Gbps,1,11, ,0.0,0.0,0.0,0.0,0.0
BitRate blocking probability per pair and bitRate,3,300.0Gbps,18,12, ,0.0,0.0,0.0,0.0,0.0
BitRate blocking probability per pair and bitRate,3,300.0Gbps,23,10, ,0.0,0.0,0.0,0.0,0.0
BitRate blocking probability per pair and bitRate,3,300.0Gbps,18,7, ,0.0,0.0,0.0,0.0,0.0
BitRate blocking probability per pair and bitRate,3,300.0Gbps,24,22, ,0.0,0.0,0.0,0.0,0.0
BitRate blocking probability per pair and bitRate,3,300.0Gbps,21,2, ,0.0,0.0,0.0,0.0,0.0
BitRate blocking probability per pair and bitRate,3,300.0Gbps,16,4, ,0.0,0.0,0.0,0.0,0.0
BitRate blocking probability per pair and bitRate,3,300.0Gbps,10,9, ,0.0,0.0,0.0,0.0,0.0
BitRate blocking probability per pair and bitRate,3,300.0Gbps,22,5, ,0.0,0.0,0.015532960367948772,0.0,0.0
BitRate blocking probability per pair and bitRate,3,300.0Gbps,9,17, ,0.0,0.0,0.0,0.0,0.0
BitRate blocking probability per pair and bitRate,3,300.0Gbps,8,20, ,0.0,0.0,0.0,0.0,0.0
BitRate blocking probability per pair and bitRate,3,300.0Gbps,1,24, ,0.0,0.0,0.0,0.0,0.0
BitRate blocking probability per pair and bitRate,3,300.0Gbps,2,14, ,0.0,0.0,0.0,0.0,0.0
BitRate blocking probability per pair and bitRate,3,300.0Gbps,5,18, ,0.0,0.0,0.0,0.0,0.0
BitRate blocking probability per pair and bitRate,3,300.0Gbps,8,9, ,0.0,0.0,0.0,0.0,0.0
BitRate blocking probability per pair and bitRate,3,300.0Gbps,9,13, ,0.0,0.0,0.0,0.0,0.0
BitRate blocking probability per pair and bitRate,3,300.0Gbps,24,13, ,0.0,0.0,0.0,0.0,0.0
BitRate blocking probability per pair and bitRate,3,300.0Gbps,2,17, ,0.0,0.0,0.0,0.0,0.0
BitRate blocking probability per pair and bitRate,3,300.0Gbps,20,1, ,0.0,0.0,0.0,0.0,0.0
BitRate blocking probability per pair and bitRate,3,300.0Gbps,19,2, ,0.0,0.0,0.0,0.0,0.0
BitRate blocking probability per pair and bitRate,3,300.0Gbps,4,3, ,0.0,0.0,0.0,0.0,0.0
BitRate blocking probability per pair and bitRate,3,300.0Gbps,22,4, ,0.0,0.0,0.0,0.08913526551762153,0.0
BitRate blocking probability per pair and bitRate,3,300.0Gbps,5,4, ,0.0,0.0,0.0,0.0,0.0
BitRate blocking probability per pair and bitRate,3,300.0Gbps,16,19, ,0.0,0.0,0.0,0.0,0.0
BitRate blocking probability per pair and bitRate,3,300.0Gbps,12,6, ,0.0,0.0,0.0,0.0,0.0
BitRate blocking probability per pair and bitRate,3,300.0Gbps,17,8, ,0.0,0.0,0.0,0.0,0.0
BitRate blocking probability per pair and bitRate,3,300.0Gbps,12,9, ,0.0,0.0,0.0,0.0,0.0
BitRate blocking probability per pair and bitRate,3,300.0Gbps,11,20, ,0.0,0.0,0.0,0.0,0.0
BitRate blocking probability per pair and bitRate,3,300.0Gbps,15,12, ,0.0,0.0,0.0,0.0,0.0
BitRate blocking probability per pair and bitRate,3,300.0Gbps,9,16, ,0.0,0.0,0.0,0.0,0.0
BitRate blocking probability per pair and bitRate,3,300.0Gbps,7,15, ,0.0,0.0,0.0,0.0,0.0
BitRate blocking probability per pair and bitRate,3,300.0Gbps,6,13, ,0.0,0.0,0.0,0.0,0.0
BitRate blocking probability per pair and bitRate,3,300.0Gbps,19,18, ,0.0,0.0,0.0,0.0,0.0
BitRate blocking probability per pair and bitRate,3,300.0Gbps,3,9, ,0.0,0.0,0.0,0.0,0.0
BitRate blocking probability per pair and bitRate,3,300.0Gbps,21,18, ,0.0,0.0,0.0,0.0,0.0
BitRate blocking probability per pair and bitRate,3,300.0Gbps,1,17, ,0.0,0.0,0.0,0.0,0.0
BitRate blocking probability per pair and bitRate,3,300.0Gbps,8,24, ,0.0,0.0,0.0,0.0,0.0
BitRate blocking probability per pair and bitRate,3,300.0Gbps,7,16, ,0.0,0.0,0.0,0.0,0.0
BitRate blocking probability per pair and bitRate,3,300.0Gbps,15,21, ,0.0,0.0,0.0,0.0,0.0
BitRate blocking probability per pair and bitRate,3,300.0Gbps,18,22, ,0.0,0.0,0.0,0.0,0.0
BitRate blocking probability per pair and bitRate,3,300.0Gbps,14,2, ,0.0,0.0,0.0,0.0,0.0
BitRate blocking probability per pair and bitRate,3,300.0Gbps,2,12, ,0.0,0.0,0.0,0.0,0.0
BitRate blocking probability per pair and bitRate,3,300.0Gbps,12,8, ,0.0,0.0,0.0,0.0,0.0
BitRate blocking probability per pair and bitRate,3,300.0Gbps,1,13, ,0.0,0.0,0.0,0.0,0.0
BitRate blocking probability per pair and bitRate,3,300.0Gbps,8,18, ,0.0,0.0,0.0,0.0,0.0
BitRate blocking probability per pair and bitRate,3,300.0Gbps,15,6, ,0.0,0.0,0.0,0.0,0.0
BitRate blocking probability per pair and bitRate,3,300.0Gbps,6,20, ,0.0,0.0,0.01834278122797944,0.0,0.006574782742394806
BitRate blocking probability per pair and bitRate,3,300.0Gbps,7,21, ,0.0,0.0,0.0,0.0,0.0
BitRate blocking probability per pair and bitRate,3,300.0Gbps,9,3, ,0.0,0.0,0.0,0.0,0.0
BitRate blocking probability per pair and bitRate,3,300.0Gbps,12,13, ,0.0,0.0,0.0,0.0,0.0
BitRate blocking probability per pair and bitRate,3,300.0Gbps,8,22, ,0.0,0.0,0.0,0.0,0.0
BitRate blocking probability per pair and bitRate,3,300.0Gbps,2,3, ,0.0,0.0,0.0,0.0,0.0
BitRate blocking probability per pair and bitRate,3,300.0Gbps,14,18, ,0.0,0.0,0.0,0.0,0.0
BitRate blocking probability per pair and bitRate,3,300.0Gbps,23,20, ,0.0,0.0,0.0,0.0,0.0
BitRate blocking probability per pair and bitRate,3,300.0Gbps,4,20, ,0.0,0.012106028676773415,0.0,0.0,0.07401982719490402
BitRate blocking probability per pair and bitRate,3,300.0Gbps,4,24, ,0.0,0.0,0.0,0.0,0.0
BitRate blocking probability per pair and bitRate,3,300.0Gbps,16,15, ,0.0,0.0,0.0,0.0,0.0
BitRate blocking probability per pair and bitRate,3,300.0Gbps,24,16, ,0.0,0.0,0.0,0.0,0.0
BitRate blocking probability per pair and bitRate,3,300.0Gbps,19,12, ,0.0,0.0,0.0,0.0,0.0
BitRate blocking probability per pair and bitRate,3,300.0Gbps,6,15, ,0.0,0.0,0.0,0.0,0.0
BitRate blocking probability per pair and bitRate,3,300.0Gbps,8,7, ,0.0,0.0,0.0,0.0,0.0
BitRate blocking probability per pair and bitRate,3,300.0Gbps,2,20, ,0.0,0.0,0.0,0.0,0.0
BitRate blocking probability per pair and bitRate,3,300.0Gbps,11,9, ,0.0,0.0,0.0,0.0,0.0
BitRate blocking probability per pair and bitRate,3,300.0Gbps,4,12, ,0.0,0.0,0.0,0.0,0.0
BitRate blocking probability per pair and bitRate,3,300.0Gbps,13,23, ,0.0,0.0,0.0,0.0,0.0
BitRate blocking probability per pair and bitRate,3,300.0Gbps,11,16, ,0.0,0.0,0.0,0.0,0.0
BitRate blocking probability per pair and bitRate,3,300.0Gbps,3,11, ,0.0,0.0,0.0,0.0,0.0
BitRate blocking probability per pair and bitRate,3,300.0Gbps,2,5, ,0.0,0.0,0.0,0.0,0.0
BitRate blocking probability per pair and bitRate,3,300.0Gbps,3,24, ,0.0,0.0,0.0,0.0,0.0
BitRate blocking probability per pair and bitRate,3,300.0Gbps,18,1, ,0.0,0.0,0.0,0.0,0.0
BitRate blocking probability per pair and bitRate,3,300.0Gbps,10,2, ,0.0,0.0,0.0,0.0,0.0
BitRate blocking probability per pair and bitRate,3,300.0Gbps,15,16, ,0.0,0.0,0.0,0.0,0.0
BitRate blocking probability per pair and bitRate,3,300.0Gbps,20,17, ,0.0,0.0,0.0,0.0,0.0
BitRate blocking probability per pair and bitRate,3,300.0Gbps,5,13, ,0.0,0.0,0.0,0.0,0.0
BitRate blocking probability per pair and bitRate,3,300.0Gbps,24,15, ,0.0,0.0,0.0,0.0,0.0
BitRate blocking probability per pair and bitRate,3,300.0Gbps,12,17, ,0.0,0.0,0.0,0.0,0.0
BitRate blocking probability per pair and bitRate,3,300.0Gbps,20,2, ,0.0,0.0,0.0,0.0,0.0
BitRate blocking probability per pair and bitRate,3,300.0Gbps,5,19, ,0.0,0.0,0.01155529240069147,0.0,0.0
BitRate blocking probability per pair and bitRate,3,300.0Gbps,6,8, ,0.0,0.0,0.0,0.0,0.0
BitRate blocking probability per pair and bitRate,3,300.0Gbps,4,10, ,0.0,0.0,0.0,0.0,0.0
BitRate blocking probability per pair and bitRate,3,300.0Gbps,1,4, ,0.0,0.0,0.0,0.0,0.0
BitRate blocking probability per pair and bitRate,3,300.0Gbps,12,23, ,0.0,0.0,0.0,0.0,0.0
BitRate blocking probability per pair and bitRate,3,300.0Gbps,23,4, ,0.0,0.0,0.0,0.0,0.0
BitRate blocking probability per pair and bitRate,3,300.0Gbps,12,20, ,0.0,0.0,0.0,0.0,0.0
BitRate blocking probability per pair and bitRate,3,300.0Gbps,11,19, ,0.0,0.0,0.0,0.0,0.0
BitRate blocking probability per pair and bitRate,3,300.0Gbps,2,11, ,0.0,0.0,0.0,0.0,0.0
BitRate blocking probability per pair and bitRate,3,300.0Gbps,8,23, ,0.0,0.0,0.0,0.0,0.0
BitRate blocking probability per pair and bitRate,3,300.0Gbps,10,14, ,0.0,0.0,0.0,0.0,0.0
BitRate blocking probability per pair and bitRate,3,300.0Gbps,21,22, ,0.0,0.0,0.0,0.0,0.0
BitRate blocking probability per pair and bitRate,3,300.0Gbps,9,11, ,0.0,0.0,0.0,0.0,0.0
BitRate blocking probability per pair and bitRate,3,300.0Gbps,23,7, ,0.0,0.0,0.0,0.0,0.0
BitRate blocking probability per pair and bitRate,3,300.0Gbps,24,18, ,0.0,0.0,0.0,0.0,0.0
BitRate blocking probability per pair and bitRate,3,300.0Gbps,14,24, ,0.0,0.0,0.0,0.0,0.0
BitRate blocking probability per pair and bitRate,3,300.0Gbps,6,4, ,0.0,0.0,0.0,0.0,0.0
BitRate blocking probability per pair and bitRate,3,300.0Gbps,21,9, ,0.0,0.0,0.0,0.0,0.0
BitRate blocking probability per pair and bitRate,3,300.0Gbps,15,1, ,0.0,0.0,0.0,0.0,0.0
BitRate blocking probability per pair and bitRate,3,300.0Gbps,13,8, ,0.0,0.0,0.0,0.0,0.0
BitRate blocking probability per pair and bitRate,3,300.0Gbps,13,12, ,0.0,0.0,0.0,0.0,0.0
BitRate blocking probability per pair and bitRate,3,300.0Gbps,12,11, ,0.0,0.0,0.0,0.0,0.0
BitRate blocking probability per pair and bitRate,3,300.0Gbps,23,16, ,0.0,0.0,0.0,0.0,0.0
BitRate blocking probability per pair and bitRate,3,300.0Gbps,16,10, ,0.0,0.0,0.0,0.0,0.0
BitRate blocking probability per pair and bitRate,3,300.0Gbps,14,4, ,0.0,0.0,0.0,0.0,0.0
BitRate blocking probability per pair and bitRate,3,300.0Gbps,10,21, ,0.0,0.0,0.0,0.0,0.0
BitRate blocking probability per pair and bitRate,3,300.0Gbps,1,16, ,0.0,0.0,0.0,0.0,0.0
BitRate blocking probability per pair and bitRate,3,300.0Gbps,5,14, ,0.0,0.0,0.0,0.0,0.0
BitRate blocking probability per pair and bitRate,3,300.0Gbps,14,3, ,0.0,0.0,0.0,0.0,0.0
BitRate blocking probability per pair and bitRate,3,300.0Gbps,9,5, ,0.0,0.0,0.0,0.0,0.0
BitRate blocking probability per pair and bitRate,3,300.0Gbps,11,23, ,0.0,0.0,0.0,0.0,0.0
BitRate blocking probability per pair and bitRate,3,300.0Gbps,23,12, ,0.0,0.0,0.0,0.0,0.0
BitRate blocking probability per pair and bitRate,3,300.0Gbps,18,4, ,0.0,0.07994634747552819,0.0,0.0,0.0
BitRate blocking probability per pair and bitRate,3,300.0Gbps,19,10, ,0.0,0.0,0.0,0.0,0.0
BitRate blocking probability per pair and bitRate,3,300.0Gbps,14,19, ,0.0,0.0,0.0,0.0,0.0
BitRate blocking probability per pair and bitRate,3,300.0Gbps,3,18, ,0.0,0.0,0.0,0.0,0.0
BitRate blocking probability per pair and bitRate,3,300.0Gbps,1,21, ,0.0,0.0,0.0,0.0,0.0
BitRate blocking probability per pair and bitRate,3,300.0Gbps,10,16, ,0.0,0.0,0.0,0.0,0.0
BitRate blocking probability per pair and bitRate,3,300.0Gbps,24,9, ,0.0,0.0,0.0,0.0,0.0
BitRate blocking probability per pair and bitRate,3,300.0Gbps,3,21, ,0.0,0.0,0.0,0.0,0.0
BitRate blocking probability per pair and bitRate,3,300.0Gbps,12,24, ,0.0,0.0,0.0,0.0,0.0
BitRate blocking probability per pair and bitRate,3,300.0Gbps,15,9, ,0.0,0.0,0.0,0.0,0.0
BitRate blocking probability per pair and bitRate,3,300.0Gbps,18,14, ,0.0,0.0,0.0,0.0,0.0
BitRate blocking probability per pair and bitRate,3,300.0Gbps,16,3, ,0.0,0.0,0.0,0.0,0.0
BitRate blocking probability per pair and bitRate,3,300.0Gbps,15,5, ,0.0,0.0,0.0,0.0,0.0
BitRate blocking probability per pair and bitRate,3,300.0Gbps,16,21, ,0.0,0.0,0.0,0.0,0.0
BitRate blocking probability per pair and bitRate,3,300.0Gbps,8,17, ,0.0,0.0,0.0,0.0,0.0
BitRate blocking probability per pair and bitRate,3,300.0Gbps,5,16, ,0.0,0.0,0.0,0.0,0.0
BitRate blocking probability per pair and bitRate,3,300.0Gbps,21,4, ,0.0,0.0,0.0,0.0,0.0
BitRate blocking probability per pair and bitRate,3,300.0Gbps,17,19, ,0.0,0.0,0.0,0.0,0.0
BitRate blocking probability per pair and bitRate,3,300.0Gbps,16,12, ,0.0,0.0,0.0,0.0,0.0
BitRate blocking probability per pair and bitRate,3,300.0Gbps,7,19, ,0.0,0.0,0.0,0.0,0.0
BitRate blocking probability per pair and bitRate,3,300.0Gbps,8,19, ,0.0,0.0,0.0,0.0,0.0
BitRate blocking probability per pair and bitRate,3,300.0Gbps,9,20, ,0.0,0.0,0.0,0.0,0.0
BitRate blocking probability per pair and bitRate,3,300.0Gbps,13,10, ,0.0,0.0,0.0,0.0,0.0
BitRate blocking probability per pair and bitRate,3,300.0Gbps,17,16, ,0.0,0.0,0.0,0.0,0.0
BitRate blocking probability per pair and bitRate,3,300.0Gbps,5,7, ,0.0,0.0,0.0,0.0,0.0
BitRate blocking probability per pair and bitRate,3,300.0Gbps,5,10, ,0.0,0.0,0.0,0.0,0.0
BitRate blocking probability per pair and bitRate,3,300.0Gbps,22,14, ,0.0,0.0,0.0,0.0,0.0
BitRate blocking probability per pair and bitRate,3,300.0Gbps,2,24, ,0.0,0.0,0.0,0.0,0.0
BitRate blocking probability per pair and bitRate,3,300.0Gbps,11,15, ,0.0,0.0,0.0,0.0,0.0
BitRate blocking probability per pair and bitRate,3,300.0Gbps,19,13, ,0.0,0.0,0.0,0.0,0.0
BitRate blocking probability per pair and bitRate,3,300.0Gbps,9,14, ,0.0,0.0,0.0,0.0,0.0
BitRate blocking probability per pair and bitRate,3,300.0Gbps,13,20, ,0.0,0.0,0.0,0.0,0.0
BitRate blocking probability per pair and bitRate,3,300.0Gbps,20,15, ,0.0,0.0,0.0,0.0,0.0
BitRate blocking probability per pair and bitRate,3,300.0Gbps,1,9, ,0.0,0.0,0.0,0.0,0.0
BitRate blocking probability per pair and bitRate,3,300.0Gbps,4,16, ,0.0,0.0,0.0,0.0,0.0
BitRate blocking probability per pair and bitRate,3,300.0Gbps,21,20, ,0.0,0.0,0.0,0.0,0.0
BitRate blocking probability per pair and bitRate,3,300.0Gbps,6,18, ,0.0,0.0,0.0,0.0,0.0
BitRate blocking probability per pair and bitRate,3,300.0Gbps,3,20, ,0.0,0.0,0.0,0.0,0.0
BitRate blocking probability per pair and bitRate,3,300.0Gbps,21,10, ,0.0,0.0,0.0,0.0,0.0
BitRate blocking probability per pair and bitRate,3,300.0Gbps,2,19, ,0.0,0.0,0.0,0.0,0.0
BitRate blocking probability per pair and bitRate,3,300.0Gbps,7,17, ,0.0,0.0,0.0,0.0,0.0
BitRate blocking probability per pair and bitRate,3,300.0Gbps,14,5, ,0.0,0.0,0.0,0.0,0.0
BitRate blocking probability per pair and bitRate,3,300.0Gbps,7,13, ,0.0,0.0,0.0,0.0,0.0
BitRate blocking probability per pair and bitRate,3,300.0Gbps,5,15, ,0.0,0.0,0.0,0.0,0.0
BitRate blocking probability per pair and bitRate,3,300.0Gbps,18,8, ,0.0,0.0,0.0,0.0,0.0
BitRate blocking probability per pair and bitRate,3,300.0Gbps,19,17, ,0.0,0.0,0.0,0.0,0.0
BitRate blocking probability per pair and bitRate,3,300.0Gbps,19,21, ,0.0,0.0,0.0,0.0,0.0
BitRate blocking probability per pair and bitRate,3,300.0Gbps,19,3, ,0.0,0.0,0.0,0.0,0.0
BitRate blocking probability per pair and bitRate,3,300.0Gbps,13,19, ,0.0,0.0,0.0,0.0,0.0
BitRate blocking probability per pair and bitRate,3,300.0Gbps,12,18, ,0.0,0.0,0.0,0.0,0.0
BitRate blocking probability per pair and bitRate,3,300.0Gbps,13,3, ,0.0,0.0,0.0,0.0,0.0
BitRate blocking probability per pair and bitRate,3,300.0Gbps,7,18, ,0.0,0.0,0.0,0.0,0.0
BitRate blocking probability per pair and bitRate,3,300.0Gbps,17,12, ,0.0,0.0,0.0,0.0,0.0
BitRate blocking probability per pair and bitRate,3,300.0Gbps,13,9, ,0.0,0.0,0.0,0.0,0.0
BitRate blocking probability per pair and bitRate,3,300.0Gbps,6,22, ,0.0,0.0,0.07765158627612191,0.0,0.0
BitRate blocking probability per pair and bitRate,3,300.0Gbps,1,15, ,0.0,0.0,0.0,0.0,0.0
BitRate blocking probability per pair and bitRate,3,300.0Gbps,3,19, ,0.0,0.0,0.0,0.0,0.0
BitRate blocking probability per pair and bitRate,3,300.0Gbps,12,4, ,0.0,0.0,0.0,0.0,0.0
BitRate blocking probability per pair and bitRate,3,300.0Gbps,16,24, ,0.0,0.0,0.0,0.0,0.0
BitRate blocking probability per pair and bitRate,3,300.0Gbps,6,10, ,0.0,0.0,0.0,0.0,0.0
BitRate blocking probability per pair and bitRate,3,300.0Gbps,2,18, ,0.0,0.0,0.0,0.0,0.0
BitRate blocking probability per pair and bitRate,3,300.0Gbps,18,21, ,0.0,0.0,0.0,0.0,0.0
BitRate blocking probability per pair and bitRate,3,300.0Gbps,18,3, ,0.0,0.0,0.0,0.0,0.0
BitRate blocking probability per pair and bitRate,3,300.0Gbps,15,18, ,0.0,0.0,0.0,0.0,0.0
BitRate blocking probability per pair and bitRate,3,300.0Gbps,4,14, ,0.0,0.0,0.0,0.0,0.0
BitRate blocking probability per pair and bitRate,3,300.0Gbps,7,20, ,0.0,0.0,0.0,0.0,0.0
BitRate blocking probability per pair and bitRate,3,300.0Gbps,13,15, ,0.0,0.0,0.0,0.0,0.0
BitRate blocking probability per pair and bitRate,3,300.0Gbps,13,21, ,0.0,0.0,0.0,0.0,0.0
BitRate blocking probability per pair and bitRate,3,300.0Gbps,15,14, ,0.0,0.0,0.0,0.0,0.0
BitRate blocking probability per pair and bitRate,3,300.0Gbps,3,15, ,0.0,0.0,0.0,0.0,0.0
BitRate blocking probability per pair and bitRate,3,300.0Gbps,18,5, ,0.0,0.0,0.0,0.0,0.0
BitRate blocking probability per pair and bitRate,3,300.0Gbps,12,1, ,0.0,0.0,0.0,0.0,0.0
BitRate blocking probability per pair and bitRate,3,300.0Gbps,6,7, ,0.0,0.0,0.0,0.0,0.0
BitRate blocking probability per pair and bitRate,3,300.0Gbps,24,3, ,0.0,0.0,0.0,0.0,0.0
BitRate blocking probability per pair and bitRate,3,300.0Gbps,19,5, ,0.0,0.0,0.0,0.0,0.0
BitRate blocking probability per pair and bitRate,3,300.0Gbps,20,19, ,0.0,0.0,0.0,0.0,0.0
BitRate blocking probability per pair and bitRate,3,300.0Gbps,5,17, ,0.0,0.0,0.0,0.02709876228509416,0.0
BitRate blocking probability per pair and bitRate,3,300.0Gbps,20,12, ,0.0,0.0,0.0,0.0,0.0
BitRate blocking probability per pair and bitRate,3,300.0Gbps,4,22, ,0.06958311715774564,0.0,0.0169409330694528,0.0,0.0
BitRate blocking probability per pair and bitRate,3,300.0Gbps,7,8, ,0.0,0.0,0.0,0.0,0.0
BitRate blocking probability per pair and bitRate,3,300.0Gbps,14,1, ,0.0,0.0,0.0,0.0,0.0
BitRate blocking probability per pair and bitRate,3,300.0Gbps,20,21, ,0.0,0.0,0.0,0.0,0.0
BitRate blocking probability per pair and bitRate,3,300.0Gbps,1,6, ,0.0,0.0,0.0,0.0,0.0
BitRate blocking probability per pair and bitRate,3,300.0Gbps,13,2, ,0.0,0.0,0.0,0.0,0.0
BitRate blocking probability per pair and bitRate,3,300.0Gbps,14,20, ,0.0,0.0,0.0,0.0,0.0
BitRate blocking probability per pair and bitRate,3,300.0Gbps,16,20, ,0.0,0.0,0.0,0.0,0.0
BitRate blocking probability per pair and bitRate,3,300.0Gbps,18,15, ,0.0,0.0,0.0,0.0,0.0
BitRate blocking probability per pair and bitRate,3,300.0Gbps,6,2, ,0.0,0.0,0.0,0.0,0.0
BitRate blocking probability per pair and bitRate,3,300.0Gbps,9,15, ,0.0,0.0,0.0,0.0,0.0
BitRate blocking probability per pair and bitRate,3,300.0Gbps,15,17, ,0.0,0.0,0.0,0.0,0.0
BitRate blocking probability per pair and bitRate,3,300.0Gbps,18,2, ,0.0,0.0,0.0,0.0,0.0
BitRate blocking probability per pair and bitRate,3,300.0Gbps,15,24, ,0.0,0.0,0.0,0.0,0.0
BitRate blocking probability per pair and bitRate,3,300.0Gbps,7,10, ,0.0,0.0,0.0,0.0,0.0
BitRate blocking probability per pair and bitRate,3,300.0Gbps,14,21, ,0.0,0.0,0.0,0.0,0.0
BitRate blocking probability per pair and bitRate,3,300.0Gbps,23,15, ,0.0,0.0,0.0,0.0,0.0
BitRate blocking probability per pair and bitRate,3,300.0Gbps,11,1, ,0.0,0.0,0.0,0.0,0.0
BitRate blocking probability per pair and bitRate,3,300.0Gbps,19,20, ,0.0,0.0,0.0,0.0,0.0
BitRate blocking probability per pair and bitRate,3,300.0Gbps,1,8, ,0.0,0.0,0.0,0.0,0.0
BitRate blocking probability per pair and bitRate,3,300.0Gbps,16,1, ,0.0,0.0,0.0,0.0,0.0
BitRate blocking probability per pair and bitRate,3,300.0Gbps,24,5, ,0.0,0.0,0.0,0.0,0.0
BitRate blocking probability per pair and bitRate,3,300.0Gbps,2,4, ,0.0,0.0,0.0,0.0,0.0
BitRate blocking probability per pair and bitRate,3,300.0Gbps,10,5, ,0.0,0.0,0.0,0.0,0.0
BitRate blocking probability per pair and bitRate,3,300.0Gbps,21,7, ,0.0,0.0,0.0,0.0,0.0
BitRate blocking probability per pair and bitRate,3,300.0Gbps,23,11, ,0.0,0.0,0.0,0.0,0.0
BitRate blocking probability per pair and bitRate,3,300.0Gbps,19,6, ,0.0,0.0,0.022756147855107118,0.0,0.0
BitRate blocking probability per pair and bitRate,3,300.0Gbps,10,17, ,0.0,0.0,0.0,0.0,0.0
BitRate blocking probability per pair and bitRate,3,300.0Gbps,3,8, ,0.0,0.0,0.0,0.0,0.0
BitRate blocking probability per pair and bitRate,3,300.0Gbps,3,23, ,0.0,0.0,0.0,0.0,0.0
BitRate blocking probability per pair and bitRate,3,300.0Gbps,17,9, ,0.0,0.03103883447336125,0.0,0.0,0.0
BitRate blocking probability per pair and bitRate,3,300.0Gbps,9,18, ,0.0,0.0,0.0,0.0,0.0
BitRate blocking probability per pair and bitRate,3,300.0Gbps,1,3, ,0.0,0.0,0.0,0.0,0.0
BitRate blocking probability per pair and bitRate,3,300.0Gbps,10,20, ,0.0,0.0,0.0,0.0,0.0
BitRate blocking probability per pair and bitRate,3,300.0Gbps,21,6, ,0.0,0.0,0.0,0.0,0.0
BitRate blocking probability per pair and bitRate,3,300.0Gbps,8,5, ,0.0,0.0,0.0,0.0,0.0
BitRate blocking probability per pair and bitRate,3,300.0Gbps,9,8, ,0.0,0.0,0.0,0.0,0.0
BitRate blocking probability per pair and bitRate,3,300.0Gbps,24,4, ,0.0,0.0,0.0,0.0,0.0
BitRate blocking probability per pair and bitRate,3,300.0Gbps,1,12, ,0.0,0.0,0.0,0.0,0.0
BitRate blocking probability per pair and bitRate,3,300.0Gbps,11,5, ,0.0,0.0,0.0,0.0,0.0
BitRate blocking probability per pair and bitRate,3,300.0Gbps,22,7, ,0.0,0.0,0.0,0.0,0.0
BitRate blocking probability per pair and bitRate,3,300.0Gbps,22,8, ,0.0,0.0,0.0,0.0,0.0
BitRate blocking probability per pair and bitRate,3,300.0Gbps,20,22, ,0.0,0.0,0.0,0.0,0.0
BitRate blocking probability per pair and bitRate,3,300.0Gbps,13,24, ,0.0,0.0,0.0,0.0,0.0
BitRate blocking probability per pair and bitRate,3,300.0Gbps,1,7, ,0.0,0.0,0.0,0.0,0.0
BitRate blocking probability per pair and bitRate,3,300.0Gbps,17,20, ,0.0,0.0,0.0,0.0,0.0
BitRate blocking probability per pair and bitRate,3,300.0Gbps,16,18, ,0.0,0.0,0.0,0.0,0.0
BitRate blocking probability per pair and bitRate,3,300.0Gbps,16,8, ,0.0,0.0,0.0,0.0,0.0
BitRate blocking probability per pair and bitRate,3,300.0Gbps,12,15, ,0.0,0.0,0.0,0.0,0.0
BitRate blocking probability per pair and bitRate,3,300.0Gbps,17,5, ,0.0,0.0,0.0,0.0,0.0
BitRate blocking probability per pair and bitRate,3,300.0Gbps,23,14, ,0.0,0.0,0.0,0.0,0.0
BitRate blocking probability per pair and bitRate,3,300.0Gbps,1,19, ,0.0,0.0,0.0,0.0,0.0
BitRate blocking probability per pair and bitRate,3,300.0Gbps,17,7, ,0.0,0.0,0.0,0.0,0.0
BitRate blocking probability per pair and bitRate,3,300.0Gbps,18,9, ,0.0,0.0,0.0,0.0,0.0
BitRate blocking probability per pair and bitRate,3,300.0Gbps,18,23, ,0.0,0.0,0.0,0.0,0.0
BitRate blocking probability per pair and bitRate,3,300.0Gbps,13,22, ,0.0,0.0,0.0,0.0,0.0
BitRate blocking probability per pair and bitRate,3,300.0Gbps,7,6, ,0.0,0.0,0.0,0.0,0.0
BitRate blocking probability per pair and bitRate,3,300.0Gbps,9,23, ,0.0,0.0,0.0,0.0,0.0
BitRate blocking probability per pair and bitRate,3,300.0Gbps,13,6, ,0.0,0.0,0.0,0.0,0.0
BitRate blocking probability per pair and bitRate,3,300.0Gbps,15,8, ,0.0,0.0,0.0,0.0,0.0
BitRate blocking probability per pair and bitRate,3,300.0Gbps,13,14, ,0.0,0.0,0.0,0.0,0.0
BitRate blocking probability per pair and bitRate,3,300.0Gbps,20,3, ,0.0,0.0,0.0,0.0,0.0
BitRate blocking probability per pair and bitRate,3,300.0Gbps,21,16, ,0.0,0.0,0.0,0.0,0.0
BitRate blocking probability per pair and bitRate,3,300.0Gbps,3,16, ,0.0,0.0,0.0,0.0,0.0
BitRate blocking probability per pair and bitRate,3,300.0Gbps,22,13, ,0.0,0.0,0.0,0.0,0.0
BitRate blocking probability per pair and bitRate,3,300.0Gbps,3,14, ,0.0,0.0,0.0,0.0,0.0
BitRate blocking probability per pair and bitRate,3,300.0Gbps,3,7, ,0.0,0.0,0.0,0.0,0.0
BitRate blocking probability per pair and bitRate,3,300.0Gbps,10,22, ,0.0,0.0,0.0,0.0,0.0
BitRate blocking probability per pair and bitRate,3,300.0Gbps,8,10, ,0.0,0.0,0.0,0.0,0.0
BitRate blocking probability per pair and bitRate,3,300.0Gbps,22,6, ,0.051276023701227795,0.0,0.0,0.025052927062265935,0.0
BitRate blocking probability per pair and bitRate,3,300.0Gbps,5,2, ,0.0,0.0,0.0,0.0,0.0
BitRate blocking probability per pair and bitRate,3,300.0Gbps,13,5, ,0.0,0.0,0.0,0.0,0.0
BitRate blocking probability per pair and bitRate,3,300.0Gbps,23,8, ,0.0,0.0,0.0,0.0,0.0
BitRate blocking probability per pair and bitRate,3,300.0Gbps,13,11, ,0.0,0.0,0.0,0.0,0.0
BitRate blocking probability per pair and bitRate,3,300.0Gbps,13,7, ,0.0,0.0,0.0,0.0,0.0
BitRate blocking probability per pair and bitRate,3,300.0Gbps,3,13, ,0.0,0.0,0.0,0.0,0.0
BitRate blocking probability per pair and bitRate,3,300.0Gbps,10,12, ,0.0,0.0,0.0,0.0,0.0
BitRate blocking probability per pair and bitRate,3,300.0Gbps,24,11, ,0.0,0.0,0.0,0.0,0.0
BitRate blocking probability per pair and bitRate,3,300.0Gbps,9,7, ,0.0,0.0,0.0,0.0,0.0
BitRate blocking probability per pair and bitRate,3,300.0Gbps,24,12, ,0.0,0.0,0.0,0.0,0.0
BitRate blocking probability per pair and bitRate,3,300.0Gbps,15,3, ,0.0,0.0,0.0,0.0,0.0
BitRate blocking probability per pair and bitRate,3,300.0Gbps,22,11, ,0.0,0.0,0.0,0.0,0.0
BitRate blocking probability per pair and bitRate,3,300.0Gbps,18,19, ,0.0,0.0,0.0,0.0,0.0
BitRate blocking probability per pair and bitRate,3,300.0Gbps,16,7, ,0.0,0.0,0.0,0.0,0.0
BitRate blocking probability per pair and bitRate,3,300.0Gbps,5,24, ,0.0,0.0,0.0,0.0,0.0
BitRate blocking probability per pair and bitRate,3,300.0Gbps,10,19, ,0.0,0.0,0.0,0.0,0.0
BitRate blocking probability per pair and bitRate,3,300.0Gbps,23,13, ,0.0,0.0,0.0,0.0,0.0
BitRate blocking probability per pair and bitRate,3,300.0Gbps,12,3, ,0.0,0.0,0.0,0.0,0.0
BitRate blocking probability per pair and bitRate,3,300.0Gbps,9,10, ,0.0,0.0,0.0,0.0,0.0
BitRate blocking probability per pair and bitRate,3,300.0Gbps,4,18, ,0.0,0.0,0.0,0.0,0.0
BitRate blocking probability per pair and bitRate,3,300.0Gbps,4,19, ,0.021731207547198535,0.024144976410282383,0.01556744461011449,0.00882337187767649,0.0
BitRate blocking probability per pair and bitRate,3,300.0Gbps,17,15, ,0.0,0.0,0.0,0.0,0.0
BitRate blocking probability per pair and bitRate,3,300.0Gbps,2,22, ,0.0,0.0,0.0,0.0,0.0
BitRate blocking probability per pair and bitRate,3,300.0Gbps,11,17, ,0.0,0.0,0.0,0.0,0.0
BitRate blocking probability per pair and bitRate,3,300.0Gbps,18,13, ,0.0,0.0,0.0,0.0,0.0
BitRate blocking probability per pair and bitRate,3,300.0Gbps,24,10, ,0.0,0.0,0.0,0.0,0.0
BitRate blocking probability per pair and bitRate,3,300.0Gbps,11,13, ,0.0,0.0,0.0,0.0,0.0
BitRate blocking probability per pair and bitRate,3,300.0Gbps,12,22, ,0.0,0.0,0.0,0.0,0.0
BitRate blocking probability per pair and bitRate,3,300.0Gbps,20,23, ,0.0,0.0,0.0,0.0,0.0
BitRate blocking probability per pair and bitRate,3,300.0Gbps,4,7, ,0.0,0.0,0.0,0.0,0.0
BitRate blocking probability per pair and bitRate,3,300.0Gbps,9,12, ,0.0,0.0,0.0,0.0,0.0
BitRate blocking probability per pair and bitRate,3,300.0Gbps,4,13, ,0.0,0.0,0.0,0.0,0.0
BitRate blocking probability per pair and bitRate,3,300.0Gbps,20,13, ,0.0,0.0,0.0,0.0,0.0
BitRate blocking probability per pair and bitRate,3,300.0Gbps,10,3, ,0.0,0.0,0.0,0.0,0.0
BitRate blocking probability per pair and bitRate,3,300.0Gbps,21,3, ,0.0,0.0,0.0,0.0,0.0
BitRate blocking probability per pair and bitRate,3,300.0Gbps,7,9, ,0.0,0.0,0.0,0.0,0.0
BitRate blocking probability per pair and bitRate,3,300.0Gbps,12,19, ,0.0,0.0,0.0,0.0,0.0
BitRate blocking probability per pair and bitRate,3,300.0Gbps,19,16, ,0.0,0.0,0.0,0.0,0.0
BitRate blocking probability per pair and bitRate,3,300.0Gbps,20,11, ,0.0,0.0,0.0,0.0,0.0
BitRate blocking probability per pair and bitRate,3,300.0Gbps,22,9, ,0.0,0.0,0.0,0.0,0.0
BitRate blocking probability per pair and bitRate,3,300.0Gbps,7,11, ,0.0,0.0,0.0,0.0,0.0
BitRate blocking probability per pair and bitRate,3,300.0Gbps,6,1, ,0.0,0.0,0.0,0.0,0.0
BitRate blocking probability per pair and bitRate,3,300.0Gbps,6,14, ,0.0,0.0,0.0,0.0,0.0
BitRate blocking probability per pair and bitRate,3,300.0Gbps,21,1, ,0.0,0.0,0.0,0.0,0.0
BitRate blocking probability per pair and bitRate,3,300.0Gbps,4,23, ,0.0,0.0,0.0,0.0,0.0
BitRate blocking probability per pair and bitRate,3,300.0Gbps,1,5, ,0.0,0.0,0.0,0.0,0.0
BitRate blocking probability per pair and bitRate,3,300.0Gbps,3,22, ,0.0,0.0,0.0,0.0,0.0
BitRate blocking probability per pair and bitRate,3,300.0Gbps,5,23, ,0.0,0.0,0.0,0.0,0.0
BitRate blocking probability per pair and bitRate,3,300.0Gbps,14,9, ,0.0,0.0,0.0,0.0,0.0
BitRate blocking probability per pair and bitRate,3,300.0Gbps,23,6, ,0.0,0.0,0.0,0.0,0.0
BitRate blocking probability per pair and bitRate,3,300.0Gbps,6,19, ,0.0,0.02495091617554316,0.0,0.0,0.0
BitRate blocking probability per pair and bitRate,3,300.0Gbps,14,13, ,0.0,0.0,0.0,0.0,0.0
BitRate blocking probability per pair and bitRate,3,300.0Gbps,14,11, ,0.0,0.0,0.0,0.0,0.0
BitRate blocking probability per pair and bitRate,3,300.0Gbps,12,21, ,0.0,0.0,0.0,0.0,0.0
BitRate blocking probability per pair and bitRate,3,300.0Gbps,2,8, ,0.0,0.0,0.0,0.0,0.0
BitRate blocking probability per pair and bitRate,3,300.0Gbps,16,13, ,0.0,0.0,0.0,0.0,0.0
BitRate blocking probability per pair and bitRate,3,300.0Gbps,20,18, ,0.0,0.0,0.0,0.0,0.0
BitRate blocking probability per pair and bitRate,3,300.0Gbps,6,9, ,0.0,0.0,0.0,0.0,0.0
BitRate blocking probability per pair and bitRate,3,300.0Gbps,6,23, ,0.0,0.0,0.0,0.0,0.0
BitRate blocking probability per pair and bitRate,3,300.0Gbps,10,4, ,0.0,0.0,0.0,0.0,0.0
BitRate blocking probability per pair and bitRate,3,300.0Gbps,17,23, ,0.0,0.0,0.0,0.0,0.0
BitRate blocking probability per pair and bitRate,3,300.0Gbps,17,18, ,0.0,0.0,0.0,0.0,0.0
BitRate blocking probability per pair and bitRate,3,300.0Gbps,14,12, ,0.0,0.0,0.0,0.0,0.0
BitRate blocking probability per pair and bitRate,3,300.0Gbps,14,17, ,0.0,0.0,0.0,0.0,0.0
BitRate blocking probability per pair and bitRate,3,300.0Gbps,19,7, ,0.0,0.0,0.0,0.0,0.0
BitRate blocking probability per pair and bitRate,3,300.0Gbps,7,24, ,0.0,0.0,0.0,0.0,0.0
BitRate blocking probability per pair and bitRate,3,300.0Gbps,11,18, ,0.0,0.0,0.0,0.0,0.0
BitRate blocking probability per pair and bitRate,3,300.0Gbps,11,10, ,0.0,0.0,0.0,0.0,0.0
BitRate blocking probability per pair and bitRate,3,300.0Gbps,14,22, ,0.0,0.0,0.0,0.0,0.0
BitRate blocking probability per pair and bitRate,3,300.0Gbps,4,9, ,0.0,0.0,0.0,0.0,0.0
BitRate blocking probability per pair and bitRate,3,300.0Gbps,22,21, ,0.0,0.0,0.0,0.0,0.0
BitRate blocking probability per pair and bitRate,3,300.0Gbps,22,24, ,0.0,0.0,0.0,0.0,0.0
BitRate blocking probability per pair and bitRate,3,300.0Gbps,8,15, ,0.0,0.0,0.0,0.0,0.0
BitRate blocking probability per pair and bitRate,3,300.0Gbps,12,5, ,0.0,0.0,0.0,0.0,0.0
BitRate blocking probability per pair and bitRate,3,300.0Gbps,7,23, ,0.0,0.0,0.0,0.0,0.0
BitRate blocking probability per pair and bitRate,3,300.0Gbps,24,14, ,0.0,0.0,0.0,0.0,0.0
BitRate blocking probability per pair and bitRate,3,300.0Gbps,1,2, ,0.0,0.0,0.0,0.0,0.0
BitRate blocking probability per pair and bitRate,3,300.0Gbps,15,22, ,0.0,0.0,0.0,0.0,0.0
BitRate blocking probability per pair and bitRate,3,300.0Gbps,19,14, ,0.0,0.0,0.0,0.0,0.0
BitRate blocking probability per pair and bitRate,3,300.0Gbps,21,23, ,0.0,0.0,0.0,0.0,0.0
BitRate blocking probability per pair and bitRate,3,300.0Gbps,8,1, ,0.0,0.0,0.0,0.0,0.0
BitRate blocking probability per pair and bitRate,3,300.0Gbps,18,10, ,0.0,0.0,0.0,0.0,0.0
BitRate blocking probability per pair and bitRate,3,300.0Gbps,17,3, ,0.0,0.0,0.0,0.0,0.0
BitRate blocking probability per pair and bitRate,3,300.0Gbps,5,9, ,0.0,0.0,0.0,0.0,0.0
BitRate blocking probability per pair and bitRate,3,300.0Gbps,19,8, ,0.0,0.0,0.0,0.0,0.0
BitRate blocking probability per pair and bitRate,3,300.0Gbps,4,21, ,0.0,0.0,0.0,0.0,0.0
BitRate blocking probability per pair and bitRate,3,300.0Gbps,8,16, ,0.0,0.0,0.0,0.0,0.0
BitRate blocking probability per pair and bitRate,3,300.0Gbps,5,12, ,0.0,0.0,0.0,0.0,0.0
BitRate blocking probability per pair and bitRate,3,300.0Gbps,6,16, ,0.0,0.0,0.0,0.0,0.0
BitRate blocking probability per pair and bitRate,3,300.0Gbps,20,10, ,0.0,0.0,0.0,0.0,0.0
BitRate blocking probability per pair and bitRate,3,300.0Gbps,2,15, ,0.0,0.0,0.0,0.0,0.0
BitRate blocking probability per pair and bitRate,3,300.0Gbps,20,6, ,0.0,0.021519875621759107,0.0,0.019412456633152317,0.0
BitRate blocking probability per pair and bitRate,3,300.0Gbps,21,13, ,0.0,0.0,0.0,0.0,0.0
BitRate blocking probability per pair and bitRate,3,300.0Gbps,6,21, ,0.0,0.0,0.0,0.0,0.0
BitRate blocking probability per pair and bitRate,3,300.0Gbps,18,16, ,0.0,0.0,0.0,0.0,0.0
BitRate blocking probability per pair and bitRate,3,300.0Gbps,5,21, ,0.0,0.0,0.0,0.0,0.0
BitRate blocking probability per pair and bitRate,3,300.0Gbps,15,11, ,0.0,0.0,0.0,0.0,0.0
BitRate blocking probability per pair and bitRate,3,300.0Gbps,8,12, ,0.0,0.0,0.0,0.0,0.0
BitRate blocking probability per pair and bitRate,3,300.0Gbps,19,1, ,0.0,0.0,0.0,0.0,0.0
BitRate blocking probability per pair and bitRate,3,300.0Gbps,21,14, ,0.0,0.0,0.0,0.0,0.0
BitRate blocking probability per pair and bitRate,3,300.0Gbps,2,13, ,0.0,0.0,0.0,0.0,0.0
BitRate blocking probability per pair and bitRate,3,300.0Gbps,17,6, ,0.011781892941247596,0.0,0.0,0.009177941755721545,0.0
BitRate blocking probability per pair and bitRate,3,300.0Gbps,24,1, ,0.0,0.0,0.0,0.0,0.0
BitRate blocking probability per pair and bitRate,3,300.0Gbps,8,3, ,0.0,0.0,0.0,0.0,0.0
BitRate blocking probability per pair and bitRate,3,300.0Gbps,1,22, ,0.02801737897222441,0.0,0.0,0.0,0.0
BitRate blocking probability per pair and bitRate,3,300.0Gbps,23,3, ,0.0,0.0,0.0,0.0,0.0
BitRate blocking probability per pair and bitRate,3,300.0Gbps,2,1, ,0.0,0.0,0.0,0.0,0.0
BitRate blocking probability per pair and bitRate,3,300.0Gbps,15,23, ,0.0,0.0,0.0,0.0,0.0
BitRate blocking probability per pair and bitRate,3,300.0Gbps,19,15, ,0.0,0.0,0.0,0.0,0.0
BitRate blocking probability per pair and bitRate,3,300.0Gbps,2,23, ,0.0,0.0,0.0,0.0,0.0
BitRate blocking probability per pair and bitRate,3,300.0Gbps,13,17, ,0.0,0.0,0.0,0.0,0.0
BitRate blocking probability per pair and bitRate,3,300.0Gbps,1,10, ,0.0,0.0,0.0,0.0,0.0
BitRate blocking probability per pair and bitRate,3,300.0Gbps,5,22, ,0.0,0.0,0.0,0.0,0.0036403963018964785
BitRate blocking probability per pair and bitRate,3,300.0Gbps,18,24, ,0.0,0.0,0.0,0.0,0.0
BitRate blocking probability per pair and bitRate,3,300.0Gbps,19,23, ,0.0,0.0,0.0,0.0,0.0
BitRate blocking probability per pair and bitRate,3,300.0Gbps,20,8, ,0.0,0.0,0.0,0.0,0.0
BitRate blocking probability per pair and bitRate,3,300.0Gbps,10,6, ,0.0,0.0,0.0,0.0,0.0
BitRate blocking probability per pair and bitRate,3,300.0Gbps,2,6, ,0.0,0.0,0.0,0.0,0.0
BitRate blocking probability per pair and bitRate,3,300.0Gbps,16,14, ,0.0,0.0,0.0,0.0,0.0
BitRate blocking probability per pair and bitRate,3,300.0Gbps,24,19, ,0.0,0.0,0.0,0.0,0.0
BitRate blocking probability per pair and bitRate,3,300.0Gbps,23,19, ,0.0,0.0,0.0,0.0,0.0
BitRate blocking probability per pair and bitRate,3,300.0Gbps,12,2, ,0.0,0.0,0.0,0.0,0.0
BitRate blocking probability per pair and bitRate,3,300.0Gbps,23,1, ,0.0,0.0,0.0,0.0,0.0
BitRate blocking probability per pair and bitRate,3,300.0Gbps,15,7, ,0.0,0.0,0.0,0.0,0.0
BitRate blocking probability per pair and bitRate,3,300.0Gbps,22,12, ,0.0,0.0,0.0,0.0,0.0
BitRate blocking probability per pair and bitRate,3,300.0Gbps,3,6, ,0.0,0.0,0.0,0.0,0.0
BitRate blocking probability per pair and bitRate,3,300.0Gbps,4,2, ,0.0,0.0,0.0,0.0,0.0
BitRate blocking probability per pair and bitRate,3,300.0Gbps,13,1, ,0.0,0.0,0.0,0.0,0.0
BitRate blocking probability per pair and bitRate,3,300.0Gbps,6,5, ,0.0,0.0,0.0,0.0,0.0
BitRate blocking probability per pair and bitRate,3,300.0Gbps,16,22, ,0.0,0.0,0.0,0.0,0.0
BitRate blocking probability per pair and bitRate,3,300.0Gbps,7,5, ,0.0,0.0,0.0,0.0,0.0
BitRate blocking probability per pair and bitRate,3,300.0Gbps,6,24, ,0.0,0.0,0.0,0.0,0.0
BitRate blocking probability per pair and bitRate,3,300.0Gbps,18,17, ,0.0,0.0,0.0,0.0,0.0
BitRate blocking probability per pair and bitRate,3,300.0Gbps,22,3, ,0.0,0.0,0.0,0.0,0.0
BitRate blocking probability per pair and bitRate,3,300.0Gbps,13,4, ,0.0,0.0,0.0,0.0,0.0
BitRate blocking probability per pair and bitRate,3,300.0Gbps,16,5, ,0.0,0.0,0.0,0.0,0.0
BitRate blocking probability per pair and bitRate,3,300.0Gbps,18,11, ,0.0,0.0,0.0,0.0,0.0
BitRate blocking probability per pair and bitRate,3,300.0Gbps,6,11, ,0.0,0.0,0.0,0.0,0.0
BitRate blocking probability per pair and bitRate,3,300.0Gbps,17,13, ,0.0,0.0,0.0,0.0,0.0
BitRate blocking probability per pair and bitRate,3,300.0Gbps,7,3, ,0.0,0.0,0.0,0.0,0.0
BitRate blocking probability per pair and bitRate,3,300.0Gbps,22,23, ,0.0,0.0,0.0,0.0,0.0
BitRate blocking probability per pair and bitRate,3,300.0Gbps,10,13, ,0.0,0.0,0.0,0.0,0.0
BitRate blocking probability per pair and bitRate,3,300.0Gbps,14,7, ,0.0,0.0,0.0,0.0,0.0
BitRate blocking probability per pair and bitRate,3,300.0Gbps,20,16, ,0.0,0.0,0.0,0.0,0.0
BitRate blocking probability per pair and bitRate,3,300.0Gbps,14,8, ,0.0,0.0,0.0,0.0,0.0
BitRate blocking probability per pair and bitRate,3,300.0Gbps,7,4, ,0.0,0.0,0.0,0.0,0.0
BitRate blocking probability per pair and bitRate,3,300.0Gbps,8,14, ,0.0,0.0,0.0,0.0,0.0
BitRate blocking probability per pair and bitRate,3,300.0Gbps,3,12, ,0.0,0.0,0.0,0.0,0.0
BitRate blocking probability per pair and bitRate,3,300.0Gbps,7,2, ,0.0,0.0,0.0,0.0,0.0
BitRate blocking probability per pair and bitRate,3,300.0Gbps,10,11, ,0.0,0.0,0.0,0.0,0.0
BitRate blocking probability per pair and bitRate,3,300.0Gbps,11,14, ,0.0,0.0,0.0,0.0,0.0
BitRate blocking probability per pair and bitRate,3,300.0Gbps,20,24, ,0.0,0.0,0.0,0.0,0.0
BitRate blocking probability per pair and bitRate,3,300.0Gbps,20,4, ,0.0,0.0,0.0,0.0,0.0
BitRate blocking probability per pair and bitRate,3,300.0Gbps,23,2, ,0.0,0.0,0.0,0.0,0.0
BitRate blocking probability per pair and bitRate,3,300.0Gbps,22,2, ,0.0,0.0,0.0,0.0,0.0
BitRate blocking probability per pair and bitRate,3,300.0Gbps,22,19, ,0.0,0.0,0.0,0.0,0.0
BitRate blocking probability per pair and bitRate,3,300.0Gbps,24,23, ,0.0,0.0,0.0,0.0,0.0
BitRate blocking probability per pair and bitRate,3,300.0Gbps,6,17, ,2.2849168741483915E-4,0.019335567511285984,0.03627307475644177,0.0,0.05605247799895052
BitRate blocking probability per pair and bitRate,3,300.0Gbps,4,15, ,0.0,0.0,0.0,0.0,0.0
BitRate blocking probability per pair and bitRate,3,300.0Gbps,20,7, ,0.0,0.0,0.0,0.0,0.0
BitRate blocking probability per pair and bitRate,3,300.0Gbps,10,8, ,0.0,0.0,0.0,0.0,0.0
BitRate blocking probability per pair and bitRate,3,300.0Gbps,10,24, ,0.0,0.0,0.0,0.0,0.0
BitRate blocking probability per pair and bitRate,3,300.0Gbps,12,16, ,0.0,0.0,0.0,0.0,0.0
BitRate blocking probability per pair and bitRate,3,300.0Gbps,8,13, ,0.0,0.0,0.0,0.0,0.0
BitRate blocking probability per pair and bitRate,3,300.0Gbps,11,4, ,0.0,0.0,0.0,0.0,0.0
BitRate blocking probability per pair and bitRate,3,300.0Gbps,22,17, ,0.0,0.0,0.0,0.0,0.0
BitRate blocking probability per pair and bitRate,3,300.0Gbps,4,1, ,0.0,0.0,0.0,0.0,0.0
BitRate blocking probability per pair and bitRate,3,300.0Gbps,14,6, ,0.0,0.0,0.0,0.0,0.0
BitRate blocking probability per pair and bitRate,3,300.0Gbps,14,10, ,0.0,0.0,0.0,0.0,0.0
BitRate blocking probability per pair and bitRate,3,300.0Gbps,24,6, ,0.0,0.0,0.0,0.0,0.0
BitRate blocking probability per pair and bitRate,3,300.0Gbps,15,2, ,0.0,0.0,0.0,0.0,0.0
BitRate blocking probability per pair and bitRate,3,300.0Gbps,22,10, ,0.0,0.0,0.0,0.0,0.0
BitRate blocking probability per pair and bitRate,3,300.0Gbps,4,17, ,0.0,0.0,0.0,0.0,0.0
BitRate blocking probability per pair and bitRate,3,300.0Gbps,17,2, ,0.0,0.0,0.0,0.0,0.0
BitRate blocking probability per pair and bitRate,3,300.0Gbps,18,20, ,0.0,0.0,0.0,0.0,0.0
BitRate blocking probability per pair and bitRate,3,300.0Gbps,17,21, ,0.0,0.0,0.0,0.0,0.0
BitRate blocking probability per pair and bitRate,3,300.0Gbps,18,6, ,0.0,0.0,0.0,0.0,0.0
BitRate blocking probability per pair and bitRate,3,300.0Gbps,10,15, ,0.0,0.0,0.0,0.0,0.0
BitRate blocking probability per pair and bitRate,3,300.0Gbps,4,11, ,0.0,0.0,0.0,0.0,0.0
BitRate blocking probability per pair and bitRate,3,300.0Gbps,2,21, ,0.0,0.0,0.0,0.0,0.0
BitRate blocking probability per pair and bitRate,3,300.0Gbps,19,9, ,0.0,0.0,0.0,0.0,0.0
BitRate blocking probability per pair and bitRate,3,300.0Gbps,5,8, ,0.0,0.0,0.0,0.0,0.0
BitRate blocking probability per pair and bitRate,3,300.0Gbps,5,3, ,0.0,0.0,0.0,0.0,0.0
BitRate blocking probability per pair and bitRate,3,300.0Gbps,11,6, ,0.0,0.0,0.0,0.0,0.0
BitRate blocking probability per pair and bitRate,3,300.0Gbps,8,2, ,0.0,0.0,0.0,0.0,0.0
BitRate blocking probability per pair and bitRate,3,300.0Gbps,9,24, ,0.0,0.0,0.0,0.0,0.0
BitRate blocking probability per pair and bitRate,3,300.0Gbps,16,23, ,0.0,0.0,0.0,0.0,0.0
BitRate blocking probability per pair and bitRate,3,300.0Gbps,2,16, ,0.0,0.0,0.0,0.0,0.0
BitRate blocking probability per pair and bitRate,3,300.0Gbps,16,17, ,0.0,0.0,0.0,0.0,0.0
BitRate blocking probability per pair and bitRate,3,300.0Gbps,23,18, ,0.0,0.0,0.0,0.0,0.0
BitRate blocking probability per pair and bitRate,3,300.0Gbps,7,1, ,0.0,0.0,0.0,0.0,0.0
BitRate blocking probability per pair and bitRate,3,300.0Gbps,11,24, ,0.0,0.0,0.0,0.0,0.0
BitRate blocking probability per pair and bitRate,3,300.0Gbps,2,10, ,0.0,0.0,0.0,0.0,0.0
BitRate blocking probability per pair and bitRate,3,300.0Gbps,4,6, ,0.0,0.0,0.0,0.0,0.0
BitRate blocking probability per pair and bitRate,3,300.0Gbps,15,13, ,0.0,0.0,0.0,0.0,0.0
BitRate blocking probability per pair and bitRate,3,300.0Gbps,21,12, ,0.0,0.0,0.0,0.0,0.0
BitRate blocking probability per pair and bitRate,3,300.0Gbps,5,6, ,0.0,0.0,0.0,0.0,0.0
BitRate blocking probability per pair and bitRate,3,300.0Gbps,10,18, ,0.0,0.0,0.0,0.0,0.0
BitRate blocking probability per pair and bitRate,3,300.0Gbps,14,23, ,0.0,0.0,0.0,0.0,0.0
BitRate blocking probability per pair and bitRate,3,300.0Gbps,21,8, ,0.0,0.0,0.0,0.0,0.0
BitRate blocking probability per pair and bitRate,3,300.0Gbps,11,3, ,0.0,0.0,0.0,0.0,0.0
BitRate blocking probability per pair and bitRate,3,300.0Gbps,13,16, ,0.0,0.0,0.0,0.0,0.0
BitRate blocking probability per pair and bitRate,3,300.0Gbps,22,16, ,0.0,0.0,0.0,0.0,0.0
BitRate blocking probability per pair and bitRate,3,300.0Gbps,21,5, ,0.0,0.0,0.0,0.0,0.0
BitRate blocking probability per pair and bitRate,3,300.0Gbps,23,24, ,0.0,0.0,0.0,0.0,0.0
BitRate blocking probability per pair and bitRate,3,300.0Gbps,9,6, ,0.0,0.0,0.0,0.0,0.0
BitRate blocking probability per pair and bitRate,3,300.0Gbps,20,9, ,0.0,0.0,0.0,0.0,0.0
BitRate blocking probability per pair and bitRate,3,300.0Gbps,16,6, ,0.0,0.0,0.0,0.0,0.0
BitRate blocking probability per pair and bitRate,3,300.0Gbps,15,4, ,0.0,0.0,0.0,0.0,0.0
BitRate blocking probability per pair and bitRate,3,300.0Gbps,3,4, ,0.0,0.0,0.0,0.0,0.0
BitRate blocking probability per pair and bitRate,3,300.0Gbps,17,10, ,0.0,0.0,0.0,0.0,0.0
BitRate blocking probability per pair and bitRate,3,300.0Gbps,12,10, ,0.0,0.0,0.0,0.0,0.0
BitRate blocking probability per pair and bitRate,3,300.0Gbps,12,7, ,0.0,0.0,0.0,0.0,0.0
BitRate blocking probability per pair and bitRate,3,300.0Gbps,3,17, ,0.0,0.0,0.0,0.0,0.0
BitRate blocking probability per pair and bitRate,3,500.0Gbps,11,2, ,0.0,0.0,0.0,0.0,0.0
BitRate blocking probability per pair and bitRate,3,500.0Gbps,1,23, ,0.0,0.0,0.0,0.0,0.0
BitRate blocking probability per pair and bitRate,3,500.0Gbps,2,9, ,0.0,0.0,0.0,0.0,0.0
BitRate blocking probability per pair and bitRate,3,500.0Gbps,1,20, ,0.0,0.0,0.0,0.0,0.0
BitRate blocking probability per pair and bitRate,3,500.0Gbps,17,24, ,0.0,0.0,0.0,0.0,0.0
BitRate blocking probability per pair and bitRate,3,500.0Gbps,21,15, ,0.0,0.0,0.0,0.0,0.0
BitRate blocking probability per pair and bitRate,3,500.0Gbps,19,11, ,0.0,0.0,0.0,0.0,0.0
BitRate blocking probability per pair and bitRate,3,500.0Gbps,3,1, ,0.0,0.0,0.0,0.0,0.0
BitRate blocking probability per pair and bitRate,3,500.0Gbps,24,2, ,0.0,0.0,0.0,0.0,0.0
BitRate blocking probability per pair and bitRate,3,500.0Gbps,23,22, ,0.0,0.0,0.0,0.0,0.0
BitRate blocking probability per pair and bitRate,3,500.0Gbps,17,22, ,0.0,0.0,0.0,0.0,0.0
BitRate blocking probability per pair and bitRate,3,500.0Gbps,15,20, ,0.0,0.0,0.0,0.0,0.0
BitRate blocking probability per pair and bitRate,3,500.0Gbps,2,7, ,0.0,0.0,0.0,0.0,0.0
BitRate blocking probability per pair and bitRate,3,500.0Gbps,10,1, ,0.0,0.0,0.0,0.0,0.0
BitRate blocking probability per pair and bitRate,3,500.0Gbps,14,16, ,0.0,0.0,0.0,0.0,0.0
BitRate blocking probability per pair and bitRate,3,500.0Gbps,13,18, ,0.0,0.0,0.0,0.0,0.0
BitRate blocking probability per pair and bitRate,3,500.0Gbps,11,7, ,0.0,0.0,0.0,0.0,0.0
BitRate blocking probability per pair and bitRate,3,500.0Gbps,15,10, ,0.0,0.0,0.0,0.0,0.0
BitRate blocking probability per pair and bitRate,3,500.0Gbps,17,4, ,0.0,0.17683246929926882,0.0,0.0,0.14866946368632478
BitRate blocking probability per pair and bitRate,3,500.0Gbps,15,19, ,0.0,0.0,0.0,0.0,0.0
BitRate blocking probability per pair and bitRate,3,500.0Gbps,9,22, ,0.0,0.0,0.0,0.0,0.0
BitRate blocking probability per pair and bitRate,3,500.0Gbps,9,19, ,0.0,0.0,0.0,0.0,0.0
BitRate blocking probability per pair and bitRate,3,500.0Gbps,24,7, ,0.0,0.0,0.0,0.0,0.0
BitRate blocking probability per pair and bitRate,3,500.0Gbps,1,18, ,0.0,0.0,0.0,0.0,0.0
BitRate blocking probability per pair and bitRate,3,500.0Gbps,19,4, ,0.0,0.07092388016588827,0.02007420716390275,0.0,0.10831760051462871
BitRate blocking probability per pair and bitRate,3,500.0Gbps,5,1, ,0.0,0.0,0.0,0.0,0.0
BitRate blocking probability per pair and bitRate,3,500.0Gbps,5,20, ,0.0,0.0,0.0,0.0,0.0
BitRate blocking probability per pair and bitRate,3,500.0Gbps,21,24, ,0.0,0.0,0.0,0.0,0.0
BitRate blocking probability per pair and bitRate,3,500.0Gbps,9,1, ,0.0,0.0,0.0,0.0,0.0
BitRate blocking probability per pair and bitRate,3,500.0Gbps,9,21, ,0.0,0.0,0.0,0.0,0.0
BitRate blocking probability per pair and bitRate,3,500.0Gbps,14,15, ,0.0,0.0,0.0,0.0,0.0
BitRate blocking probability per pair and bitRate,3,500.0Gbps,8,4, ,0.0,0.0,0.0,0.0,0.0
BitRate blocking probability per pair and bitRate,3,500.0Gbps,8,21, ,0.0,0.0,0.0,0.0,0.0
BitRate blocking probability per pair and bitRate,3,500.0Gbps,6,3, ,0.0,0.0,0.0,0.0,0.0
BitRate blocking probability per pair and bitRate,3,500.0Gbps,9,2, ,0.0,0.0,0.0,0.0,0.0
BitRate blocking probability per pair and bitRate,3,500.0Gbps,16,2, ,0.0,0.0,0.0,0.0,0.0
BitRate blocking probability per pair and bitRate,3,500.0Gbps,9,4, ,0.0,0.0,0.0,0.0,0.0
BitRate blocking probability per pair and bitRate,3,500.0Gbps,23,21, ,0.0,0.0,0.0,0.0,0.0
BitRate blocking probability per pair and bitRate,3,500.0Gbps,19,24, ,0.0,0.0,0.0,0.0,0.0
BitRate blocking probability per pair and bitRate,3,500.0Gbps,22,15, ,0.0,0.0,0.0,0.0,0.0
BitRate blocking probability per pair and bitRate,3,500.0Gbps,23,17, ,0.0,0.0,0.0,0.0,0.0
BitRate blocking probability per pair and bitRate,3,500.0Gbps,8,11, ,0.0,0.0,0.0,0.0,0.0
BitRate blocking probability per pair and bitRate,3,500.0Gbps,24,17, ,0.0,0.0,0.0,0.0,0.0
BitRate blocking probability per pair and bitRate,3,500.0Gbps,22,18, ,0.0,0.0,0.0,0.0,0.0
BitRate blocking probability per pair and bitRate,3,500.0Gbps,5,11, ,0.0,0.0,0.0,0.0,0.0
BitRate blocking probability per pair and bitRate,3,500.0Gbps,4,8, ,0.0,0.0,0.0,0.0,0.0
BitRate blocking probability per pair and bitRate,3,500.0Gbps,23,9, ,0.0,0.0,0.0,0.0,0.0
BitRate blocking probability per pair and bitRate,3,500.0Gbps,6,12, ,0.0,0.0,0.0,0.0,0.0
BitRate blocking probability per pair and bitRate,3,500.0Gbps,4,5, ,0.0,0.0,0.0,0.0,0.0
BitRate blocking probability per pair and bitRate,3,500.0Gbps,16,9, ,0.0,0.0,0.0,0.0,0.0
BitRate blocking probability per pair and bitRate,3,500.0Gbps,16,11, ,0.0,0.0,0.0,0.0,0.0
BitRate blocking probability per pair and bitRate,3,500.0Gbps,24,20, ,0.0,0.0,0.0,0.0,0.0
BitRate blocking probability per pair and bitRate,3,500.0Gbps,12,14, ,0.0,0.0,0.0,0.0,0.0
BitRate blocking probability per pair and bitRate,3,500.0Gbps,20,5, ,0.0,0.0,0.14907533509974655,0.0,0.1600734014699786
BitRate blocking probability per pair and bitRate,3,500.0Gbps,11,12, ,0.0,0.0,0.0,0.0,0.0
BitRate blocking probability per pair and bitRate,3,500.0Gbps,7,14, ,0.0,0.0,0.0,0.0,0.0
BitRate blocking probability per pair and bitRate,3,500.0Gbps,10,23, ,0.0,0.0,0.0,0.0,0.0
BitRate blocking probability per pair and bitRate,3,500.0Gbps,22,20, ,0.0,0.0,0.0,0.0,0.0
BitRate blocking probability per pair and bitRate,3,500.0Gbps,17,11, ,0.0,0.0,0.0,0.0,0.0
BitRate blocking probability per pair and bitRate,3,500.0Gbps,3,10, ,0.0,0.0,0.0,0.0,0.0
BitRate blocking probability per pair and bitRate,3,500.0Gbps,17,14, ,0.0,0.0,0.0,0.0,0.0
BitRate blocking probability per pair and bitRate,3,500.0Gbps,10,7, ,0.0,0.0,0.0,0.0,0.0
BitRate blocking probability per pair and bitRate,3,500.0Gbps,3,2, ,0.0,0.0,0.0,0.0,0.0
BitRate blocking probability per pair and bitRate,3,500.0Gbps,3,5, ,0.0,0.0,0.0,0.0,0.0
BitRate blocking probability per pair and bitRate,3,500.0Gbps,22,1, ,0.0,0.0,0.0,0.0,0.0
BitRate blocking probability per pair and bitRate,3,500.0Gbps,1,14, ,0.0,0.0,0.0,0.0,0.0
BitRate blocking probability per pair and bitRate,3,500.0Gbps,24,8, ,0.0,0.0,0.0,0.0,0.0
BitRate blocking probability per pair and bitRate,3,500.0Gbps,11,21, ,0.0,0.0,0.0,0.0,0.0
BitRate blocking probability per pair and bitRate,3,500.0Gbps,20,14, ,0.0,0.0,0.0,0.0,0.0
BitRate blocking probability per pair and bitRate,3,500.0Gbps,8,6, ,0.0,0.0,0.0,0.0,0.0
BitRate blocking probability per pair and bitRate,3,500.0Gbps,21,11, ,0.0,0.0,0.0,0.0,0.0
BitRate blocking probability per pair and bitRate,3,500.0Gbps,11,8, ,0.0,0.0,0.0,0.0,0.0
BitRate blocking probability per pair and bitRate,3,500.0Gbps,21,19, ,0.0,0.0,0.0,0.0,0.0
BitRate blocking probability per pair and bitRate,3,500.0Gbps,17,1, ,0.0,0.0,0.0,0.0,0.0
BitRate blocking probability per pair and bitRate,3,500.0Gbps,11,22, ,0.0,0.0,0.0,0.0,0.0
BitRate blocking probability per pair and bitRate,3,500.0Gbps,24,21, ,0.0,0.0,0.0,0.0,0.0
BitRate blocking probability per pair and bitRate,3,500.0Gbps,19,22, ,0.0,0.0,0.0,0.0,0.0
BitRate blocking probability per pair and bitRate,3,500.0Gbps,7,12, ,0.0,0.0,0.0,0.0,0.0
BitRate blocking probability per pair and bitRate,3,500.0Gbps,7,22, ,0.0,0.0,0.0,0.0,0.0
BitRate blocking probability per pair and bitRate,3,500.0Gbps,23,5, ,0.0,0.0,0.0,0.0,0.0
BitRate blocking probability per pair and bitRate,3,500.0Gbps,21,17, ,0.0,0.0,0.0,0.0,0.0
BitRate blocking probability per pair and bitRate,3,500.0Gbps,1,11, ,0.0,0.0,0.0,0.0,0.0
BitRate blocking probability per pair and bitRate,3,500.0Gbps,18,12, ,0.0,0.0,0.0,0.0,0.0
BitRate blocking probability per pair and bitRate,3,500.0Gbps,23,10, ,0.0,0.0,0.0,0.0,0.0
BitRate blocking probability per pair and bitRate,3,500.0Gbps,18,7, ,0.016293954533777404,0.0,0.0,0.0,0.0
BitRate blocking probability per pair and bitRate,3,500.0Gbps,24,22, ,0.0,0.0,0.0,0.0,0.0
BitRate blocking probability per pair and bitRate,3,500.0Gbps,21,2, ,0.0,0.0,0.0,0.0,0.0
BitRate blocking probability per pair and bitRate,3,500.0Gbps,16,4, ,0.0,0.0,0.0,0.0,0.0
BitRate blocking probability per pair and bitRate,3,500.0Gbps,10,9, ,0.0,0.0,0.0,0.0,0.0
BitRate blocking probability per pair and bitRate,3,500.0Gbps,22,5, ,0.0,0.0,0.0,0.0,0.0
BitRate blocking probability per pair and bitRate,3,500.0Gbps,9,17, ,0.0,0.0,0.0,0.0,0.0
BitRate blocking probability per pair and bitRate,3,500.0Gbps,8,20, ,0.0,0.0,0.0,0.0,0.0
BitRate blocking probability per pair and bitRate,3,500.0Gbps,1,24, ,0.0,0.0,0.0,0.0,0.0
BitRate blocking probability per pair and bitRate,3,500.0Gbps,2,14, ,0.0,0.0,0.0,0.0,0.0
BitRate blocking probability per pair and bitRate,3,500.0Gbps,5,18, ,0.0,0.0,0.0,0.0,0.0
BitRate blocking probability per pair and bitRate,3,500.0Gbps,8,9, ,0.0,0.0,0.0,0.0,0.0
BitRate blocking probability per pair and bitRate,3,500.0Gbps,9,13, ,0.0,0.0,0.0,0.0,0.0
BitRate blocking probability per pair and bitRate,3,500.0Gbps,24,13, ,0.0,0.0,0.0,0.0,0.0
BitRate blocking probability per pair and bitRate,3,500.0Gbps,2,17, ,0.0,0.0,0.0,0.0,0.0
BitRate blocking probability per pair and bitRate,3,500.0Gbps,20,1, ,0.0,0.0,0.0,0.0,0.0
BitRate blocking probability per pair and bitRate,3,500.0Gbps,19,2, ,0.0,0.0,0.0,0.0,0.0
BitRate blocking probability per pair and bitRate,3,500.0Gbps,4,3, ,0.0,0.0,0.0,0.0,0.0
BitRate blocking probability per pair and bitRate,3,500.0Gbps,22,4, ,0.11262627330051182,0.0,0.08021011548123615,0.12989786370418138,0.0
BitRate blocking probability per pair and bitRate,3,500.0Gbps,5,4, ,0.0,0.0,0.0,0.0,0.0
BitRate blocking probability per pair and bitRate,3,500.0Gbps,16,19, ,0.0,0.0,0.0,0.0,0.0
BitRate blocking probability per pair and bitRate,3,500.0Gbps,12,6, ,0.0,0.0,0.0,0.0,0.0
BitRate blocking probability per pair and bitRate,3,500.0Gbps,17,8, ,0.0,0.0,0.0,0.0,0.0
BitRate blocking probability per pair and bitRate,3,500.0Gbps,12,9, ,0.0,0.0,0.0,0.0,0.0
BitRate blocking probability per pair and bitRate,3,500.0Gbps,11,20, ,0.0,0.0,0.0,0.0,0.0
BitRate blocking probability per pair and bitRate,3,500.0Gbps,15,12, ,0.0,0.0,0.0,0.0,0.0
BitRate blocking probability per pair and bitRate,3,500.0Gbps,9,16, ,0.0,0.0,0.0,0.0,0.0
BitRate blocking probability per pair and bitRate,3,500.0Gbps,7,15, ,0.0,0.0,0.0,0.0,0.0
BitRate blocking probability per pair and bitRate,3,500.0Gbps,6,13, ,0.0,0.0,0.0,0.0,0.0
BitRate blocking probability per pair and bitRate,3,500.0Gbps,19,18, ,0.0,0.0,0.0,0.0,0.0
BitRate blocking probability per pair and bitRate,3,500.0Gbps,3,9, ,0.0,0.0,0.0,0.0,0.0
BitRate blocking probability per pair and bitRate,3,500.0Gbps,21,18, ,0.0,0.0,0.0,0.0,0.0
BitRate blocking probability per pair and bitRate,3,500.0Gbps,1,17, ,0.0,0.0,0.0,0.0,0.0
BitRate blocking probability per pair and bitRate,3,500.0Gbps,8,24, ,0.0,0.0,0.0,0.0,0.0
BitRate blocking probability per pair and bitRate,3,500.0Gbps,7,16, ,0.0,0.0,0.0,0.0,0.0
BitRate blocking probability per pair and bitRate,3,500.0Gbps,15,21, ,0.0,0.0,0.0,0.0,0.0
BitRate blocking probability per pair and bitRate,3,500.0Gbps,18,22, ,0.0,0.0,0.0,0.0,0.0
BitRate blocking probability per pair and bitRate,3,500.0Gbps,14,2, ,0.0,0.0,0.0,0.0,0.0
BitRate blocking probability per pair and bitRate,3,500.0Gbps,2,12, ,0.0,0.0,0.0,0.0,0.0
BitRate blocking probability per pair and bitRate,3,500.0Gbps,12,8, ,0.0,0.0,0.0,0.0,0.0
BitRate blocking probability per pair and bitRate,3,500.0Gbps,1,13, ,0.0,0.0,0.0,0.0,0.0
BitRate blocking probability per pair and bitRate,3,500.0Gbps,8,18, ,0.0,0.0,0.0,0.0,0.0
BitRate blocking probability per pair and bitRate,3,500.0Gbps,15,6, ,0.0,0.0,0.0,0.0,0.0
BitRate blocking probability per pair and bitRate,3,500.0Gbps,6,20, ,0.2619593470151523,0.21009977159114696,0.015519398640527964,0.3634079541967879,0.029548843065801158
BitRate blocking probability per pair and bitRate,3,500.0Gbps,7,21, ,0.0,0.0,0.0,0.0,0.0
BitRate blocking probability per pair and bitRate,3,500.0Gbps,9,3, ,0.0,0.0,0.0,0.0,0.0
BitRate blocking probability per pair and bitRate,3,500.0Gbps,12,13, ,0.0,0.0,0.0,0.0,0.0
BitRate blocking probability per pair and bitRate,3,500.0Gbps,8,22, ,0.0,0.0,0.0,0.0,0.0
BitRate blocking probability per pair and bitRate,3,500.0Gbps,2,3, ,0.0,0.0,0.0,0.0,0.0
BitRate blocking probability per pair and bitRate,3,500.0Gbps,14,18, ,0.0,0.0,0.0,0.0,0.0
BitRate blocking probability per pair and bitRate,3,500.0Gbps,23,20, ,0.0,0.0,0.0,0.0,0.0
BitRate blocking probability per pair and bitRate,3,500.0Gbps,4,20, ,0.002858449123955754,0.043427237287794296,0.0,0.0,0.10228262589745378
BitRate blocking probability per pair and bitRate,3,500.0Gbps,4,24, ,0.0,0.0,0.0,0.0,0.0
BitRate blocking probability per pair and bitRate,3,500.0Gbps,16,15, ,0.0,0.0,0.0,0.0,0.0
BitRate blocking probability per pair and bitRate,3,500.0Gbps,24,16, ,0.0,0.0,0.0,0.0,0.0
BitRate blocking probability per pair and bitRate,3,500.0Gbps,19,12, ,0.0,0.0,0.0,0.0,0.0
BitRate blocking probability per pair and bitRate,3,500.0Gbps,6,15, ,0.0,0.0,0.0,0.0,0.0
BitRate blocking probability per pair and bitRate,3,500.0Gbps,8,7, ,0.0,0.0,0.0,0.0,0.0
BitRate blocking probability per pair and bitRate,3,500.0Gbps,2,20, ,0.0,0.0,0.019247363785321474,0.0,0.0
BitRate blocking probability per pair and bitRate,3,500.0Gbps,11,9, ,0.0,0.0,0.0,0.0,0.0
BitRate blocking probability per pair and bitRate,3,500.0Gbps,4,12, ,0.0,0.0,0.0,0.0,0.0
BitRate blocking probability per pair and bitRate,3,500.0Gbps,13,23, ,0.0,0.0,0.0,0.0,0.0
BitRate blocking probability per pair and bitRate,3,500.0Gbps,11,16, ,0.0,0.0,0.0,0.0,0.0
BitRate blocking probability per pair and bitRate,3,500.0Gbps,3,11, ,0.0,0.0,0.0,0.0,0.0
BitRate blocking probability per pair and bitRate,3,500.0Gbps,2,5, ,0.0,0.0,0.0,0.0,0.0
BitRate blocking probability per pair and bitRate,3,500.0Gbps,3,24, ,0.0,0.0,0.0,0.0,0.0
BitRate blocking probability per pair and bitRate,3,500.0Gbps,18,1, ,0.0,0.0,0.0,0.0,0.0
BitRate blocking probability per pair and bitRate,3,500.0Gbps,10,2, ,0.0,0.0,0.0,0.0,0.0
BitRate blocking probability per pair and bitRate,3,500.0Gbps,15,16, ,0.0,0.0,0.0,0.0,0.0
BitRate blocking probability per pair and bitRate,3,500.0Gbps,20,17, ,0.0,0.0,0.0,0.0,0.0
BitRate blocking probability per pair and bitRate,3,500.0Gbps,5,13, ,0.0,0.0,0.0,0.0,0.0
BitRate blocking probability per pair and bitRate,3,500.0Gbps,24,15, ,0.0,0.0,0.0,0.0,0.0
BitRate blocking probability per pair and bitRate,3,500.0Gbps,12,17, ,0.0,0.0,0.0,0.0,0.0
BitRate blocking probability per pair and bitRate,3,500.0Gbps,20,2, ,0.0,0.0,0.0,0.0,0.0
BitRate blocking probability per pair and bitRate,3,500.0Gbps,5,19, ,0.0,0.0,0.0,0.0,0.0
BitRate blocking probability per pair and bitRate,3,500.0Gbps,6,8, ,0.0,0.0,0.0,0.0,0.0
BitRate blocking probability per pair and bitRate,3,500.0Gbps,4,10, ,0.0,0.0,0.0,0.0,0.0
BitRate blocking probability per pair and bitRate,3,500.0Gbps,1,4, ,0.0,0.0,0.0,0.0,0.0
BitRate blocking probability per pair and bitRate,3,500.0Gbps,12,23, ,0.0,0.0,0.0,0.0,0.0
BitRate blocking probability per pair and bitRate,3,500.0Gbps,23,4, ,0.0,0.0,0.0,0.0,0.0
BitRate blocking probability per pair and bitRate,3,500.0Gbps,12,20, ,0.0,0.0,0.0,0.0,0.0
BitRate blocking probability per pair and bitRate,3,500.0Gbps,11,19, ,0.0,0.0,0.0,0.0,0.0
BitRate blocking probability per pair and bitRate,3,500.0Gbps,2,11, ,0.0,0.0,0.0,0.0,0.0
BitRate blocking probability per pair and bitRate,3,500.0Gbps,8,23, ,0.0,0.0,0.0,0.0,0.0
BitRate blocking probability per pair and bitRate,3,500.0Gbps,10,14, ,0.0,0.0,0.0,0.0,0.0
BitRate blocking probability per pair and bitRate,3,500.0Gbps,21,22, ,0.0,0.0,0.0,0.0,0.0
BitRate blocking probability per pair and bitRate,3,500.0Gbps,9,11, ,0.0,0.0,0.0,0.0,0.0
BitRate blocking probability per pair and bitRate,3,500.0Gbps,23,7, ,0.0,0.0,0.0,0.0,0.0
BitRate blocking probability per pair and bitRate,3,500.0Gbps,24,18, ,0.0,0.0,0.0,0.0,0.0
BitRate blocking probability per pair and bitRate,3,500.0Gbps,14,24, ,0.0,0.0,0.0,0.0,0.0
BitRate blocking probability per pair and bitRate,3,500.0Gbps,6,4, ,0.0,0.0,0.0,0.0,0.0
BitRate blocking probability per pair and bitRate,3,500.0Gbps,21,9, ,0.0,0.0,0.0,0.0,0.0
BitRate blocking probability per pair and bitRate,3,500.0Gbps,15,1, ,0.0,0.0,0.0,0.0,0.0
BitRate blocking probability per pair and bitRate,3,500.0Gbps,13,8, ,0.0,0.0,0.0,0.0,0.0
BitRate blocking probability per pair and bitRate,3,500.0Gbps,13,12, ,0.0,0.0,0.0,0.0,0.0
BitRate blocking probability per pair and bitRate,3,500.0Gbps,12,11, ,0.0,0.0,0.0,0.0,0.0
BitRate blocking probability per pair and bitRate,3,500.0Gbps,23,16, ,0.0,0.0,0.0,0.0,0.0
BitRate blocking probability per pair and bitRate,3,500.0Gbps,16,10, ,0.0,0.0,0.0,0.0,0.0
BitRate blocking probability per pair and bitRate,3,500.0Gbps,14,4, ,0.0,0.0,0.0,0.0,0.0
BitRate blocking probability per pair and bitRate,3,500.0Gbps,10,21, ,0.0,0.0,0.0,0.0,0.0
BitRate blocking probability per pair and bitRate,3,500.0Gbps,1,16, ,0.0,0.0,0.0,0.0,0.0
BitRate blocking probability per pair and bitRate,3,500.0Gbps,5,14, ,0.0,0.0,0.0,0.0,0.0
BitRate blocking probability per pair and bitRate,3,500.0Gbps,14,3, ,0.0,0.0,0.0,0.0,0.0
BitRate blocking probability per pair and bitRate,3,500.0Gbps,9,5, ,0.0,0.0,0.0,0.0,0.0
BitRate blocking probability per pair and bitRate,3,500.0Gbps,11,23, ,0.0,0.0,0.0,0.0,0.0
BitRate blocking probability per pair and bitRate,3,500.0Gbps,23,12, ,0.0,0.0,0.0,0.0,0.0
BitRate blocking probability per pair and bitRate,3,500.0Gbps,18,4, ,0.0,0.0,0.0,0.0,0.010520260348177116
BitRate blocking probability per pair and bitRate,3,500.0Gbps,19,10, ,0.0,0.0,0.0,0.0,0.0
BitRate blocking probability per pair and bitRate,3,500.0Gbps,14,19, ,0.0,0.0,0.0,0.0,0.0
BitRate blocking probability per pair and bitRate,3,500.0Gbps,3,18, ,0.0,0.0,0.0,0.0,0.0
BitRate blocking probability per pair and bitRate,3,500.0Gbps,1,21, ,0.0,0.0,0.0,0.0,0.0
BitRate blocking probability per pair and bitRate,3,500.0Gbps,10,16, ,0.0,0.0,0.0,0.0,0.0
BitRate blocking probability per pair and bitRate,3,500.0Gbps,24,9, ,0.0,0.0,0.0,0.0,0.0
BitRate blocking probability per pair and bitRate,3,500.0Gbps,3,21, ,0.0,0.0,0.0,0.0,0.0
BitRate blocking probability per pair and bitRate,3,500.0Gbps,12,24, ,0.0,0.0,0.0,0.0,0.0
BitRate blocking probability per pair and bitRate,3,500.0Gbps,15,9, ,0.0,0.0,0.0,0.0,0.0
BitRate blocking probability per pair and bitRate,3,500.0Gbps,18,14, ,0.0,0.0,0.0,0.0,0.0
BitRate blocking probability per pair and bitRate,3,500.0Gbps,16,3, ,0.0,0.0,0.0,0.0,0.0
BitRate blocking probability per pair and bitRate,3,500.0Gbps,15,5, ,0.0,0.0,0.0,0.0,0.0
BitRate blocking probability per pair and bitRate,3,500.0Gbps,16,21, ,0.0,0.0,0.0,0.0,0.0
BitRate blocking probability per pair and bitRate,3,500.0Gbps,8,17, ,0.0,0.0,0.0,0.0,0.0
BitRate blocking probability per pair and bitRate,3,500.0Gbps,5,16, ,0.0,0.0,0.0,0.0,0.0
BitRate blocking probability per pair and bitRate,3,500.0Gbps,21,4, ,0.0,0.0,0.0,0.0,0.0
BitRate blocking probability per pair and bitRate,3,500.0Gbps,17,19, ,0.0,0.0,0.0,0.0,0.0
BitRate blocking probability per pair and bitRate,3,500.0Gbps,16,12, ,0.0,0.0,0.0,0.0,0.0
BitRate blocking probability per pair and bitRate,3,500.0Gbps,7,19, ,0.0,0.0,0.0,0.0,0.0
BitRate blocking probability per pair and bitRate,3,500.0Gbps,8,19, ,0.0,0.0,0.0,0.0,0.0
BitRate blocking probability per pair and bitRate,3,500.0Gbps,9,20, ,0.0,0.0,0.0,0.0,0.0
BitRate blocking probability per pair and bitRate,3,500.0Gbps,13,10, ,0.0,0.0,0.0,0.0,0.0
BitRate blocking probability per pair and bitRate,3,500.0Gbps,17,16, ,0.0,0.0,0.0,0.0,0.0
BitRate blocking probability per pair and bitRate,3,500.0Gbps,5,7, ,0.0,0.0,0.0,0.0,0.0
BitRate blocking probability per pair and bitRate,3,500.0Gbps,5,10, ,0.0,0.0,0.0,0.0,0.0
BitRate blocking probability per pair and bitRate,3,500.0Gbps,22,14, ,0.0,0.0,0.0,0.0,0.0
BitRate blocking probability per pair and bitRate,3,500.0Gbps,2,24, ,0.0,0.0,0.0,0.0,0.0
BitRate blocking probability per pair and bitRate,3,500.0Gbps,11,15, ,0.0,0.0,0.0,0.0,0.0
BitRate blocking probability per pair and bitRate,3,500.0Gbps,19,13, ,0.0,0.0,0.0,0.0,0.0
BitRate blocking probability per pair and bitRate,3,500.0Gbps,9,14, ,0.0,0.0,0.0,0.0,0.0
BitRate blocking probability per pair and bitRate,3,500.0Gbps,13,20, ,0.0,0.0,0.0,0.0,0.0
BitRate blocking probability per pair and bitRate,3,500.0Gbps,20,15, ,0.0,0.0,0.0,0.0,0.0
BitRate blocking probability per pair and bitRate,3,500.0Gbps,1,9, ,0.0,0.0,0.0,0.0,0.0
BitRate blocking probability per pair and bitRate,3,500.0Gbps,4,16, ,0.0,0.0,0.0,0.0,0.0
BitRate blocking probability per pair and bitRate,3,500.0Gbps,21,20, ,0.0,0.0,0.0,0.0,0.0
BitRate blocking probability per pair and bitRate,3,500.0Gbps,6,18, ,0.0,0.15285112828907432,0.0,0.0,0.0
BitRate blocking probability per pair and bitRate,3,500.0Gbps,3,20, ,0.0,0.0,0.0,0.0,0.0
BitRate blocking probability per pair and bitRate,3,500.0Gbps,21,10, ,0.0,0.0,0.0,0.0,0.0
BitRate blocking probability per pair and bitRate,3,500.0Gbps,2,19, ,0.0,0.0,0.0,0.0,0.0
BitRate blocking probability per pair and bitRate,3,500.0Gbps,7,17, ,0.0,0.0,0.0,0.0,0.0
BitRate blocking probability per pair and bitRate,3,500.0Gbps,14,5, ,0.0,0.0,0.0,0.0,0.0
BitRate blocking probability per pair and bitRate,3,500.0Gbps,7,13, ,0.0,0.0,0.0,0.0,0.0
BitRate blocking probability per pair and bitRate,3,500.0Gbps,5,15, ,0.0,0.0,0.0,0.0,0.0
BitRate blocking probability per pair and bitRate,3,500.0Gbps,18,8, ,0.0,0.0,0.0,0.0,0.0
BitRate blocking probability per pair and bitRate,3,500.0Gbps,19,17, ,0.0,0.0,0.0,0.0,0.0
BitRate blocking probability per pair and bitRate,3,500.0Gbps,19,21, ,0.0,0.0,0.0,0.0,0.0
BitRate blocking probability per pair and bitRate,3,500.0Gbps,19,3, ,0.0,0.0,0.0,0.0,0.0
BitRate blocking probability per pair and bitRate,3,500.0Gbps,13,19, ,0.0,0.0,0.0,0.0,0.0
BitRate blocking probability per pair and bitRate,3,500.0Gbps,12,18, ,0.0,0.0,0.0,0.0,0.0
BitRate blocking probability per pair and bitRate,3,500.0Gbps,13,3, ,0.0,0.0,0.0,0.0,0.0
BitRate blocking probability per pair and bitRate,3,500.0Gbps,7,18, ,0.0,0.0,0.0,0.0,0.0
BitRate blocking probability per pair and bitRate,3,500.0Gbps,17,12, ,0.0,0.0,0.0,0.0,0.0
BitRate blocking probability per pair and bitRate,3,500.0Gbps,13,9, ,0.0,0.0,0.0,0.0,0.0
BitRate blocking probability per pair and bitRate,3,500.0Gbps,6,22, ,0.46445908960781507,0.02419346028732306,0.33896322445467103,0.0,0.0031171813515070133
BitRate blocking probability per pair and bitRate,3,500.0Gbps,1,15, ,0.0,0.0,0.0,0.0,0.0
BitRate blocking probability per pair and bitRate,3,500.0Gbps,3,19, ,0.0,0.0,0.0,0.0,0.0
BitRate blocking probability per pair and bitRate,3,500.0Gbps,12,4, ,0.0,0.0,0.0,0.0,0.0
BitRate blocking probability per pair and bitRate,3,500.0Gbps,16,24, ,0.0,0.0,0.0,0.0,0.0
BitRate blocking probability per pair and bitRate,3,500.0Gbps,6,10, ,0.0,0.0,0.0,0.0,0.0
BitRate blocking probability per pair and bitRate,3,500.0Gbps,2,18, ,0.0,0.0,0.0,0.0,0.0
BitRate blocking probability per pair and bitRate,3,500.0Gbps,18,21, ,0.0,0.0,0.0,0.0,0.0
BitRate blocking probability per pair and bitRate,3,500.0Gbps,18,3, ,0.0,0.0,0.0,0.0,0.0
BitRate blocking probability per pair and bitRate,3,500.0Gbps,15,18, ,0.0,0.0,0.0,0.0,0.0
BitRate blocking probability per pair and bitRate,3,500.0Gbps,4,14, ,0.0,0.0,0.0,0.0,0.0
BitRate blocking probability per pair and bitRate,3,500.0Gbps,7,20, ,0.0,0.0,0.0,0.0,0.0
BitRate blocking probability per pair and bitRate,3,500.0Gbps,13,15, ,0.0,0.0,0.0,0.0,0.0
BitRate blocking probability per pair and bitRate,3,500.0Gbps,13,21, ,0.0,0.0,0.0,0.0,0.0
BitRate blocking probability per pair and bitRate,3,500.0Gbps,15,14, ,0.0,0.0,0.0,0.0,0.0
BitRate blocking probability per pair and bitRate,3,500.0Gbps,3,15, ,0.0,0.0,0.0,0.0,0.0
BitRate blocking probability per pair and bitRate,3,500.0Gbps,18,5, ,0.0,0.0,0.0,0.0,0.0
BitRate blocking probability per pair and bitRate,3,500.0Gbps,12,1, ,0.0,0.0,0.0,0.0,0.0
BitRate blocking probability per pair and bitRate,3,500.0Gbps,6,7, ,0.0,0.0,0.0,0.0,0.0
BitRate blocking probability per pair and bitRate,3,500.0Gbps,24,3, ,0.0,0.0,0.0,0.0,0.0
BitRate blocking probability per pair and bitRate,3,500.0Gbps,19,5, ,0.0,0.0,0.0,0.0,0.08081652204612884
BitRate blocking probability per pair and bitRate,3,500.0Gbps,20,19, ,0.0,0.0,0.0,0.0,0.0
BitRate blocking probability per pair and bitRate,3,500.0Gbps,5,17, ,0.0,0.1213474657876621,0.0,0.0,0.0
BitRate blocking probability per pair and bitRate,3,500.0Gbps,20,12, ,0.0,0.0,0.0,0.0,0.0
BitRate blocking probability per pair and bitRate,3,500.0Gbps,4,22, ,0.1748707191922331,0.0,0.0,0.2538361995834791,0.0
BitRate blocking probability per pair and bitRate,3,500.0Gbps,7,8, ,0.0,0.0,0.0,0.0,0.0
BitRate blocking probability per pair and bitRate,3,500.0Gbps,14,1, ,0.0,0.0,0.0,0.0,0.0
BitRate blocking probability per pair and bitRate,3,500.0Gbps,20,21, ,0.0,0.0,0.0,0.0,0.0
BitRate blocking probability per pair and bitRate,3,500.0Gbps,1,6, ,0.0,0.0,0.0,0.0,0.0
BitRate blocking probability per pair and bitRate,3,500.0Gbps,13,2, ,0.0,0.0,0.0,0.0,0.0
BitRate blocking probability per pair and bitRate,3,500.0Gbps,14,20, ,0.0,0.0,0.0,0.0,0.0
BitRate blocking probability per pair and bitRate,3,500.0Gbps,16,20, ,0.0,0.0,0.0,0.0,0.0
BitRate blocking probability per pair and bitRate,3,500.0Gbps,18,15, ,0.0,0.0,0.0,0.0,0.0
BitRate blocking probability per pair and bitRate,3,500.0Gbps,6,2, ,0.0,0.0,0.0,0.0,0.0
BitRate blocking probability per pair and bitRate,3,500.0Gbps,9,15, ,0.0,0.0,0.0,0.0,0.0
BitRate blocking probability per pair and bitRate,3,500.0Gbps,15,17, ,0.0,0.0,0.0,0.0,0.0
BitRate blocking probability per pair and bitRate,3,500.0Gbps,18,2, ,0.0,0.0,0.0,0.0,0.0
BitRate blocking probability per pair and bitRate,3,500.0Gbps,15,24, ,0.0,0.0,0.0,0.0,0.0
BitRate blocking probability per pair and bitRate,3,500.0Gbps,7,10, ,0.0,0.0,0.0,0.0,0.0
BitRate blocking probability per pair and bitRate,3,500.0Gbps,14,21, ,0.0,0.0,0.0,0.0,0.0
BitRate blocking probability per pair and bitRate,3,500.0Gbps,23,15, ,0.0,0.0,0.0,0.0,0.0
BitRate blocking probability per pair and bitRate,3,500.0Gbps,11,1, ,0.0,0.0,0.0,0.0,0.0
BitRate blocking probability per pair and bitRate,3,500.0Gbps,19,20, ,0.0,0.0,0.0,0.0,0.0
BitRate blocking probability per pair and bitRate,3,500.0Gbps,1,8, ,0.0,0.0,0.0,0.0,0.0
BitRate blocking probability per pair and bitRate,3,500.0Gbps,16,1, ,0.0,0.0,0.0,0.0,0.0
BitRate blocking probability per pair and bitRate,3,500.0Gbps,24,5, ,0.0,0.0,0.0,0.0,0.0
BitRate blocking probability per pair and bitRate,3,500.0Gbps,2,4, ,0.0,0.0,0.0,0.0,0.0
BitRate blocking probability per pair and bitRate,3,500.0Gbps,10,5, ,0.0,0.0,0.0,0.0,0.0
BitRate blocking probability per pair and bitRate,3,500.0Gbps,21,7, ,0.0,0.0,0.0,0.0,0.0
BitRate blocking probability per pair and bitRate,3,500.0Gbps,23,11, ,0.0,0.0,0.0,0.0,0.0
BitRate blocking probability per pair and bitRate,3,500.0Gbps,19,6, ,0.0,0.0,0.0,0.0,0.0
BitRate blocking probability per pair and bitRate,3,500.0Gbps,10,17, ,0.0,0.0,0.0,0.0,0.0
BitRate blocking probability per pair and bitRate,3,500.0Gbps,3,8, ,0.0,0.0,0.0,0.0,0.0
BitRate blocking probability per pair and bitRate,3,500.0Gbps,3,23, ,0.0,0.0,0.0,0.0,0.0
BitRate blocking probability per pair and bitRate,3,500.0Gbps,17,9, ,0.0,0.0,0.0,0.0,0.0
BitRate blocking probability per pair and bitRate,3,500.0Gbps,9,18, ,0.0,0.0,0.0,0.0,0.0
BitRate blocking probability per pair and bitRate,3,500.0Gbps,1,3, ,0.0,0.0,0.0,0.0,0.0
BitRate blocking probability per pair and bitRate,3,500.0Gbps,10,20, ,0.0,0.0,0.0,0.0,0.0
BitRate blocking probability per pair and bitRate,3,500.0Gbps,21,6, ,0.0,0.0,0.0,0.0,0.0
BitRate blocking probability per pair and bitRate,3,500.0Gbps,8,5, ,0.0,0.0,0.0,0.0,0.0
BitRate blocking probability per pair and bitRate,3,500.0Gbps,9,8, ,0.0,0.0,0.0,0.0,0.0
BitRate blocking probability per pair and bitRate,3,500.0Gbps,24,4, ,0.0,0.0,0.0,0.0,0.0
BitRate blocking probability per pair and bitRate,3,500.0Gbps,1,12, ,0.0,0.0,0.0,0.0,0.0
BitRate blocking probability per pair and bitRate,3,500.0Gbps,11,5, ,0.0,0.0,0.0,0.0,0.0
BitRate blocking probability per pair and bitRate,3,500.0Gbps,22,7, ,0.0,0.0,0.0,0.0,0.0
BitRate blocking probability per pair and bitRate,3,500.0Gbps,22,8, ,0.0,0.0,0.0,0.0,0.0
BitRate blocking probability per pair and bitRate,3,500.0Gbps,20,22, ,0.0,0.0,0.0,0.0,0.0
BitRate blocking probability per pair and bitRate,3,500.0Gbps,13,24, ,0.0,0.0,0.0,0.0,0.0
BitRate blocking probability per pair and bitRate,3,500.0Gbps,1,7, ,0.0,0.0,0.0,0.0,0.0
BitRate blocking probability per pair and bitRate,3,500.0Gbps,17,20, ,0.0,0.0,0.0,0.0,0.0
BitRate blocking probability per pair and bitRate,3,500.0Gbps,16,18, ,0.0,0.0,0.0,0.0,0.0
BitRate blocking probability per pair and bitRate,3,500.0Gbps,16,8, ,0.0,0.0,0.0,0.0,0.0
BitRate blocking probability per pair and bitRate,3,500.0Gbps,12,15, ,0.0,0.0,0.0,0.0,0.0
BitRate blocking probability per pair and bitRate,3,500.0Gbps,17,5, ,0.0,0.03449409776001263,0.0,0.0,0.0036840513108513744
BitRate blocking probability per pair and bitRate,3,500.0Gbps,23,14, ,0.0,0.0,0.0,0.0,0.0
BitRate blocking probability per pair and bitRate,3,500.0Gbps,1,19, ,0.0,0.0,0.0,0.0,0.0
BitRate blocking probability per pair and bitRate,3,500.0Gbps,17,7, ,0.0,0.0,0.0,0.0,0.0
BitRate blocking probability per pair and bitRate,3,500.0Gbps,18,9, ,0.0,0.0,0.0,0.0,0.0
BitRate blocking probability per pair and bitRate,3,500.0Gbps,18,23, ,0.0,0.0,0.0,0.0,0.0
BitRate blocking probability per pair and bitRate,3,500.0Gbps,13,22, ,0.0,0.0,0.0,0.0,0.0
BitRate blocking probability per pair and bitRate,3,500.0Gbps,7,6, ,0.0,0.0,0.0,0.0,0.0
BitRate blocking probability per pair and bitRate,3,500.0Gbps,9,23, ,0.0,0.0,0.0,0.0,0.0
BitRate blocking probability per pair and bitRate,3,500.0Gbps,13,6, ,0.0,0.0,0.0,0.0,0.0
BitRate blocking probability per pair and bitRate,3,500.0Gbps,15,8, ,0.0,0.0,0.0,0.0,0.0
BitRate blocking probability per pair and bitRate,3,500.0Gbps,13,14, ,0.0,0.0,0.0,0.0,0.0
BitRate blocking probability per pair and bitRate,3,500.0Gbps,20,3, ,0.0,0.0,0.0,0.0,0.0
BitRate blocking probability per pair and bitRate,3,500.0Gbps,21,16, ,0.0,0.0,0.0,0.0,0.0
BitRate blocking probability per pair and bitRate,3,500.0Gbps,3,16, ,0.0,0.0,0.0,0.0,0.0
BitRate blocking probability per pair and bitRate,3,500.0Gbps,22,13, ,0.0,0.0,0.0,0.0,0.0
BitRate blocking probability per pair and bitRate,3,500.0Gbps,3,14, ,0.0,0.0,0.0,0.0,0.0
BitRate blocking probability per pair and bitRate,3,500.0Gbps,3,7, ,0.0,0.0,0.0,0.0,0.0
BitRate blocking probability per pair and bitRate,3,500.0Gbps,10,22, ,0.0,0.0,0.0,0.0,0.0
BitRate blocking probability per pair and bitRate,3,500.0Gbps,8,10, ,0.0,0.0,0.0,0.0,0.0
BitRate blocking probability per pair and bitRate,3,500.0Gbps,22,6, ,0.0,0.024484333322199993,0.04316057429979983,0.11015306367075185,0.0
BitRate blocking probability per pair and bitRate,3,500.0Gbps,5,2, ,0.0,0.0,0.0,0.0,0.0
BitRate blocking probability per pair and bitRate,3,500.0Gbps,13,5, ,0.0,0.0,0.0,0.0,0.0
BitRate blocking probability per pair and bitRate,3,500.0Gbps,23,8, ,0.0,0.0,0.0,0.0,0.0
BitRate blocking probability per pair and bitRate,3,500.0Gbps,13,11, ,0.0,0.0,0.0,0.0,0.0
BitRate blocking probability per pair and bitRate,3,500.0Gbps,13,7, ,0.0,0.0,0.0,0.0,0.0
BitRate blocking probability per pair and bitRate,3,500.0Gbps,3,13, ,0.0,0.0,0.0,0.0,0.0
BitRate blocking probability per pair and bitRate,3,500.0Gbps,10,12, ,0.0,0.0,0.0,0.0,0.0
BitRate blocking probability per pair and bitRate,3,500.0Gbps,24,11, ,0.0,0.0,0.0,0.0,0.0
BitRate blocking probability per pair and bitRate,3,500.0Gbps,9,7, ,0.0,0.0,0.0,0.0,0.0
BitRate blocking probability per pair and bitRate,3,500.0Gbps,24,12, ,0.0,0.0,0.0,0.0,0.0
BitRate blocking probability per pair and bitRate,3,500.0Gbps,15,3, ,0.0,0.0,0.0,0.0,0.0
BitRate blocking probability per pair and bitRate,3,500.0Gbps,22,11, ,0.0,0.0,0.0,0.0,0.0
BitRate blocking probability per pair and bitRate,3,500.0Gbps,18,19, ,0.0,0.0,0.0,0.0,0.0
BitRate blocking probability per pair and bitRate,3,500.0Gbps,16,7, ,0.0,0.0,0.0,0.0,0.0
BitRate blocking probability per pair and bitRate,3,500.0Gbps,5,24, ,0.0,0.0,0.0,0.0,0.0
BitRate blocking probability per pair and bitRate,3,500.0Gbps,10,19, ,0.0,0.0,0.0,0.0,0.0
BitRate blocking probability per pair and bitRate,3,500.0Gbps,23,13, ,0.0,0.0,0.0,0.0,0.0
BitRate blocking probability per pair and bitRate,3,500.0Gbps,12,3, ,0.0,0.0,0.0,0.0,0.0
BitRate blocking probability per pair and bitRate,3,500.0Gbps,9,10, ,0.0,0.0,0.0,0.0,0.0
BitRate blocking probability per pair and bitRate,3,500.0Gbps,4,18, ,0.0,0.05259822965787105,0.0,0.0,0.12364091815053792
BitRate blocking probability per pair and bitRate,3,500.0Gbps,4,19, ,0.026148550180908746,0.0,0.0,0.0,0.055064253069178594
BitRate blocking probability per pair and bitRate,3,500.0Gbps,17,15, ,0.0,0.0,0.0,0.0,0.0
BitRate blocking probability per pair and bitRate,3,500.0Gbps,2,22, ,0.0,0.0,0.0,0.0,0.0
BitRate blocking probability per pair and bitRate,3,500.0Gbps,11,17, ,0.0,0.0,0.0,0.0,0.0
BitRate blocking probability per pair and bitRate,3,500.0Gbps,18,13, ,0.0,0.0,0.0,0.0,0.0
BitRate blocking probability per pair and bitRate,3,500.0Gbps,24,10, ,0.0,0.0,0.0,0.0,0.0
BitRate blocking probability per pair and bitRate,3,500.0Gbps,11,13, ,0.0,0.0,0.0,0.0,0.0
BitRate blocking probability per pair and bitRate,3,500.0Gbps,12,22, ,0.0,0.0,0.0,0.0,0.0
BitRate blocking probability per pair and bitRate,3,500.0Gbps,20,23, ,0.0,0.0,0.0,0.0,0.0
BitRate blocking probability per pair and bitRate,3,500.0Gbps,4,7, ,0.0,0.0,0.0,0.0,0.0
BitRate blocking probability per pair and bitRate,3,500.0Gbps,9,12, ,0.0,0.0,0.0,0.0,0.0
BitRate blocking probability per pair and bitRate,3,500.0Gbps,4,13, ,0.0,0.0,0.0,0.0,0.0
BitRate blocking probability per pair and bitRate,3,500.0Gbps,20,13, ,0.0,0.0,0.0,0.0,0.0
BitRate blocking probability per pair and bitRate,3,500.0Gbps,10,3, ,0.0,0.0,0.0,0.0,0.0
BitRate blocking probability per pair and bitRate,3,500.0Gbps,21,3, ,0.0,0.0,0.0,0.0,0.0
BitRate blocking probability per pair and bitRate,3,500.0Gbps,7,9, ,0.0,0.0,0.0,0.0,0.0
BitRate blocking probability per pair and bitRate,3,500.0Gbps,12,19, ,0.0,0.0,0.0,0.0,0.0
BitRate blocking probability per pair and bitRate,3,500.0Gbps,19,16, ,0.0,0.0,0.0,0.0,0.0
BitRate blocking probability per pair and bitRate,3,500.0Gbps,20,11, ,0.0,0.0,0.0,0.0,0.0
BitRate blocking probability per pair and bitRate,3,500.0Gbps,22,9, ,0.0,0.0,0.013971851868441847,0.0,0.0
BitRate blocking probability per pair and bitRate,3,500.0Gbps,7,11, ,0.0,0.0,0.0,0.0,0.0
BitRate blocking probability per pair and bitRate,3,500.0Gbps,6,1, ,0.0,0.0,0.0,0.0,0.0
BitRate blocking probability per pair and bitRate,3,500.0Gbps,6,14, ,0.0,0.0,0.0,0.0,0.0
BitRate blocking probability per pair and bitRate,3,500.0Gbps,21,1, ,0.0,0.0,0.0,0.0,0.0
BitRate blocking probability per pair and bitRate,3,500.0Gbps,4,23, ,0.0,0.0,0.0,0.0,0.0
BitRate blocking probability per pair and bitRate,3,500.0Gbps,1,5, ,0.0,0.0,0.0,0.0,0.0
BitRate blocking probability per pair and bitRate,3,500.0Gbps,3,22, ,0.41949047747123247,0.0,0.0,0.0,0.0
BitRate blocking probability per pair and bitRate,3,500.0Gbps,5,23, ,0.0,0.0,0.0,0.0,0.0
BitRate blocking probability per pair and bitRate,3,500.0Gbps,14,9, ,0.0,0.0,0.0,0.0,0.0
BitRate blocking probability per pair and bitRate,3,500.0Gbps,23,6, ,0.0,0.0,0.0,0.0,0.0
BitRate blocking probability per pair and bitRate,3,500.0Gbps,6,19, ,0.0,0.0,0.26914569518077563,0.09299711341463364,0.18520984579852634
BitRate blocking probability per pair and bitRate,3,500.0Gbps,14,13, ,0.0,0.0,0.0,0.0,0.0
BitRate blocking probability per pair and bitRate,3,500.0Gbps,14,11, ,0.0,0.0,0.0,0.0,0.0
BitRate blocking probability per pair and bitRate,3,500.0Gbps,12,21, ,0.0,0.0,0.0,0.0,0.0
BitRate blocking probability per pair and bitRate,3,500.0Gbps,2,8, ,0.0,0.0,0.0,0.0,0.0
BitRate blocking probability per pair and bitRate,3,500.0Gbps,16,13, ,0.0,0.0,0.0,0.0,0.0
BitRate blocking probability per pair and bitRate,3,500.0Gbps,20,18, ,0.0,0.0,0.0,0.0,0.0
BitRate blocking probability per pair and bitRate,3,500.0Gbps,6,9, ,0.0,0.0,0.0,0.0,0.0
BitRate blocking probability per pair and bitRate,3,500.0Gbps,6,23, ,0.0,0.0,0.0,0.0,0.0
BitRate blocking probability per pair and bitRate,3,500.0Gbps,10,4, ,0.0,0.0,0.0,0.0,0.0
BitRate blocking probability per pair and bitRate,3,500.0Gbps,17,23, ,0.0,0.0,0.0,0.0,0.0
BitRate blocking probability per pair and bitRate,3,500.0Gbps,17,18, ,0.0,0.0,0.0,0.0,0.0
BitRate blocking probability per pair and bitRate,3,500.0Gbps,14,12, ,0.0,0.0,0.0,0.0,0.0
BitRate blocking probability per pair and bitRate,3,500.0Gbps,14,17, ,0.0,0.0,0.0,0.0,0.0
BitRate blocking probability per pair and bitRate,3,500.0Gbps,19,7, ,0.0,0.0,0.0,0.0,0.0
BitRate blocking probability per pair and bitRate,3,500.0Gbps,7,24, ,0.0,0.0,0.0,0.0,0.0
BitRate blocking probability per pair and bitRate,3,500.0Gbps,11,18, ,0.0,0.0,0.0,0.0,0.0
BitRate blocking probability per pair and bitRate,3,500.0Gbps,11,10, ,0.0,0.0,0.0,0.0,0.0
BitRate blocking probability per pair and bitRate,3,500.0Gbps,14,22, ,0.0,0.0,0.0,0.0,0.0
BitRate blocking probability per pair and bitRate,3,500.0Gbps,4,9, ,0.0,0.0,0.0,0.0,0.0
BitRate blocking probability per pair and bitRate,3,500.0Gbps,22,21, ,0.0,0.0,0.0,0.0,0.0
BitRate blocking probability per pair and bitRate,3,500.0Gbps,22,24, ,0.0,0.0,0.0,0.0,0.0
BitRate blocking probability per pair and bitRate,3,500.0Gbps,8,15, ,0.0,0.0,0.0,0.0,0.0
BitRate blocking probability per pair and bitRate,3,500.0Gbps,12,5, ,0.0,0.0,0.0,0.0,0.0
BitRate blocking probability per pair and bitRate,3,500.0Gbps,7,23, ,0.0,0.0,0.0,0.0,0.0
BitRate blocking probability per pair and bitRate,3,500.0Gbps,24,14, ,0.0,0.0,0.0,0.0,0.0
BitRate blocking probability per pair and bitRate,3,500.0Gbps,1,2, ,0.0,0.0,0.0,0.0,0.0
BitRate blocking probability per pair and bitRate,3,500.0Gbps,15,22, ,0.0,0.0,0.0,0.0,0.0
BitRate blocking probability per pair and bitRate,3,500.0Gbps,19,14, ,0.0,0.0,0.0,0.0,0.0
BitRate blocking probability per pair and bitRate,3,500.0Gbps,21,23, ,0.0,0.0,0.0,0.0,0.0
BitRate blocking probability per pair and bitRate,3,500.0Gbps,8,1, ,0.0,0.0,0.0,0.0,0.0
BitRate blocking probability per pair and bitRate,3,500.0Gbps,18,10, ,0.0,0.0,0.0,0.0,0.0
BitRate blocking probability per pair and bitRate,3,500.0Gbps,17,3, ,0.0,0.0,0.0,0.0,0.0
BitRate blocking probability per pair and bitRate,3,500.0Gbps,5,9, ,0.0,0.0,0.0,0.0,0.0
BitRate blocking probability per pair and bitRate,3,500.0Gbps,19,8, ,0.0,0.0,0.0,0.0,0.0
BitRate blocking probability per pair and bitRate,3,500.0Gbps,4,21, ,0.0,0.0,0.0,0.0,0.0
BitRate blocking probability per pair and bitRate,3,500.0Gbps,8,16, ,0.0,0.0,0.0,0.0,0.0
BitRate blocking probability per pair and bitRate,3,500.0Gbps,5,12, ,0.0,0.0,0.0,0.0,0.0
BitRate blocking probability per pair and bitRate,3,500.0Gbps,6,16, ,0.0,0.0,0.0,0.0,0.0
BitRate blocking probability per pair and bitRate,3,500.0Gbps,20,10, ,0.0,0.0,0.0,0.0,0.0
BitRate blocking probability per pair and bitRate,3,500.0Gbps,2,15, ,0.0,0.0,0.0,0.0,0.0
BitRate blocking probability per pair and bitRate,3,500.0Gbps,20,6, ,0.0,0.07765348625328265,0.23578927394731233,0.2077458710509559,0.07660413164780695
BitRate blocking probability per pair and bitRate,3,500.0Gbps,21,13, ,0.0,0.0,0.0,0.0,0.0
BitRate blocking probability per pair and bitRate,3,500.0Gbps,6,21, ,0.0,0.0,0.0,0.0,0.0
BitRate blocking probability per pair and bitRate,3,500.0Gbps,18,16, ,0.0,0.0,0.0,0.0,0.0
BitRate blocking probability per pair and bitRate,3,500.0Gbps,5,21, ,0.0,0.0,0.0,0.0,0.0
BitRate blocking probability per pair and bitRate,3,500.0Gbps,15,11, ,0.0,0.0,0.0,0.0,0.0
BitRate blocking probability per pair and bitRate,3,500.0Gbps,8,12, ,0.0,0.0,0.0,0.0,0.0
BitRate blocking probability per pair and bitRate,3,500.0Gbps,19,1, ,0.0,0.0,0.0,0.0,0.0
BitRate blocking probability per pair and bitRate,3,500.0Gbps,21,14, ,0.0,0.0,0.0,0.0,0.0
BitRate blocking probability per pair and bitRate,3,500.0Gbps,2,13, ,0.0,0.0,0.0,0.0,0.0
BitRate blocking probability per pair and bitRate,3,500.0Gbps,17,6, ,0.03347949984076262,0.0,0.0,0.0,0.0
BitRate blocking probability per pair and bitRate,3,500.0Gbps,24,1, ,0.0,0.0,0.0,0.0,0.0
BitRate blocking probability per pair and bitRate,3,500.0Gbps,8,3, ,0.0,0.0,0.0,0.0,0.0
BitRate blocking probability per pair and bitRate,3,500.0Gbps,1,22, ,0.0418165278382686,0.0,0.0,0.001388447890501793,0.0
BitRate blocking probability per pair and bitRate,3,500.0Gbps,23,3, ,0.0,0.0,0.0,0.0,0.0
BitRate blocking probability per pair and bitRate,3,500.0Gbps,2,1, ,0.0,0.0,0.0,0.0,0.0
BitRate blocking probability per pair and bitRate,3,500.0Gbps,15,23, ,0.0,0.0,0.0,0.0,0.0
BitRate blocking probability per pair and bitRate,3,500.0Gbps,19,15, ,0.0,0.0,0.0,0.0,0.0
BitRate blocking probability per pair and bitRate,3,500.0Gbps,2,23, ,0.0,0.0,0.0,0.0,0.0
BitRate blocking probability per pair and bitRate,3,500.0Gbps,13,17, ,0.0,0.0,0.0,0.0,0.0
BitRate blocking probability per pair and bitRate,3,500.0Gbps,1,10, ,0.0,0.0,0.0,0.0,0.0
BitRate blocking probability per pair and bitRate,3,500.0Gbps,5,22, ,0.0,0.0,0.0,0.0,0.0
BitRate blocking probability per pair and bitRate,3,500.0Gbps,18,24, ,0.0,0.0,0.0,0.0,0.0
BitRate blocking probability per pair and bitRate,3,500.0Gbps,19,23, ,0.0,0.0,0.0,0.0,0.0
BitRate blocking probability per pair and bitRate,3,500.0Gbps,20,8, ,0.0,0.0,0.0,0.0,0.0
BitRate blocking probability per pair and bitRate,3,500.0Gbps,10,6, ,0.0,0.0,0.0,0.0,0.0
BitRate blocking probability per pair and bitRate,3,500.0Gbps,2,6, ,0.0,0.0,0.0,0.0,0.0
BitRate blocking probability per pair and bitRate,3,500.0Gbps,16,14, ,0.0,0.0,0.0,0.0,0.0
BitRate blocking probability per pair and bitRate,3,500.0Gbps,24,19, ,0.0,0.0,0.0,0.0,0.0
BitRate blocking probability per pair and bitRate,3,500.0Gbps,23,19, ,0.0,0.0,0.0,0.0,0.0
BitRate blocking probability per pair and bitRate,3,500.0Gbps,12,2, ,0.0,0.0,0.0,0.0,0.0
BitRate blocking probability per pair and bitRate,3,500.0Gbps,23,1, ,0.0,0.0,0.0,0.0,0.0
BitRate blocking probability per pair and bitRate,3,500.0Gbps,15,7, ,0.0,0.0,0.0,0.0,0.0
BitRate blocking probability per pair and bitRate,3,500.0Gbps,22,12, ,0.0,0.0,0.0,0.0,0.0
BitRate blocking probability per pair and bitRate,3,500.0Gbps,3,6, ,0.0,0.0,0.0,0.0,0.0
BitRate blocking probability per pair and bitRate,3,500.0Gbps,4,2, ,0.0,0.0,0.0,0.0,0.0
BitRate blocking probability per pair and bitRate,3,500.0Gbps,13,1, ,0.0,0.0,0.0,0.0,0.0
BitRate blocking probability per pair and bitRate,3,500.0Gbps,6,5, ,0.0,0.0,0.0,0.0,0.0
BitRate blocking probability per pair and bitRate,3,500.0Gbps,16,22, ,0.0,0.0,0.0,0.0,0.0
BitRate blocking probability per pair and bitRate,3,500.0Gbps,7,5, ,0.0,0.0,0.0,0.0,0.0
BitRate blocking probability per pair and bitRate,3,500.0Gbps,6,24, ,0.0,0.0,0.0,0.0,0.0
BitRate blocking probability per pair and bitRate,3,500.0Gbps,18,17, ,0.0,0.0,0.0,0.0,0.0
BitRate blocking probability per pair and bitRate,3,500.0Gbps,22,3, ,0.0,0.0,0.0,0.0,0.0
BitRate blocking probability per pair and bitRate,3,500.0Gbps,13,4, ,0.0,0.0,0.0,0.0,0.0
BitRate blocking probability per pair and bitRate,3,500.0Gbps,16,5, ,0.0,0.0,0.0,0.0,0.0
BitRate blocking probability per pair and bitRate,3,500.0Gbps,18,11, ,0.0,0.0,0.0,0.0,0.0
BitRate blocking probability per pair and bitRate,3,500.0Gbps,6,11, ,0.0,0.0,0.0,0.0,0.0
BitRate blocking probability per pair and bitRate,3,500.0Gbps,17,13, ,0.0,0.0,0.0,0.0,0.0
BitRate blocking probability per pair and bitRate,3,500.0Gbps,7,3, ,0.0,0.0,0.0,0.0,0.0
BitRate blocking probability per pair and bitRate,3,500.0Gbps,22,23, ,0.0,0.0,0.0,0.0,0.0
BitRate blocking probability per pair and bitRate,3,500.0Gbps,10,13, ,0.0,0.0,0.0,0.0,0.0
BitRate blocking probability per pair and bitRate,3,500.0Gbps,14,7, ,0.0,0.0,0.0,0.0,0.0
BitRate blocking probability per pair and bitRate,3,500.0Gbps,20,16, ,0.0,0.0,0.0,0.0,0.0
BitRate blocking probability per pair and bitRate,3,500.0Gbps,14,8, ,0.0,0.0,0.0,0.0,0.0
BitRate blocking probability per pair and bitRate,3,500.0Gbps,7,4, ,0.0,0.0,0.0,0.0,0.0
BitRate blocking probability per pair and bitRate,3,500.0Gbps,8,14, ,0.0,0.0,0.0,0.0,0.0
BitRate blocking probability per pair and bitRate,3,500.0Gbps,3,12, ,0.0,0.0,0.0,0.0,0.0
BitRate blocking probability per pair and bitRate,3,500.0Gbps,7,2, ,0.0,0.0,0.0,0.0,0.0
BitRate blocking probability per pair and bitRate,3,500.0Gbps,10,11, ,0.0,0.0,0.0,0.0,0.0
BitRate blocking probability per pair and bitRate,3,500.0Gbps,11,14, ,0.0,0.0,0.0,0.0,0.0
BitRate blocking probability per pair and bitRate,3,500.0Gbps,20,24, ,0.0,0.0,0.0,0.0,0.0
BitRate blocking probability per pair and bitRate,3,500.0Gbps,20,4, ,0.0,0.014678790723411566,0.0,0.0,0.07828356475584505
BitRate blocking probability per pair and bitRate,3,500.0Gbps,23,2, ,0.0,0.0,0.0,0.0,0.0
BitRate blocking probability per pair and bitRate,3,500.0Gbps,22,2, ,0.0,0.0,0.0,0.0,0.0
BitRate blocking probability per pair and bitRate,3,500.0Gbps,22,19, ,0.0,0.0,0.0,0.0,0.0
BitRate blocking probability per pair and bitRate,3,500.0Gbps,24,23, ,0.0,0.0,0.0,0.0,0.0
BitRate blocking probability per pair and bitRate,3,500.0Gbps,6,17, ,0.041736539160740084,0.12021366485524673,0.06388921322704602,0.09947858181104803,0.011451390092432073
BitRate blocking probability per pair and bitRate,3,500.0Gbps,4,15, ,0.0,0.0,0.0,0.0,0.0
BitRate blocking probability per pair and bitRate,3,500.0Gbps,20,7, ,0.0,0.0,0.0,0.0,0.0
BitRate blocking probability per pair and bitRate,3,500.0Gbps,10,8, ,0.0,0.0,0.0,0.0,0.0
BitRate blocking probability per pair and bitRate,3,500.0Gbps,10,24, ,0.0,0.0,0.0,0.0,0.0
BitRate blocking probability per pair and bitRate,3,500.0Gbps,12,16, ,0.0,0.0,0.0,0.0,0.0
BitRate blocking probability per pair and bitRate,3,500.0Gbps,8,13, ,0.0,0.0,0.0,0.0,0.0
BitRate blocking probability per pair and bitRate,3,500.0Gbps,11,4, ,0.0,0.0,0.0,0.0,0.0
BitRate blocking probability per pair and bitRate,3,500.0Gbps,22,17, ,0.0,0.0,0.0,0.0,0.0
BitRate blocking probability per pair and bitRate,3,500.0Gbps,4,1, ,0.0,0.0,0.0,0.0,0.0
BitRate blocking probability per pair and bitRate,3,500.0Gbps,14,6, ,0.0,0.0,0.0,0.0,0.0
BitRate blocking probability per pair and bitRate,3,500.0Gbps,14,10, ,0.0,0.0,0.0,0.0,0.0
BitRate blocking probability per pair and bitRate,3,500.0Gbps,24,6, ,0.0,0.0,0.0,0.0,0.0
BitRate blocking probability per pair and bitRate,3,500.0Gbps,15,2, ,0.0,0.0,0.0,0.0,0.0
BitRate blocking probability per pair and bitRate,3,500.0Gbps,22,10, ,0.0,0.0,0.0,0.0,0.0
BitRate blocking probability per pair and bitRate,3,500.0Gbps,4,17, ,0.04272415804498116,0.0,0.0,0.0,0.12498818133108476
BitRate blocking probability per pair and bitRate,3,500.0Gbps,17,2, ,0.0,0.0,0.0,0.0,0.0
BitRate blocking probability per pair and bitRate,3,500.0Gbps,18,20, ,0.0,0.0,0.0,0.0,0.0
BitRate blocking probability per pair and bitRate,3,500.0Gbps,17,21, ,0.0,0.0,0.0,0.0,0.0
BitRate blocking probability per pair and bitRate,3,500.0Gbps,18,6, ,0.09671251436211067,0.0,0.0,0.060807106904780986,0.0
BitRate blocking probability per pair and bitRate,3,500.0Gbps,10,15, ,0.0,0.0,0.0,0.0,0.0
BitRate blocking probability per pair and bitRate,3,500.0Gbps,4,11, ,0.0,0.0,0.0,0.0,0.0
BitRate blocking probability per pair and bitRate,3,500.0Gbps,2,21, ,0.0,0.0,0.0,0.0,0.0
BitRate blocking probability per pair and bitRate,3,500.0Gbps,19,9, ,0.0,0.0,0.0,0.0,0.0
BitRate blocking probability per pair and bitRate,3,500.0Gbps,5,8, ,0.0,0.0,0.0,0.0,0.0
BitRate blocking probability per pair and bitRate,3,500.0Gbps,5,3, ,0.0,0.0,0.0,0.0,0.0
BitRate blocking probability per pair and bitRate,3,500.0Gbps,11,6, ,0.0,0.0,0.0,0.0,0.0
BitRate blocking probability per pair and bitRate,3,500.0Gbps,8,2, ,0.0,0.0,0.0,0.0,0.0
BitRate blocking probability per pair and bitRate,3,500.0Gbps,9,24, ,0.0,0.0,0.0,0.0,0.0
BitRate blocking probability per pair and bitRate,3,500.0Gbps,16,23, ,0.0,0.0,0.0,0.0,0.0
BitRate blocking probability per pair and bitRate,3,500.0Gbps,2,16, ,0.0,0.0,0.0,0.0,0.0
BitRate blocking probability per pair and bitRate,3,500.0Gbps,16,17, ,0.0,0.0,0.0,0.0,0.0
BitRate blocking probability per pair and bitRate,3,500.0Gbps,23,18, ,0.0,0.0,0.0,0.0,0.0
BitRate blocking probability per pair and bitRate,3,500.0Gbps,7,1, ,0.0,0.0,0.0,0.0,0.0
BitRate blocking probability per pair and bitRate,3,500.0Gbps,11,24, ,0.0,0.0,0.0,0.0,0.0
BitRate blocking probability per pair and bitRate,3,500.0Gbps,2,10, ,0.0,0.0,0.0,0.0,0.0
BitRate blocking probability per pair and bitRate,3,500.0Gbps,4,6, ,0.0,0.0,0.0,0.0,0.0
BitRate blocking probability per pair and bitRate,3,500.0Gbps,15,13, ,0.0,0.0,0.0,0.0,0.0
BitRate blocking probability per pair and bitRate,3,500.0Gbps,21,12, ,0.0,0.0,0.0,0.0,0.0
BitRate blocking probability per pair and bitRate,3,500.0Gbps,5,6, ,0.0,0.0,0.0,0.0,0.0
BitRate blocking probability per pair and bitRate,3,500.0Gbps,10,18, ,0.0,0.0,0.0,0.0,0.0
BitRate blocking probability per pair and bitRate,3,500.0Gbps,14,23, ,0.0,0.0,0.0,0.0,0.0
BitRate blocking probability per pair and bitRate,3,500.0Gbps,21,8, ,0.0,0.0,0.0,0.0,0.0
BitRate blocking probability per pair and bitRate,3,500.0Gbps,11,3, ,0.0,0.0,0.0,0.0,0.0
BitRate blocking probability per pair and bitRate,3,500.0Gbps,13,16, ,0.0,0.0,0.0,0.0,0.0
BitRate blocking probability per pair and bitRate,3,500.0Gbps,22,16, ,0.0,0.0,0.0,0.0,0.0
BitRate blocking probability per pair and bitRate,3,500.0Gbps,21,5, ,0.0,0.0,0.0,0.0,0.0
BitRate blocking probability per pair and bitRate,3,500.0Gbps,23,24, ,0.0,0.0,0.0,0.0,0.0
BitRate blocking probability per pair and bitRate,3,500.0Gbps,9,6, ,0.0,0.0,0.0,0.0,0.0
BitRate blocking probability per pair and bitRate,3,500.0Gbps,20,9, ,0.0,0.0,0.07302105109806695,0.0,0.0
BitRate blocking probability per pair and bitRate,3,500.0Gbps,16,6, ,0.0,0.0,0.0,0.0,0.0
BitRate blocking probability per pair and bitRate,3,500.0Gbps,15,4, ,0.0,0.0,0.0,0.0,0.0
BitRate blocking probability per pair and bitRate,3,500.0Gbps,3,4, ,0.0,0.0,0.0,0.0,0.0
BitRate blocking probability per pair and bitRate,3,500.0Gbps,17,10, ,0.0,0.0,0.0,0.0,0.0
BitRate blocking probability per pair and bitRate,3,500.0Gbps,12,10, ,0.0,0.0,0.0,0.0,0.0
BitRate blocking probability per pair and bitRate,3,500.0Gbps,12,7, ,0.0,0.0,0.0,0.0,0.0
BitRate blocking probability per pair and bitRate,3,500.0Gbps,3,17, ,0.0,0.0,0.0,0.0,0.0
BitRate blocking probability per pair and bitRate,4,100.0Gbps,11,2, ,0.0,0.0,0.0,0.0,0.0
BitRate blocking probability per pair and bitRate,4,100.0Gbps,1,23, ,0.0,0.0,0.0,0.0,0.0
BitRate blocking probability per pair and bitRate,4,100.0Gbps,2,9, ,0.0,0.0,0.0,0.0,0.0
BitRate blocking probability per pair and bitRate,4,100.0Gbps,1,20, ,0.0,0.0,0.0,0.0,0.0
BitRate blocking probability per pair and bitRate,4,100.0Gbps,17,24, ,0.0,0.0,0.0,0.0,0.0
BitRate blocking probability per pair and bitRate,4,100.0Gbps,21,15, ,0.0,0.0,0.0,0.0,0.0
BitRate blocking probability per pair and bitRate,4,100.0Gbps,19,11, ,0.0,0.0,0.0,0.0,0.0
BitRate blocking probability per pair and bitRate,4,100.0Gbps,3,1, ,0.0,0.0,0.0,0.0,0.0
BitRate blocking probability per pair and bitRate,4,100.0Gbps,24,2, ,0.0,0.0,0.0,0.0,0.0
BitRate blocking probability per pair and bitRate,4,100.0Gbps,23,22, ,0.0,0.0,0.0,0.0,0.0
BitRate blocking probability per pair and bitRate,4,100.0Gbps,17,22, ,0.0,0.0,0.0,0.0,0.0
BitRate blocking probability per pair and bitRate,4,100.0Gbps,15,20, ,0.0,0.0,0.0,0.0,0.0
BitRate blocking probability per pair and bitRate,4,100.0Gbps,2,7, ,0.0,0.0,0.0,0.0,0.0
BitRate blocking probability per pair and bitRate,4,100.0Gbps,10,1, ,0.0,0.0,0.0,0.0,0.0
BitRate blocking probability per pair and bitRate,4,100.0Gbps,14,16, ,0.0,0.0,0.0,0.0,0.0
BitRate blocking probability per pair and bitRate,4,100.0Gbps,13,18, ,0.0,0.0,0.0,0.0,0.0
BitRate blocking probability per pair and bitRate,4,100.0Gbps,11,7, ,0.0,0.0,0.0,0.0,0.0
BitRate blocking probability per pair and bitRate,4,100.0Gbps,15,10, ,0.0,0.0,0.0,0.0,0.0
BitRate blocking probability per pair and bitRate,4,100.0Gbps,17,4, ,0.0,0.0,0.0,0.0,0.0
BitRate blocking probability per pair and bitRate,4,100.0Gbps,15,19, ,0.0,0.0,0.0,0.0,0.0
BitRate blocking probability per pair and bitRate,4,100.0Gbps,9,22, ,0.0,0.0,0.0,0.0,0.0
BitRate blocking probability per pair and bitRate,4,100.0Gbps,9,19, ,0.0,0.0,0.0,0.0,0.0
BitRate blocking probability per pair and bitRate,4,100.0Gbps,24,7, ,0.0,0.0,0.0,0.0,0.0
BitRate blocking probability per pair and bitRate,4,100.0Gbps,1,18, ,0.0,0.0,0.0,0.0,0.0
BitRate blocking probability per pair and bitRate,4,100.0Gbps,19,4, ,0.0,0.0,0.0,0.0,0.0
BitRate blocking probability per pair and bitRate,4,100.0Gbps,5,1, ,0.0,0.0,0.0,0.0,0.0
BitRate blocking probability per pair and bitRate,4,100.0Gbps,5,20, ,0.0,0.0,0.0,0.0,0.0
BitRate blocking probability per pair and bitRate,4,100.0Gbps,21,24, ,0.0,0.0,0.0,0.0,0.0
BitRate blocking probability per pair and bitRate,4,100.0Gbps,9,1, ,0.0,0.0,0.0,0.0,0.0
BitRate blocking probability per pair and bitRate,4,100.0Gbps,9,21, ,0.0,0.0,0.0,0.0,0.0
BitRate blocking probability per pair and bitRate,4,100.0Gbps,14,15, ,0.0,0.0,0.0,0.0,0.0
BitRate blocking probability per pair and bitRate,4,100.0Gbps,8,4, ,0.0,0.0,0.0,0.0,0.0
BitRate blocking probability per pair and bitRate,4,100.0Gbps,8,21, ,0.0,0.0,0.0,0.0,0.0
BitRate blocking probability per pair and bitRate,4,100.0Gbps,6,3, ,0.0,0.0,0.0,0.0,0.0
BitRate blocking probability per pair and bitRate,4,100.0Gbps,9,2, ,0.0,0.0,0.0,0.0,0.0
BitRate blocking probability per pair and bitRate,4,100.0Gbps,16,2, ,0.0,0.0,0.0,0.0,0.0
BitRate blocking probability per pair and bitRate,4,100.0Gbps,9,4, ,0.0,0.0,0.0,0.0,0.0
BitRate blocking probability per pair and bitRate,4,100.0Gbps,23,21, ,0.0,0.0,0.0,0.0,0.0
BitRate blocking probability per pair and bitRate,4,100.0Gbps,19,24, ,0.0,0.0,0.0,0.0,0.0
BitRate blocking probability per pair and bitRate,4,100.0Gbps,22,15, ,0.0,0.0,0.0,0.0,0.0
BitRate blocking probability per pair and bitRate,4,100.0Gbps,23,17, ,0.0,0.0,0.0,0.0,0.0
BitRate blocking probability per pair and bitRate,4,100.0Gbps,8,11, ,0.0,0.0,0.0,0.0,0.0
BitRate blocking probability per pair and bitRate,4,100.0Gbps,24,17, ,0.0,0.0,0.0,0.0,0.0
BitRate blocking probability per pair and bitRate,4,100.0Gbps,22,18, ,0.0,0.0,0.0,0.0,0.0
BitRate blocking probability per pair and bitRate,4,100.0Gbps,5,11, ,0.0,0.0,0.0,0.0,0.0
BitRate blocking probability per pair and bitRate,4,100.0Gbps,4,8, ,0.0,0.0,0.0,0.0,0.0
BitRate blocking probability per pair and bitRate,4,100.0Gbps,23,9, ,0.0,0.0,0.0,0.0,0.0
BitRate blocking probability per pair and bitRate,4,100.0Gbps,6,12, ,0.0,0.0,0.0,0.0,0.0
BitRate blocking probability per pair and bitRate,4,100.0Gbps,4,5, ,0.0,0.0,0.0,0.0,0.0
BitRate blocking probability per pair and bitRate,4,100.0Gbps,16,9, ,0.0,0.0,0.0,0.0,0.0
BitRate blocking probability per pair and bitRate,4,100.0Gbps,16,11, ,0.0,0.0,0.0,0.0,0.0
BitRate blocking probability per pair and bitRate,4,100.0Gbps,24,20, ,0.0,0.0,0.0,0.0,0.0
BitRate blocking probability per pair and bitRate,4,100.0Gbps,12,14, ,0.0,0.0,0.0,0.0,0.0
BitRate blocking probability per pair and bitRate,4,100.0Gbps,20,5, ,0.0,0.0,0.0,0.0,0.0
BitRate blocking probability per pair and bitRate,4,100.0Gbps,11,12, ,0.0,0.0,0.0,0.0,0.0
BitRate blocking probability per pair and bitRate,4,100.0Gbps,7,14, ,0.0,0.0,0.0,0.0,0.0
BitRate blocking probability per pair and bitRate,4,100.0Gbps,10,23, ,0.0,0.0,0.0,0.0,0.0
BitRate blocking probability per pair and bitRate,4,100.0Gbps,22,20, ,0.0,0.0,0.0,0.0,0.0
BitRate blocking probability per pair and bitRate,4,100.0Gbps,17,11, ,0.0,0.0,0.0,0.0,0.0
BitRate blocking probability per pair and bitRate,4,100.0Gbps,3,10, ,0.0,0.0,0.0,0.0,0.0
BitRate blocking probability per pair and bitRate,4,100.0Gbps,17,14, ,0.0,0.0,0.0,0.0,0.0
BitRate blocking probability per pair and bitRate,4,100.0Gbps,10,7, ,0.0,0.0,0.0,0.0,0.0
BitRate blocking probability per pair and bitRate,4,100.0Gbps,3,2, ,0.0,0.0,0.0,0.0,0.0
BitRate blocking probability per pair and bitRate,4,100.0Gbps,3,5, ,0.0,0.0,0.0,0.0,0.0
BitRate blocking probability per pair and bitRate,4,100.0Gbps,22,1, ,0.0,0.0,0.0,0.0,0.0
BitRate blocking probability per pair and bitRate,4,100.0Gbps,1,14, ,0.0,0.0,0.0,0.0,0.0
BitRate blocking probability per pair and bitRate,4,100.0Gbps,24,8, ,0.0,0.0,0.0,0.0,0.0
BitRate blocking probability per pair and bitRate,4,100.0Gbps,11,21, ,0.0,0.0,0.0,0.0,0.0
BitRate blocking probability per pair and bitRate,4,100.0Gbps,20,14, ,0.0,0.0,0.0,0.0,0.0
BitRate blocking probability per pair and bitRate,4,100.0Gbps,8,6, ,0.0,0.0,0.0,0.0,0.0
BitRate blocking probability per pair and bitRate,4,100.0Gbps,21,11, ,0.0,0.0,0.0,0.0,0.0
BitRate blocking probability per pair and bitRate,4,100.0Gbps,11,8, ,0.0,0.0,0.0,0.0,0.0
BitRate blocking probability per pair and bitRate,4,100.0Gbps,21,19, ,0.0,0.0,0.0,0.0,0.0
BitRate blocking probability per pair and bitRate,4,100.0Gbps,17,1, ,0.0,0.0,0.0,0.0,0.0
BitRate blocking probability per pair and bitRate,4,100.0Gbps,11,22, ,0.0,0.0,0.0,0.0,0.0
BitRate blocking probability per pair and bitRate,4,100.0Gbps,24,21, ,0.0,0.0,0.0,0.0,0.0
BitRate blocking probability per pair and bitRate,4,100.0Gbps,19,22, ,0.0,0.0,0.0,0.0,0.0
BitRate blocking probability per pair and bitRate,4,100.0Gbps,7,12, ,0.0,0.0,0.0,0.0,0.0
BitRate blocking probability per pair and bitRate,4,100.0Gbps,7,22, ,0.0,0.0,0.0,0.0,0.0
BitRate blocking probability per pair and bitRate,4,100.0Gbps,23,5, ,0.0,0.0,0.0,0.0,0.0
BitRate blocking probability per pair and bitRate,4,100.0Gbps,21,17, ,0.0,0.0,0.0,0.0,0.0
BitRate blocking probability per pair and bitRate,4,100.0Gbps,1,11, ,0.0,0.0,0.0,0.0,0.0
BitRate blocking probability per pair and bitRate,4,100.0Gbps,18,12, ,0.0,0.0,0.0,0.0,0.0
BitRate blocking probability per pair and bitRate,4,100.0Gbps,23,10, ,0.0,0.0,0.0,0.0,0.0
BitRate blocking probability per pair and bitRate,4,100.0Gbps,18,7, ,0.0,0.0,0.0,0.0,0.0
BitRate blocking probability per pair and bitRate,4,100.0Gbps,24,22, ,0.0,0.0,0.0,0.0,0.0
BitRate blocking probability per pair and bitRate,4,100.0Gbps,21,2, ,0.0,0.0,0.0,0.0,0.0
BitRate blocking probability per pair and bitRate,4,100.0Gbps,16,4, ,0.0,0.0,0.0,0.0,0.0
BitRate blocking probability per pair and bitRate,4,100.0Gbps,10,9, ,0.0,0.0,0.0,0.0,0.0
BitRate blocking probability per pair and bitRate,4,100.0Gbps,22,5, ,0.0,0.0,0.0,0.0,0.0
BitRate blocking probability per pair and bitRate,4,100.0Gbps,9,17, ,0.0,0.0,0.0,0.0,0.0
BitRate blocking probability per pair and bitRate,4,100.0Gbps,8,20, ,0.0,0.0,0.0,0.0,0.0
BitRate blocking probability per pair and bitRate,4,100.0Gbps,1,24, ,0.0,0.0,0.0,0.0,0.0
BitRate blocking probability per pair and bitRate,4,100.0Gbps,2,14, ,0.0,0.0,0.0,0.0,0.0
BitRate blocking probability per pair and bitRate,4,100.0Gbps,5,18, ,0.0,0.0,0.0,0.0,0.0
BitRate blocking probability per pair and bitRate,4,100.0Gbps,8,9, ,0.0,0.0,0.0,0.0,0.0
BitRate blocking probability per pair and bitRate,4,100.0Gbps,9,13, ,0.0,0.0,0.0,0.0,0.0
BitRate blocking probability per pair and bitRate,4,100.0Gbps,24,13, ,0.0,0.0,0.0,0.0,0.0
BitRate blocking probability per pair and bitRate,4,100.0Gbps,2,17, ,0.0,0.0,0.0,0.0,0.0
BitRate blocking probability per pair and bitRate,4,100.0Gbps,20,1, ,0.0,0.0,0.0,0.0,0.0
BitRate blocking probability per pair and bitRate,4,100.0Gbps,19,2, ,0.0,0.0,0.0,0.0,0.0
BitRate blocking probability per pair and bitRate,4,100.0Gbps,4,3, ,0.0,0.0,0.0,0.0,0.0
BitRate blocking probability per pair and bitRate,4,100.0Gbps,22,4, ,0.0,0.0,0.0,0.0,0.0
BitRate blocking probability per pair and bitRate,4,100.0Gbps,5,4, ,0.0,0.0,0.0,0.0,0.0
BitRate blocking probability per pair and bitRate,4,100.0Gbps,16,19, ,0.0,0.0,0.0,0.0,0.0
BitRate blocking probability per pair and bitRate,4,100.0Gbps,12,6, ,0.0,0.0,0.0,0.0,0.0
BitRate blocking probability per pair and bitRate,4,100.0Gbps,17,8, ,0.0,0.0,0.0,0.0,0.0
BitRate blocking probability per pair and bitRate,4,100.0Gbps,12,9, ,0.0,0.0,0.0,0.0,0.0
BitRate blocking probability per pair and bitRate,4,100.0Gbps,11,20, ,0.0,0.0,0.0,0.0,0.0
BitRate blocking probability per pair and bitRate,4,100.0Gbps,15,12, ,0.0,0.0,0.0,0.0,0.0
BitRate blocking probability per pair and bitRate,4,100.0Gbps,9,16, ,0.0,0.0,0.0,0.0,0.0
BitRate blocking probability per pair and bitRate,4,100.0Gbps,7,15, ,0.0,0.0,0.0,0.0,0.0
BitRate blocking probability per pair and bitRate,4,100.0Gbps,6,13, ,0.0,0.0,0.0,0.0,0.0
BitRate blocking probability per pair and bitRate,4,100.0Gbps,19,18, ,0.0,0.0,0.0,0.0,0.0
BitRate blocking probability per pair and bitRate,4,100.0Gbps,3,9, ,0.0,0.0,0.0,0.0,0.0
BitRate blocking probability per pair and bitRate,4,100.0Gbps,21,18, ,0.0,0.0,0.0,0.0,0.0
BitRate blocking probability per pair and bitRate,4,100.0Gbps,1,17, ,0.0,0.0,0.0,0.0,0.0
BitRate blocking probability per pair and bitRate,4,100.0Gbps,8,24, ,0.0,0.0,0.0,0.0,0.0
BitRate blocking probability per pair and bitRate,4,100.0Gbps,7,16, ,0.0,0.0,0.0,0.0,0.0
BitRate blocking probability per pair and bitRate,4,100.0Gbps,15,21, ,0.0,0.0,0.0,0.0,0.0
BitRate blocking probability per pair and bitRate,4,100.0Gbps,18,22, ,0.0,0.0,0.0,0.0,0.0
BitRate blocking probability per pair and bitRate,4,100.0Gbps,14,2, ,0.0,0.0,0.0,0.0,0.0
BitRate blocking probability per pair and bitRate,4,100.0Gbps,2,12, ,0.0,0.0,0.0,0.0,0.0
BitRate blocking probability per pair and bitRate,4,100.0Gbps,12,8, ,0.0,0.0,0.0,0.0,0.0
BitRate blocking probability per pair and bitRate,4,100.0Gbps,1,13, ,0.0,0.0,0.0,0.0,0.0
BitRate blocking probability per pair and bitRate,4,100.0Gbps,8,18, ,0.0,0.0,0.0,0.0,0.0
BitRate blocking probability per pair and bitRate,4,100.0Gbps,15,6, ,0.0,0.0,0.0,0.0,0.0
BitRate blocking probability per pair and bitRate,4,100.0Gbps,6,20, ,0.0,0.0,0.0,0.0,0.0
BitRate blocking probability per pair and bitRate,4,100.0Gbps,7,21, ,0.0,0.0,0.0,0.0,0.0
BitRate blocking probability per pair and bitRate,4,100.0Gbps,9,3, ,0.0,0.0,0.0,0.0,0.0
BitRate blocking probability per pair and bitRate,4,100.0Gbps,12,13, ,0.0,0.0,0.0,0.0,0.0
BitRate blocking probability per pair and bitRate,4,100.0Gbps,8,22, ,0.0,0.0,0.0,0.0,0.0
BitRate blocking probability per pair and bitRate,4,100.0Gbps,2,3, ,0.0,0.0,0.0,0.0,0.0
BitRate blocking probability per pair and bitRate,4,100.0Gbps,14,18, ,0.0,0.0,0.0,0.0,0.0
BitRate blocking probability per pair and bitRate,4,100.0Gbps,23,20, ,0.0,0.0,0.0,0.0,0.0
BitRate blocking probability per pair and bitRate,4,100.0Gbps,4,20, ,0.0,0.011931801659831284,0.0,0.0,0.0
BitRate blocking probability per pair and bitRate,4,100.0Gbps,4,24, ,0.0,0.0,0.0,0.0,0.0
BitRate blocking probability per pair and bitRate,4,100.0Gbps,16,15, ,0.0,0.0,0.0,0.0,0.0
BitRate blocking probability per pair and bitRate,4,100.0Gbps,24,16, ,0.0,0.0,0.0,0.0,0.0
BitRate blocking probability per pair and bitRate,4,100.0Gbps,19,12, ,0.0,0.0,0.0,0.0,0.0
BitRate blocking probability per pair and bitRate,4,100.0Gbps,6,15, ,0.0,0.0,0.0,0.0,0.0
BitRate blocking probability per pair and bitRate,4,100.0Gbps,8,7, ,0.0,0.0,0.0,0.0,0.0
BitRate blocking probability per pair and bitRate,4,100.0Gbps,2,20, ,0.0,0.0,0.0,0.0,0.0
BitRate blocking probability per pair and bitRate,4,100.0Gbps,11,9, ,0.0,0.0,0.0,0.0,0.0
BitRate blocking probability per pair and bitRate,4,100.0Gbps,4,12, ,0.0,0.0,0.0,0.0,0.0
BitRate blocking probability per pair and bitRate,4,100.0Gbps,13,23, ,0.0,0.0,0.0,0.0,0.0
BitRate blocking probability per pair and bitRate,4,100.0Gbps,11,16, ,0.0,0.0,0.0,0.0,0.0
BitRate blocking probability per pair and bitRate,4,100.0Gbps,3,11, ,0.0,0.0,0.0,0.0,0.0
BitRate blocking probability per pair and bitRate,4,100.0Gbps,2,5, ,0.0,0.0,0.0,0.0,0.0
BitRate blocking probability per pair and bitRate,4,100.0Gbps,3,24, ,0.0,0.0,0.0,0.0,0.0
BitRate blocking probability per pair and bitRate,4,100.0Gbps,18,1, ,0.0,0.0,0.0,0.0,0.0
BitRate blocking probability per pair and bitRate,4,100.0Gbps,10,2, ,0.0,0.0,0.0,0.0,0.0
BitRate blocking probability per pair and bitRate,4,100.0Gbps,15,16, ,0.0,0.0,0.0,0.0,0.0
BitRate blocking probability per pair and bitRate,4,100.0Gbps,20,17, ,0.0,0.0,0.0,0.0,0.0
BitRate blocking probability per pair and bitRate,4,100.0Gbps,5,13, ,0.0,0.0,0.0,0.0,0.0
BitRate blocking probability per pair and bitRate,4,100.0Gbps,24,15, ,0.0,0.0,0.0,0.0,0.0
BitRate blocking probability per pair and bitRate,4,100.0Gbps,12,17, ,0.0,0.0,0.0,0.0,0.0
BitRate blocking probability per pair and bitRate,4,100.0Gbps,20,2, ,0.0,0.0,0.0,0.0,0.0
BitRate blocking probability per pair and bitRate,4,100.0Gbps,5,19, ,0.0,0.0,0.0,0.0,0.0
BitRate blocking probability per pair and bitRate,4,100.0Gbps,6,8, ,0.0,0.0,0.0,0.0,0.0
BitRate blocking probability per pair and bitRate,4,100.0Gbps,4,10, ,0.0,0.0,0.0,0.0,0.0
BitRate blocking probability per pair and bitRate,4,100.0Gbps,1,4, ,0.0,0.0,0.0,0.0,0.0
BitRate blocking probability per pair and bitRate,4,100.0Gbps,12,23, ,0.0,0.0,0.0,0.0,0.0
BitRate blocking probability per pair and bitRate,4,100.0Gbps,23,4, ,0.0,0.0,0.0,0.0,0.0
BitRate blocking probability per pair and bitRate,4,100.0Gbps,12,20, ,0.0,0.0,0.0,0.0,0.0
BitRate blocking probability per pair and bitRate,4,100.0Gbps,11,19, ,0.0,0.0,0.0,0.0,0.0
BitRate blocking probability per pair and bitRate,4,100.0Gbps,2,11, ,0.0,0.0,0.0,0.0,0.0
BitRate blocking probability per pair and bitRate,4,100.0Gbps,8,23, ,0.0,0.0,0.0,0.0,0.0
BitRate blocking probability per pair and bitRate,4,100.0Gbps,10,14, ,0.0,0.0,0.0,0.0,0.0
BitRate blocking probability per pair and bitRate,4,100.0Gbps,21,22, ,0.0,0.0,0.0,0.0,0.0
BitRate blocking probability per pair and bitRate,4,100.0Gbps,9,11, ,0.0,0.0,0.0,0.0,0.0
BitRate blocking probability per pair and bitRate,4,100.0Gbps,23,7, ,0.0,0.0,0.0,0.0,0.0
BitRate blocking probability per pair and bitRate,4,100.0Gbps,24,18, ,0.0,0.0,0.0,0.0,0.0
BitRate blocking probability per pair and bitRate,4,100.0Gbps,14,24, ,0.0,0.0,0.0,0.0,0.0
BitRate blocking probability per pair and bitRate,4,100.0Gbps,6,4, ,0.0,0.0,0.0,0.0,0.0
BitRate blocking probability per pair and bitRate,4,100.0Gbps,21,9, ,0.0,0.0,0.0,0.0,0.0
BitRate blocking probability per pair and bitRate,4,100.0Gbps,15,1, ,0.0,0.0,0.0,0.0,0.0
BitRate blocking probability per pair and bitRate,4,100.0Gbps,13,8, ,0.0,0.0,0.0,0.0,0.0
BitRate blocking probability per pair and bitRate,4,100.0Gbps,13,12, ,0.0,0.0,0.0,0.0,0.0
BitRate blocking probability per pair and bitRate,4,100.0Gbps,12,11, ,0.0,0.0,0.0,0.0,0.0
BitRate blocking probability per pair and bitRate,4,100.0Gbps,23,16, ,0.0,0.0,0.0,0.0,0.0
BitRate blocking probability per pair and bitRate,4,100.0Gbps,16,10, ,0.0,0.0,0.0,0.0,0.0
BitRate blocking probability per pair and bitRate,4,100.0Gbps,14,4, ,0.0,0.0,0.0,0.0,0.0
BitRate blocking probability per pair and bitRate,4,100.0Gbps,10,21, ,0.0,0.0,0.0,0.0,0.0
BitRate blocking probability per pair and bitRate,4,100.0Gbps,1,16, ,0.0,0.0,0.0,0.0,0.0
BitRate blocking probability per pair and bitRate,4,100.0Gbps,5,14, ,0.0,0.0,0.0,0.0,0.0
BitRate blocking probability per pair and bitRate,4,100.0Gbps,14,3, ,0.0,0.0,0.0,0.0,0.0
BitRate blocking probability per pair and bitRate,4,100.0Gbps,9,5, ,0.0,0.0,0.0,0.0,0.0
BitRate blocking probability per pair and bitRate,4,100.0Gbps,11,23, ,0.0,0.0,0.0,0.0,0.0
BitRate blocking probability per pair and bitRate,4,100.0Gbps,23,12, ,0.0,0.0,0.0,0.0,0.0
BitRate blocking probability per pair and bitRate,4,100.0Gbps,18,4, ,0.0,0.0,0.0,0.0,0.0
BitRate blocking probability per pair and bitRate,4,100.0Gbps,19,10, ,0.0,0.0,0.0,0.0,0.0
BitRate blocking probability per pair and bitRate,4,100.0Gbps,14,19, ,0.0,0.0,0.0,0.0,0.0
BitRate blocking probability per pair and bitRate,4,100.0Gbps,3,18, ,0.0,0.0,0.0,0.0,0.0
BitRate blocking probability per pair and bitRate,4,100.0Gbps,1,21, ,0.0,0.0,0.0,0.0,0.0
BitRate blocking probability per pair and bitRate,4,100.0Gbps,10,16, ,0.0,0.0,0.0,0.0,0.0
BitRate blocking probability per pair and bitRate,4,100.0Gbps,24,9, ,0.0,0.0,0.0,0.0,0.0
BitRate blocking probability per pair and bitRate,4,100.0Gbps,3,21, ,0.0,0.0,0.0,0.0,0.0
BitRate blocking probability per pair and bitRate,4,100.0Gbps,12,24, ,0.0,0.0,0.0,0.0,0.0
BitRate blocking probability per pair and bitRate,4,100.0Gbps,15,9, ,0.0,0.0,0.0,0.0,0.0
BitRate blocking probability per pair and bitRate,4,100.0Gbps,18,14, ,0.0,0.0,0.0,0.0,0.0
BitRate blocking probability per pair and bitRate,4,100.0Gbps,16,3, ,0.0,0.0,0.0,0.0,0.0
BitRate blocking probability per pair and bitRate,4,100.0Gbps,15,5, ,0.0,0.0,0.0,0.0,0.0
BitRate blocking probability per pair and bitRate,4,100.0Gbps,16,21, ,0.0,0.0,0.0,0.0,0.0
BitRate blocking probability per pair and bitRate,4,100.0Gbps,8,17, ,0.0,0.0,0.0,0.0,0.0
BitRate blocking probability per pair and bitRate,4,100.0Gbps,5,16, ,0.0,0.0,0.0,0.0,0.0
BitRate blocking probability per pair and bitRate,4,100.0Gbps,21,4, ,0.0,0.0,0.0,0.0,0.0
BitRate blocking probability per pair and bitRate,4,100.0Gbps,17,19, ,0.0,0.0,0.0,0.0,0.0
BitRate blocking probability per pair and bitRate,4,100.0Gbps,16,12, ,0.0,0.0,0.0,0.0,0.0
BitRate blocking probability per pair and bitRate,4,100.0Gbps,7,19, ,0.0,0.0,0.0,0.0,0.0
BitRate blocking probability per pair and bitRate,4,100.0Gbps,8,19, ,0.0,0.0,0.0,0.0,0.0
BitRate blocking probability per pair and bitRate,4,100.0Gbps,9,20, ,0.0,0.0,0.0,0.0,0.0
BitRate blocking probability per pair and bitRate,4,100.0Gbps,13,10, ,0.0,0.0,0.0,0.0,0.0
BitRate blocking probability per pair and bitRate,4,100.0Gbps,17,16, ,0.0,0.0,0.0,0.0,0.0
BitRate blocking probability per pair and bitRate,4,100.0Gbps,5,7, ,0.0,0.0,0.0,0.0,0.0
BitRate blocking probability per pair and bitRate,4,100.0Gbps,5,10, ,0.0,0.0,0.0,0.0,0.0
BitRate blocking probability per pair and bitRate,4,100.0Gbps,22,14, ,0.0,0.0,0.0,0.0,0.0
BitRate blocking probability per pair and bitRate,4,100.0Gbps,2,24, ,0.0,0.0,0.0,0.0,0.0
BitRate blocking probability per pair and bitRate,4,100.0Gbps,11,15, ,0.0,0.0,0.0,0.0,0.0
BitRate blocking probability per pair and bitRate,4,100.0Gbps,19,13, ,0.0,0.0,0.0,0.0,0.0
BitRate blocking probability per pair and bitRate,4,100.0Gbps,9,14, ,0.0,0.0,0.0,0.0,0.0
BitRate blocking probability per pair and bitRate,4,100.0Gbps,13,20, ,0.0,0.0,0.0,0.0,0.0
BitRate blocking probability per pair and bitRate,4,100.0Gbps,20,15, ,0.0,0.0,0.0,0.0,0.0
BitRate blocking probability per pair and bitRate,4,100.0Gbps,1,9, ,0.0,0.0,0.0,0.0,0.0
BitRate blocking probability per pair and bitRate,4,100.0Gbps,4,16, ,0.0,0.0,0.0,0.0,0.0
BitRate blocking probability per pair and bitRate,4,100.0Gbps,21,20, ,0.0,0.0,0.0,0.0,0.0
BitRate blocking probability per pair and bitRate,4,100.0Gbps,6,18, ,0.0,0.0,0.0,0.0,0.0
BitRate blocking probability per pair and bitRate,4,100.0Gbps,3,20, ,0.0,0.0,0.0,0.0,0.0
BitRate blocking probability per pair and bitRate,4,100.0Gbps,21,10, ,0.0,0.0,0.0,0.0,0.0
BitRate blocking probability per pair and bitRate,4,100.0Gbps,2,19, ,0.0,0.0,0.0,0.0,0.0
BitRate blocking probability per pair and bitRate,4,100.0Gbps,7,17, ,0.0,0.0,0.0,0.0,0.0
BitRate blocking probability per pair and bitRate,4,100.0Gbps,14,5, ,0.0,0.0,0.0,0.0,0.0
BitRate blocking probability per pair and bitRate,4,100.0Gbps,7,13, ,0.0,0.0,0.0,0.0,0.0
BitRate blocking probability per pair and bitRate,4,100.0Gbps,5,15, ,0.0,0.0,0.0,0.0,0.0
BitRate blocking probability per pair and bitRate,4,100.0Gbps,18,8, ,0.0,0.0,0.0,0.0,0.0
BitRate blocking probability per pair and bitRate,4,100.0Gbps,19,17, ,0.0,0.0,0.0,0.0,0.0
BitRate blocking probability per pair and bitRate,4,100.0Gbps,19,21, ,0.0,0.0,0.0,0.0,0.0
BitRate blocking probability per pair and bitRate,4,100.0Gbps,19,3, ,0.0,0.0,0.0,0.0,0.0
BitRate blocking probability per pair and bitRate,4,100.0Gbps,13,19, ,0.0,0.0,0.0,0.0,0.0
BitRate blocking probability per pair and bitRate,4,100.0Gbps,12,18, ,0.0,0.0,0.0,0.0,0.0
BitRate blocking probability per pair and bitRate,4,100.0Gbps,13,3, ,0.0,0.0,0.0,0.0,0.0
BitRate blocking probability per pair and bitRate,4,100.0Gbps,7,18, ,0.0,0.0,0.0,0.0,0.0
BitRate blocking probability per pair and bitRate,4,100.0Gbps,17,12, ,0.0,0.0,0.0,0.0,0.0
BitRate blocking probability per pair and bitRate,4,100.0Gbps,13,9, ,0.0,0.0,0.0,0.0,0.0
BitRate blocking probability per pair and bitRate,4,100.0Gbps,6,22, ,0.0021915344653519694,0.0,0.0,0.0,0.0
BitRate blocking probability per pair and bitRate,4,100.0Gbps,1,15, ,0.0,0.0,0.0,0.0,0.0
BitRate blocking probability per pair and bitRate,4,100.0Gbps,3,19, ,0.0,0.0,0.0,0.0,0.0
BitRate blocking probability per pair and bitRate,4,100.0Gbps,12,4, ,0.0,0.0,0.0,0.0,0.0
BitRate blocking probability per pair and bitRate,4,100.0Gbps,16,24, ,0.0,0.0,0.0,0.0,0.0
BitRate blocking probability per pair and bitRate,4,100.0Gbps,6,10, ,0.0,0.0,0.0,0.0,0.0
BitRate blocking probability per pair and bitRate,4,100.0Gbps,2,18, ,0.0,0.0,0.0,0.0,0.0
BitRate blocking probability per pair and bitRate,4,100.0Gbps,18,21, ,0.0,0.0,0.0,0.0,0.0
BitRate blocking probability per pair and bitRate,4,100.0Gbps,18,3, ,0.0,0.0,0.0,0.0,0.0
BitRate blocking probability per pair and bitRate,4,100.0Gbps,15,18, ,0.0,0.0,0.0,0.0,0.0
BitRate blocking probability per pair and bitRate,4,100.0Gbps,4,14, ,0.0,0.0,0.0,0.0,0.0
BitRate blocking probability per pair and bitRate,4,100.0Gbps,7,20, ,0.0,0.0,0.0,0.0,0.0
BitRate blocking probability per pair and bitRate,4,100.0Gbps,13,15, ,0.0,0.0,0.0,0.0,0.0
BitRate blocking probability per pair and bitRate,4,100.0Gbps,13,21, ,0.0,0.0,0.0,0.0,0.0
BitRate blocking probability per pair and bitRate,4,100.0Gbps,15,14, ,0.0,0.0,0.0,0.0,0.0
BitRate blocking probability per pair and bitRate,4,100.0Gbps,3,15, ,0.0,0.0,0.0,0.0,0.0
BitRate blocking probability per pair and bitRate,4,100.0Gbps,18,5, ,0.0,0.0,0.0,0.0,0.0
BitRate blocking probability per pair and bitRate,4,100.0Gbps,12,1, ,0.0,0.0,0.0,0.0,0.0
BitRate blocking probability per pair and bitRate,4,100.0Gbps,6,7, ,0.0,0.0,0.0,0.0,0.0
BitRate blocking probability per pair and bitRate,4,100.0Gbps,24,3, ,0.0,0.0,0.0,0.0,0.0
BitRate blocking probability per pair and bitRate,4,100.0Gbps,19,5, ,0.0,0.0,0.0,0.0,0.0
BitRate blocking probability per pair and bitRate,4,100.0Gbps,20,19, ,0.0,0.0,0.0,0.0,0.0
BitRate blocking probability per pair and bitRate,4,100.0Gbps,5,17, ,0.0,0.0,0.0,0.0,0.0
BitRate blocking probability per pair and bitRate,4,100.0Gbps,20,12, ,0.0,0.0,0.0,0.0,0.0
BitRate blocking probability per pair and bitRate,4,100.0Gbps,4,22, ,0.0,0.0,0.0,0.0,0.0
BitRate blocking probability per pair and bitRate,4,100.0Gbps,7,8, ,0.0,0.0,0.0,0.0,0.0
BitRate blocking probability per pair and bitRate,4,100.0Gbps,14,1, ,0.0,0.0,0.0,0.0,0.0
BitRate blocking probability per pair and bitRate,4,100.0Gbps,20,21, ,0.0,0.0,0.0,0.0,0.0
BitRate blocking probability per pair and bitRate,4,100.0Gbps,1,6, ,0.0,0.0,0.0,0.0,0.0
BitRate blocking probability per pair and bitRate,4,100.0Gbps,13,2, ,0.0,0.0,0.0,0.0,0.0
BitRate blocking probability per pair and bitRate,4,100.0Gbps,14,20, ,0.0,0.0,0.0,0.0,0.0
BitRate blocking probability per pair and bitRate,4,100.0Gbps,16,20, ,0.0,0.0,0.0,0.0,0.0
BitRate blocking probability per pair and bitRate,4,100.0Gbps,18,15, ,0.0,0.0,0.0,0.0,0.0
BitRate blocking probability per pair and bitRate,4,100.0Gbps,6,2, ,0.0,0.0,0.0,0.0,0.0
BitRate blocking probability per pair and bitRate,4,100.0Gbps,9,15, ,0.0,0.0,0.0,0.0,0.0
BitRate blocking probability per pair and bitRate,4,100.0Gbps,15,17, ,0.0,0.0,0.0,0.0,0.0
BitRate blocking probability per pair and bitRate,4,100.0Gbps,18,2, ,0.0,0.0,0.0,0.0,0.0
BitRate blocking probability per pair and bitRate,4,100.0Gbps,15,24, ,0.0,0.0,0.0,0.0,0.0
BitRate blocking probability per pair and bitRate,4,100.0Gbps,7,10, ,0.0,0.0,0.0,0.0,0.0
BitRate blocking probability per pair and bitRate,4,100.0Gbps,14,21, ,0.0,0.0,0.0,0.0,0.0
BitRate blocking probability per pair and bitRate,4,100.0Gbps,23,15, ,0.0,0.0,0.0,0.0,0.0
BitRate blocking probability per pair and bitRate,4,100.0Gbps,11,1, ,0.0,0.0,0.0,0.0,0.0
BitRate blocking probability per pair and bitRate,4,100.0Gbps,19,20, ,0.0,0.0,0.0,0.0,0.0
BitRate blocking probability per pair and bitRate,4,100.0Gbps,1,8, ,0.0,0.0,0.0,0.0,0.0
BitRate blocking probability per pair and bitRate,4,100.0Gbps,16,1, ,0.0,0.0,0.0,0.0,0.0
BitRate blocking probability per pair and bitRate,4,100.0Gbps,24,5, ,0.0,0.0,0.0,0.0,0.0
BitRate blocking probability per pair and bitRate,4,100.0Gbps,2,4, ,0.0,0.0,0.0,0.0,0.0
BitRate blocking probability per pair and bitRate,4,100.0Gbps,10,5, ,0.0,0.0,0.0,0.0,0.0
BitRate blocking probability per pair and bitRate,4,100.0Gbps,21,7, ,0.0,0.0,0.0,0.0,0.0
BitRate blocking probability per pair and bitRate,4,100.0Gbps,23,11, ,0.0,0.0,0.0,0.0,0.0
BitRate blocking probability per pair and bitRate,4,100.0Gbps,19,6, ,0.0,0.0,0.0,0.0,0.0
BitRate blocking probability per pair and bitRate,4,100.0Gbps,10,17, ,0.0,0.0,0.0,0.0,0.0
BitRate blocking probability per pair and bitRate,4,100.0Gbps,3,8, ,0.0,0.0,0.0,0.0,0.0
BitRate blocking probability per pair and bitRate,4,100.0Gbps,3,23, ,0.0,0.0,0.0,0.0,0.0
BitRate blocking probability per pair and bitRate,4,100.0Gbps,17,9, ,0.0,0.0,0.0,0.0,0.0
BitRate blocking probability per pair and bitRate,4,100.0Gbps,9,18, ,0.0,0.0,0.0,0.0,0.0
BitRate blocking probability per pair and bitRate,4,100.0Gbps,1,3, ,0.0,0.0,0.0,0.0,0.0
BitRate blocking probability per pair and bitRate,4,100.0Gbps,10,20, ,0.0,0.0,0.0,0.0,0.0
BitRate blocking probability per pair and bitRate,4,100.0Gbps,21,6, ,0.0,0.0,0.0,0.0,0.0
BitRate blocking probability per pair and bitRate,4,100.0Gbps,8,5, ,0.0,0.0,0.0,0.0,0.0
BitRate blocking probability per pair and bitRate,4,100.0Gbps,9,8, ,0.0,0.0,0.0,0.0,0.0
BitRate blocking probability per pair and bitRate,4,100.0Gbps,24,4, ,0.0,0.0,0.0,0.0,0.0
BitRate blocking probability per pair and bitRate,4,100.0Gbps,1,12, ,0.0,0.0,0.0,0.0,0.0
BitRate blocking probability per pair and bitRate,4,100.0Gbps,11,5, ,0.0,0.0,0.0,0.0,0.0
BitRate blocking probability per pair and bitRate,4,100.0Gbps,22,7, ,0.0,0.0,0.0,0.0,0.0
BitRate blocking probability per pair and bitRate,4,100.0Gbps,22,8, ,0.0,0.0,0.0,0.0,0.0
BitRate blocking probability per pair and bitRate,4,100.0Gbps,20,22, ,0.0,0.0,0.0,0.0,0.0
BitRate blocking probability per pair and bitRate,4,100.0Gbps,13,24, ,0.0,0.0,0.0,0.0,0.0
BitRate blocking probability per pair and bitRate,4,100.0Gbps,1,7, ,0.0,0.0,0.0,0.0,0.0
BitRate blocking probability per pair and bitRate,4,100.0Gbps,17,20, ,0.0,0.0,0.0,0.0,0.0
BitRate blocking probability per pair and bitRate,4,100.0Gbps,16,18, ,0.0,0.0,0.0,0.0,0.0
BitRate blocking probability per pair and bitRate,4,100.0Gbps,16,8, ,0.0,0.0,0.0,0.0,0.0
BitRate blocking probability per pair and bitRate,4,100.0Gbps,12,15, ,0.0,0.0,0.0,0.0,0.0
BitRate blocking probability per pair and bitRate,4,100.0Gbps,17,5, ,0.0,0.0,0.0,0.0,0.0
BitRate blocking probability per pair and bitRate,4,100.0Gbps,23,14, ,0.0,0.0,0.0,0.0,0.0
BitRate blocking probability per pair and bitRate,4,100.0Gbps,1,19, ,0.0,0.0,0.0,0.0,0.0
BitRate blocking probability per pair and bitRate,4,100.0Gbps,17,7, ,0.0,0.0,0.0,0.0,0.0
BitRate blocking probability per pair and bitRate,4,100.0Gbps,18,9, ,0.0,0.0,0.0,0.0,0.0
BitRate blocking probability per pair and bitRate,4,100.0Gbps,18,23, ,0.0,0.0,0.0,0.0,0.0
BitRate blocking probability per pair and bitRate,4,100.0Gbps,13,22, ,0.0,0.0,0.0,0.0,0.0
BitRate blocking probability per pair and bitRate,4,100.0Gbps,7,6, ,0.0,0.0,0.0,0.0,0.0
BitRate blocking probability per pair and bitRate,4,100.0Gbps,9,23, ,0.0,0.0,0.0,0.0,0.0
BitRate blocking probability per pair and bitRate,4,100.0Gbps,13,6, ,0.0,0.0,0.0,0.0,0.0
BitRate blocking probability per pair and bitRate,4,100.0Gbps,15,8, ,0.0,0.0,0.0,0.0,0.0
BitRate blocking probability per pair and bitRate,4,100.0Gbps,13,14, ,0.0,0.0,0.0,0.0,0.0
BitRate blocking probability per pair and bitRate,4,100.0Gbps,20,3, ,0.0,0.0,0.0,0.0,0.0
BitRate blocking probability per pair and bitRate,4,100.0Gbps,21,16, ,0.0,0.0,0.0,0.0,0.0
BitRate blocking probability per pair and bitRate,4,100.0Gbps,3,16, ,0.0,0.0,0.0,0.0,0.0
BitRate blocking probability per pair and bitRate,4,100.0Gbps,22,13, ,0.0,0.0,0.0,0.0,0.0
BitRate blocking probability per pair and bitRate,4,100.0Gbps,3,14, ,0.0,0.0,0.0,0.0,0.0
BitRate blocking probability per pair and bitRate,4,100.0Gbps,3,7, ,0.0,0.0,0.0,0.0,0.0
BitRate blocking probability per pair and bitRate,4,100.0Gbps,10,22, ,0.0,0.0,0.0,0.0,0.0
BitRate blocking probability per pair and bitRate,4,100.0Gbps,8,10, ,0.0,0.0,0.0,0.0,0.0
BitRate blocking probability per pair and bitRate,4,100.0Gbps,22,6, ,0.0,0.0,0.0,0.0,0.0
BitRate blocking probability per pair and bitRate,4,100.0Gbps,5,2, ,0.0,0.0,0.0,0.0,0.0
BitRate blocking probability per pair and bitRate,4,100.0Gbps,13,5, ,0.0,0.0,0.0,0.0,0.0
BitRate blocking probability per pair and bitRate,4,100.0Gbps,23,8, ,0.0,0.0,0.0,0.0,0.0
BitRate blocking probability per pair and bitRate,4,100.0Gbps,13,11, ,0.0,0.0,0.0,0.0,0.0
BitRate blocking probability per pair and bitRate,4,100.0Gbps,13,7, ,0.0,0.0,0.0,0.0,0.0
BitRate blocking probability per pair and bitRate,4,100.0Gbps,3,13, ,0.0,0.0,0.0,0.0,0.0
BitRate blocking probability per pair and bitRate,4,100.0Gbps,10,12, ,0.0,0.0,0.0,0.0,0.0
BitRate blocking probability per pair and bitRate,4,100.0Gbps,24,11, ,0.0,0.0,0.0,0.0,0.0
BitRate blocking probability per pair and bitRate,4,100.0Gbps,9,7, ,0.0,0.0,0.0,0.0,0.0
BitRate blocking probability per pair and bitRate,4,100.0Gbps,24,12, ,0.0,0.0,0.0,0.0,0.0
BitRate blocking probability per pair and bitRate,4,100.0Gbps,15,3, ,0.0,0.0,0.0,0.0,0.0
BitRate blocking probability per pair and bitRate,4,100.0Gbps,22,11, ,0.0,0.0,0.0,0.0,0.0
BitRate blocking probability per pair and bitRate,4,100.0Gbps,18,19, ,0.0,0.0,0.0,0.0,0.0
BitRate blocking probability per pair and bitRate,4,100.0Gbps,16,7, ,0.0,0.0,0.0,0.0,0.0
BitRate blocking probability per pair and bitRate,4,100.0Gbps,5,24, ,0.0,0.0,0.0,0.0,0.0
BitRate blocking probability per pair and bitRate,4,100.0Gbps,10,19, ,0.0,0.0,0.0,0.0,0.0
BitRate blocking probability per pair and bitRate,4,100.0Gbps,23,13, ,0.0,0.0,0.0,0.0,0.0
BitRate blocking probability per pair and bitRate,4,100.0Gbps,12,3, ,0.0,0.0,0.0,0.0,0.0
BitRate blocking probability per pair and bitRate,4,100.0Gbps,9,10, ,0.0,0.0,0.0,0.0,0.0
BitRate blocking probability per pair and bitRate,4,100.0Gbps,4,18, ,0.0,0.0,0.0,0.0,0.0
BitRate blocking probability per pair and bitRate,4,100.0Gbps,4,19, ,0.0,0.0,0.0,0.0,0.0
BitRate blocking probability per pair and bitRate,4,100.0Gbps,17,15, ,0.0,0.0,0.0,0.0,0.0
BitRate blocking probability per pair and bitRate,4,100.0Gbps,2,22, ,0.0,0.0,0.0,0.0,0.0
BitRate blocking probability per pair and bitRate,4,100.0Gbps,11,17, ,0.0,0.0,0.0,0.0,0.0
BitRate blocking probability per pair and bitRate,4,100.0Gbps,18,13, ,0.0,0.0,0.0,0.0,0.0
BitRate blocking probability per pair and bitRate,4,100.0Gbps,24,10, ,0.0,0.0,0.0,0.0,0.0
BitRate blocking probability per pair and bitRate,4,100.0Gbps,11,13, ,0.0,0.0,0.0,0.0,0.0
BitRate blocking probability per pair and bitRate,4,100.0Gbps,12,22, ,0.0,0.0,0.0,0.0,0.0
BitRate blocking probability per pair and bitRate,4,100.0Gbps,20,23, ,0.0,0.0,0.0,0.0,0.0
BitRate blocking probability per pair and bitRate,4,100.0Gbps,4,7, ,0.0,0.0,0.0,0.0,0.0
BitRate blocking probability per pair and bitRate,4,100.0Gbps,9,12, ,0.0,0.0,0.0,0.0,0.0
BitRate blocking probability per pair and bitRate,4,100.0Gbps,4,13, ,0.0,0.0,0.0,0.0,0.0
BitRate blocking probability per pair and bitRate,4,100.0Gbps,20,13, ,0.0,0.0,0.0,0.0,0.0
BitRate blocking probability per pair and bitRate,4,100.0Gbps,10,3, ,0.0,0.0,0.0,0.0,0.0
BitRate blocking probability per pair and bitRate,4,100.0Gbps,21,3, ,0.0,0.0,0.0,0.0,0.0
BitRate blocking probability per pair and bitRate,4,100.0Gbps,7,9, ,0.0,0.0,0.0,0.0,0.0
BitRate blocking probability per pair and bitRate,4,100.0Gbps,12,19, ,0.0,0.0,0.0,0.0,0.0
BitRate blocking probability per pair and bitRate,4,100.0Gbps,19,16, ,0.0,0.0,0.0,0.0,0.0
BitRate blocking probability per pair and bitRate,4,100.0Gbps,20,11, ,0.0,0.0,0.0,0.0,0.0
BitRate blocking probability per pair and bitRate,4,100.0Gbps,22,9, ,0.0,0.0,0.0,0.0,0.0
BitRate blocking probability per pair and bitRate,4,100.0Gbps,7,11, ,0.0,0.0,0.0,0.0,0.0
BitRate blocking probability per pair and bitRate,4,100.0Gbps,6,1, ,0.0,0.0,0.0,0.0,0.0
BitRate blocking probability per pair and bitRate,4,100.0Gbps,6,14, ,0.0,0.0,0.0,0.0,0.0
BitRate blocking probability per pair and bitRate,4,100.0Gbps,21,1, ,0.0,0.0,0.0,0.0,0.0
BitRate blocking probability per pair and bitRate,4,100.0Gbps,4,23, ,0.0,0.0,0.0,0.0,0.0
BitRate blocking probability per pair and bitRate,4,100.0Gbps,1,5, ,0.0,0.0,0.0,0.0,0.0
BitRate blocking probability per pair and bitRate,4,100.0Gbps,3,22, ,0.0,0.0,0.0,0.0,0.0
BitRate blocking probability per pair and bitRate,4,100.0Gbps,5,23, ,0.0,0.0,0.0,0.0,0.0
BitRate blocking probability per pair and bitRate,4,100.0Gbps,14,9, ,0.0,0.0,0.0,0.0,0.0
BitRate blocking probability per pair and bitRate,4,100.0Gbps,23,6, ,0.0,0.0,0.0,0.0,0.0
BitRate blocking probability per pair and bitRate,4,100.0Gbps,6,19, ,0.0,0.006895083666788379,0.018647027905682453,0.0,0.0
BitRate blocking probability per pair and bitRate,4,100.0Gbps,14,13, ,0.0,0.0,0.0,0.0,0.0
BitRate blocking probability per pair and bitRate,4,100.0Gbps,14,11, ,0.0,0.0,0.0,0.0,0.0
BitRate blocking probability per pair and bitRate,4,100.0Gbps,12,21, ,0.0,0.0,0.0,0.0,0.0
BitRate blocking probability per pair and bitRate,4,100.0Gbps,2,8, ,0.0,0.0,0.0,0.0,0.0
BitRate blocking probability per pair and bitRate,4,100.0Gbps,16,13, ,0.0,0.0,0.0,0.0,0.0
BitRate blocking probability per pair and bitRate,4,100.0Gbps,20,18, ,0.0,0.0,0.0,0.0,0.0
BitRate blocking probability per pair and bitRate,4,100.0Gbps,6,9, ,0.0,0.0,0.0,0.0,0.0
BitRate blocking probability per pair and bitRate,4,100.0Gbps,6,23, ,0.0,0.0,0.0,0.0,0.0
BitRate blocking probability per pair and bitRate,4,100.0Gbps,10,4, ,0.0,0.0,0.0,0.0,0.0
BitRate blocking probability per pair and bitRate,4,100.0Gbps,17,23, ,0.0,0.0,0.0,0.0,0.0
BitRate blocking probability per pair and bitRate,4,100.0Gbps,17,18, ,0.0,0.0,0.0,0.0,0.0
BitRate blocking probability per pair and bitRate,4,100.0Gbps,14,12, ,0.0,0.0,0.0,0.0,0.0
BitRate blocking probability per pair and bitRate,4,100.0Gbps,14,17, ,0.0,0.0,0.0,0.0,0.0
BitRate blocking probability per pair and bitRate,4,100.0Gbps,19,7, ,0.0,0.0,0.0,0.0,0.0
BitRate blocking probability per pair and bitRate,4,100.0Gbps,7,24, ,0.0,0.0,0.0,0.0,0.0
BitRate blocking probability per pair and bitRate,4,100.0Gbps,11,18, ,0.0,0.0,0.0,0.0,0.0
BitRate blocking probability per pair and bitRate,4,100.0Gbps,11,10, ,0.0,0.0,0.0,0.0,0.0
BitRate blocking probability per pair and bitRate,4,100.0Gbps,14,22, ,0.0,0.0,0.0,0.0,0.0
BitRate blocking probability per pair and bitRate,4,100.0Gbps,4,9, ,0.0,0.0,0.0,0.0,0.0
BitRate blocking probability per pair and bitRate,4,100.0Gbps,22,21, ,0.0,0.0,0.0,0.0,0.0
BitRate blocking probability per pair and bitRate,4,100.0Gbps,22,24, ,0.0,0.0,0.0,0.0,0.0
BitRate blocking probability per pair and bitRate,4,100.0Gbps,8,15, ,0.0,0.0,0.0,0.0,0.0
BitRate blocking probability per pair and bitRate,4,100.0Gbps,12,5, ,0.0,0.0,0.0,0.0,0.0
BitRate blocking probability per pair and bitRate,4,100.0Gbps,7,23, ,0.0,0.0,0.0,0.0,0.0
BitRate blocking probability per pair and bitRate,4,100.0Gbps,24,14, ,0.0,0.0,0.0,0.0,0.0
BitRate blocking probability per pair and bitRate,4,100.0Gbps,1,2, ,0.0,0.0,0.0,0.0,0.0
BitRate blocking probability per pair and bitRate,4,100.0Gbps,15,22, ,0.0,0.0,0.0,0.0,0.0
BitRate blocking probability per pair and bitRate,4,100.0Gbps,19,14, ,0.0,0.0,0.0,0.0,0.0
BitRate blocking probability per pair and bitRate,4,100.0Gbps,21,23, ,0.0,0.0,0.0,0.0,0.0
BitRate blocking probability per pair and bitRate,4,100.0Gbps,8,1, ,0.0,0.0,0.0,0.0,0.0
BitRate blocking probability per pair and bitRate,4,100.0Gbps,18,10, ,0.0,0.0,0.0,0.0,0.0
BitRate blocking probability per pair and bitRate,4,100.0Gbps,17,3, ,0.0,0.0,0.0,0.0,0.0
BitRate blocking probability per pair and bitRate,4,100.0Gbps,5,9, ,0.0,0.0,0.0,0.0,0.0
BitRate blocking probability per pair and bitRate,4,100.0Gbps,19,8, ,0.0,0.0,0.0,0.0,0.0
BitRate blocking probability per pair and bitRate,4,100.0Gbps,4,21, ,0.0,0.0,0.0,0.0,0.0
BitRate blocking probability per pair and bitRate,4,100.0Gbps,8,16, ,0.0,0.0,0.0,0.0,0.0
BitRate blocking probability per pair and bitRate,4,100.0Gbps,5,12, ,0.0,0.0,0.0,0.0,0.0
BitRate blocking probability per pair and bitRate,4,100.0Gbps,6,16, ,0.0,0.0,0.0,0.0,0.0
BitRate blocking probability per pair and bitRate,4,100.0Gbps,20,10, ,0.0,0.0,0.0,0.0,0.0
BitRate blocking probability per pair and bitRate,4,100.0Gbps,2,15, ,0.0,0.0,0.0,0.0,0.0
BitRate blocking probability per pair and bitRate,4,100.0Gbps,20,6, ,0.0,0.0,0.0,0.0,0.0
BitRate blocking probability per pair and bitRate,4,100.0Gbps,21,13, ,0.0,0.0,0.0,0.0,0.0
BitRate blocking probability per pair and bitRate,4,100.0Gbps,6,21, ,0.0,0.0,0.0,0.0,0.0
BitRate blocking probability per pair and bitRate,4,100.0Gbps,18,16, ,0.0,0.0,0.0,0.0,0.0
BitRate blocking probability per pair and bitRate,4,100.0Gbps,5,21, ,0.0,0.0,0.0,0.0,0.0
BitRate blocking probability per pair and bitRate,4,100.0Gbps,15,11, ,0.0,0.0,0.0,0.0,0.0
BitRate blocking probability per pair and bitRate,4,100.0Gbps,8,12, ,0.0,0.0,0.0,0.0,0.0
BitRate blocking probability per pair and bitRate,4,100.0Gbps,19,1, ,0.0,0.0,0.0,0.0,0.0
BitRate blocking probability per pair and bitRate,4,100.0Gbps,21,14, ,0.0,0.0,0.0,0.0,0.0
BitRate blocking probability per pair and bitRate,4,100.0Gbps,2,13, ,0.0,0.0,0.0,0.0,0.0
BitRate blocking probability per pair and bitRate,4,100.0Gbps,17,6, ,0.0,0.0,0.0,0.0,0.0
BitRate blocking probability per pair and bitRate,4,100.0Gbps,24,1, ,0.0,0.0,0.0,0.0,0.0
BitRate blocking probability per pair and bitRate,4,100.0Gbps,8,3, ,0.0,0.0,0.0,0.0,0.0
BitRate blocking probability per pair and bitRate,4,100.0Gbps,1,22, ,0.0,0.0,0.0,0.0,0.0
BitRate blocking probability per pair and bitRate,4,100.0Gbps,23,3, ,0.0,0.0,0.0,0.0,0.0
BitRate blocking probability per pair and bitRate,4,100.0Gbps,2,1, ,0.0,0.0,0.0,0.0,0.0
BitRate blocking probability per pair and bitRate,4,100.0Gbps,15,23, ,0.0,0.0,0.0,0.0,0.0
BitRate blocking probability per pair and bitRate,4,100.0Gbps,19,15, ,0.0,0.0,0.0,0.0,0.0
BitRate blocking probability per pair and bitRate,4,100.0Gbps,2,23, ,0.0,0.0,0.0,0.0,0.0
BitRate blocking probability per pair and bitRate,4,100.0Gbps,13,17, ,0.0,0.0,0.0,0.0,0.0
BitRate blocking probability per pair and bitRate,4,100.0Gbps,1,10, ,0.0,0.0,0.0,0.0,0.0
BitRate blocking probability per pair and bitRate,4,100.0Gbps,5,22, ,0.0,0.0,0.0,0.0,0.0
BitRate blocking probability per pair and bitRate,4,100.0Gbps,18,24, ,0.0,0.0,0.0,0.0,0.0
BitRate blocking probability per pair and bitRate,4,100.0Gbps,19,23, ,0.0,0.0,0.0,0.0,0.0
BitRate blocking probability per pair and bitRate,4,100.0Gbps,20,8, ,0.0,0.0,0.0,0.0,0.0
BitRate blocking probability per pair and bitRate,4,100.0Gbps,10,6, ,0.0,0.0,0.0,0.0,0.0
BitRate blocking probability per pair and bitRate,4,100.0Gbps,2,6, ,0.0,0.0,0.0,0.0,0.0
BitRate blocking probability per pair and bitRate,4,100.0Gbps,16,14, ,0.0,0.0,0.0,0.0,0.0
BitRate blocking probability per pair and bitRate,4,100.0Gbps,24,19, ,0.0,0.0,0.0,0.0,0.0
BitRate blocking probability per pair and bitRate,4,100.0Gbps,23,19, ,0.0,0.0,0.0,0.0,0.0
BitRate blocking probability per pair and bitRate,4,100.0Gbps,12,2, ,0.0,0.0,0.0,0.0,0.0
BitRate blocking probability per pair and bitRate,4,100.0Gbps,23,1, ,0.0,0.0,0.0,0.0,0.0
BitRate blocking probability per pair and bitRate,4,100.0Gbps,15,7, ,0.0,0.0,0.0,0.0,0.0
BitRate blocking probability per pair and bitRate,4,100.0Gbps,22,12, ,0.0,0.0,0.0,0.0,0.0
BitRate blocking probability per pair and bitRate,4,100.0Gbps,3,6, ,0.0,0.0,0.0,0.0,0.0
BitRate blocking probability per pair and bitRate,4,100.0Gbps,4,2, ,0.0,0.0,0.0,0.0,0.0
BitRate blocking probability per pair and bitRate,4,100.0Gbps,13,1, ,0.0,0.0,0.0,0.0,0.0
BitRate blocking probability per pair and bitRate,4,100.0Gbps,6,5, ,0.0,0.0,0.0,0.0,0.0
BitRate blocking probability per pair and bitRate,4,100.0Gbps,16,22, ,0.0,0.0,0.0,0.0,0.0
BitRate blocking probability per pair and bitRate,4,100.0Gbps,7,5, ,0.0,0.0,0.0,0.0,0.0
BitRate blocking probability per pair and bitRate,4,100.0Gbps,6,24, ,0.0,0.0,0.0,0.0,0.0
BitRate blocking probability per pair and bitRate,4,100.0Gbps,18,17, ,0.0,0.0,0.0,0.0,0.0
BitRate blocking probability per pair and bitRate,4,100.0Gbps,22,3, ,0.0,0.0,0.0,0.0,0.0
BitRate blocking probability per pair and bitRate,4,100.0Gbps,13,4, ,0.0,0.0,0.0,0.0,0.0
BitRate blocking probability per pair and bitRate,4,100.0Gbps,16,5, ,0.0,0.0,0.0,0.0,0.0
BitRate blocking probability per pair and bitRate,4,100.0Gbps,18,11, ,0.0,0.0,0.0,0.0,0.0
BitRate blocking probability per pair and bitRate,4,100.0Gbps,6,11, ,0.0,0.0,0.0,0.0,0.0
BitRate blocking probability per pair and bitRate,4,100.0Gbps,17,13, ,0.0,0.0,0.0,0.0,0.0
BitRate blocking probability per pair and bitRate,4,100.0Gbps,7,3, ,0.0,0.0,0.0,0.0,0.0
BitRate blocking probability per pair and bitRate,4,100.0Gbps,22,23, ,0.0,0.0,0.0,0.0,0.0
BitRate blocking probability per pair and bitRate,4,100.0Gbps,10,13, ,0.0,0.0,0.0,0.0,0.0
BitRate blocking probability per pair and bitRate,4,100.0Gbps,14,7, ,0.0,0.0,0.0,0.0,0.0
BitRate blocking probability per pair and bitRate,4,100.0Gbps,20,16, ,0.0,0.0,0.0,0.0,0.0
BitRate blocking probability per pair and bitRate,4,100.0Gbps,14,8, ,0.0,0.0,0.0,0.0,0.0
BitRate blocking probability per pair and bitRate,4,100.0Gbps,7,4, ,0.0,0.0,0.0,0.0,0.0
BitRate blocking probability per pair and bitRate,4,100.0Gbps,8,14, ,0.0,0.0,0.0,0.0,0.0
BitRate blocking probability per pair and bitRate,4,100.0Gbps,3,12, ,0.0,0.0,0.0,0.0,0.0
BitRate blocking probability per pair and bitRate,4,100.0Gbps,7,2, ,0.0,0.0,0.0,0.0,0.0
BitRate blocking probability per pair and bitRate,4,100.0Gbps,10,11, ,0.0,0.0,0.0,0.0,0.0
BitRate blocking probability per pair and bitRate,4,100.0Gbps,11,14, ,0.0,0.0,0.0,0.0,0.0
BitRate blocking probability per pair and bitRate,4,100.0Gbps,20,24, ,0.0,0.0,0.0,0.0,0.0
BitRate blocking probability per pair and bitRate,4,100.0Gbps,20,4, ,0.0,0.0,0.0,0.0,0.0
BitRate blocking probability per pair and bitRate,4,100.0Gbps,23,2, ,0.0,0.0,0.0,0.0,0.0
BitRate blocking probability per pair and bitRate,4,100.0Gbps,22,2, ,0.0,0.0,0.0,0.0,0.0
BitRate blocking probability per pair and bitRate,4,100.0Gbps,22,19, ,0.0,0.0,0.0,0.0,0.0
BitRate blocking probability per pair and bitRate,4,100.0Gbps,24,23, ,0.0,0.0,0.0,0.0,0.0
BitRate blocking probability per pair and bitRate,4,100.0Gbps,6,17, ,0.0,0.02661748055626818,0.0,0.0,0.0
BitRate blocking probability per pair and bitRate,4,100.0Gbps,4,15, ,0.0,0.0,0.0,0.0,0.0
BitRate blocking probability per pair and bitRate,4,100.0Gbps,20,7, ,0.0,0.0,0.0,0.0,0.0
BitRate blocking probability per pair and bitRate,4,100.0Gbps,10,8, ,0.0,0.0,0.0,0.0,0.0
BitRate blocking probability per pair and bitRate,4,100.0Gbps,10,24, ,0.0,0.0,0.0,0.0,0.0
BitRate blocking probability per pair and bitRate,4,100.0Gbps,12,16, ,0.0,0.0,0.0,0.0,0.0
BitRate blocking probability per pair and bitRate,4,100.0Gbps,8,13, ,0.0,0.0,0.0,0.0,0.0
BitRate blocking probability per pair and bitRate,4,100.0Gbps,11,4, ,0.0,0.0,0.0,0.0,0.0
BitRate blocking probability per pair and bitRate,4,100.0Gbps,22,17, ,0.0,0.0,0.0,0.0,0.0
BitRate blocking probability per pair and bitRate,4,100.0Gbps,4,1, ,0.0,0.0,0.0,0.0,0.0
BitRate blocking probability per pair and bitRate,4,100.0Gbps,14,6, ,0.0,0.0,0.0,0.0,0.0
BitRate blocking probability per pair and bitRate,4,100.0Gbps,14,10, ,0.0,0.0,0.0,0.0,0.0
BitRate blocking probability per pair and bitRate,4,100.0Gbps,24,6, ,0.0,0.0,0.0,0.0,0.0
BitRate blocking probability per pair and bitRate,4,100.0Gbps,15,2, ,0.0,0.0,0.0,0.0,0.0
BitRate blocking probability per pair and bitRate,4,100.0Gbps,22,10, ,0.0,0.0,0.0,0.0,0.0
BitRate blocking probability per pair and bitRate,4,100.0Gbps,4,17, ,0.0,0.0,0.0,0.0,0.0
BitRate blocking probability per pair and bitRate,4,100.0Gbps,17,2, ,0.0,0.0,0.0,0.0,0.0
BitRate blocking probability per pair and bitRate,4,100.0Gbps,18,20, ,0.0,0.0,0.0,0.0,0.0
BitRate blocking probability per pair and bitRate,4,100.0Gbps,17,21, ,0.0,0.0,0.0,0.0,0.0
BitRate blocking probability per pair and bitRate,4,100.0Gbps,18,6, ,0.0,0.0,0.0,0.0,0.0
BitRate blocking probability per pair and bitRate,4,100.0Gbps,10,15, ,0.0,0.0,0.0,0.0,0.0
BitRate blocking probability per pair and bitRate,4,100.0Gbps,4,11, ,0.0,0.0,0.0,0.0,0.0
BitRate blocking probability per pair and bitRate,4,100.0Gbps,2,21, ,0.0,0.0,0.0,0.0,0.0
BitRate blocking probability per pair and bitRate,4,100.0Gbps,19,9, ,0.0,0.0,0.0,0.0,0.0
BitRate blocking probability per pair and bitRate,4,100.0Gbps,5,8, ,0.0,0.0,0.0,0.0,0.0
BitRate blocking probability per pair and bitRate,4,100.0Gbps,5,3, ,0.0,0.0,0.0,0.0,0.0
BitRate blocking probability per pair and bitRate,4,100.0Gbps,11,6, ,0.0,0.0,0.0,0.0,0.0
BitRate blocking probability per pair and bitRate,4,100.0Gbps,8,2, ,0.0,0.0,0.0,0.0,0.0
BitRate blocking probability per pair and bitRate,4,100.0Gbps,9,24, ,0.0,0.0,0.0,0.0,0.0
BitRate blocking probability per pair and bitRate,4,100.0Gbps,16,23, ,0.0,0.0,0.0,0.0,0.0
BitRate blocking probability per pair and bitRate,4,100.0Gbps,2,16, ,0.0,0.0,0.0,0.0,0.0
BitRate blocking probability per pair and bitRate,4,100.0Gbps,16,17, ,0.0,0.0,0.0,0.0,0.0
BitRate blocking probability per pair and bitRate,4,100.0Gbps,23,18, ,0.0,0.0,0.0,0.0,0.0
BitRate blocking probability per pair and bitRate,4,100.0Gbps,7,1, ,0.0,0.0,0.0,0.0,0.0
BitRate blocking probability per pair and bitRate,4,100.0Gbps,11,24, ,0.0,0.0,0.0,0.0,0.0
BitRate blocking probability per pair and bitRate,4,100.0Gbps,2,10, ,0.0,0.0,0.0,0.0,0.0
BitRate blocking probability per pair and bitRate,4,100.0Gbps,4,6, ,0.0,0.0,0.0,0.0,0.0
BitRate blocking probability per pair and bitRate,4,100.0Gbps,15,13, ,0.0,0.0,0.0,0.0,0.0
BitRate blocking probability per pair and bitRate,4,100.0Gbps,21,12, ,0.0,0.0,0.0,0.0,0.0
BitRate blocking probability per pair and bitRate,4,100.0Gbps,5,6, ,0.0,0.0,0.0,0.0,0.0
BitRate blocking probability per pair and bitRate,4,100.0Gbps,10,18, ,0.0,0.0,0.0,0.0,0.0
BitRate blocking probability per pair and bitRate,4,100.0Gbps,14,23, ,0.0,0.0,0.0,0.0,0.0
BitRate blocking probability per pair and bitRate,4,100.0Gbps,21,8, ,0.0,0.0,0.0,0.0,0.0
BitRate blocking probability per pair and bitRate,4,100.0Gbps,11,3, ,0.0,0.0,0.0,0.0,0.0
BitRate blocking probability per pair and bitRate,4,100.0Gbps,13,16, ,0.0,0.0,0.0,0.0,0.0
BitRate blocking probability per pair and bitRate,4,100.0Gbps,22,16, ,0.0,0.0,0.0,0.0,0.0
BitRate blocking probability per pair and bitRate,4,100.0Gbps,21,5, ,0.0,0.0,0.0,0.0,0.0
BitRate blocking probability per pair and bitRate,4,100.0Gbps,23,24, ,0.0,0.0,0.0,0.0,0.0
BitRate blocking probability per pair and bitRate,4,100.0Gbps,9,6, ,0.0,0.0,0.0,0.0,0.0
BitRate blocking probability per pair and bitRate,4,100.0Gbps,20,9, ,0.0,0.0,0.0,0.0,0.0
BitRate blocking probability per pair and bitRate,4,100.0Gbps,16,6, ,0.0,0.0,0.0,0.0,0.0
BitRate blocking probability per pair and bitRate,4,100.0Gbps,15,4, ,0.0,0.0,0.0,0.0,0.0
BitRate blocking probability per pair and bitRate,4,100.0Gbps,3,4, ,0.0,0.0,0.0,0.0,0.0
BitRate blocking probability per pair and bitRate,4,100.0Gbps,17,10, ,0.0,0.0,0.0,0.0,0.0
BitRate blocking probability per pair and bitRate,4,100.0Gbps,12,10, ,0.0,0.0,0.0,0.0,0.0
BitRate blocking probability per pair and bitRate,4,100.0Gbps,12,7, ,0.0,0.0,0.0,0.0,0.0
BitRate blocking probability per pair and bitRate,4,100.0Gbps,3,17, ,0.0,0.0,0.0,0.0,0.0
BitRate blocking probability per pair and bitRate,4,200.0Gbps,11,2, ,0.0,0.0,0.0,0.0,0.0
BitRate blocking probability per pair and bitRate,4,200.0Gbps,1,23, ,0.0,0.0,0.0,0.0,0.0
BitRate blocking probability per pair and bitRate,4,200.0Gbps,2,9, ,0.0,0.0,0.0,0.0,0.0
BitRate blocking probability per pair and bitRate,4,200.0Gbps,1,20, ,0.0,0.0,0.0,0.0,0.0
BitRate blocking probability per pair and bitRate,4,200.0Gbps,17,24, ,0.0,0.0,0.0,0.0,0.0
BitRate blocking probability per pair and bitRate,4,200.0Gbps,21,15, ,0.0,0.0,0.0,0.0,0.0
BitRate blocking probability per pair and bitRate,4,200.0Gbps,19,11, ,0.0,0.0,0.0,0.0,0.0
BitRate blocking probability per pair and bitRate,4,200.0Gbps,3,1, ,0.0,0.0,0.0,0.0,0.0
BitRate blocking probability per pair and bitRate,4,200.0Gbps,24,2, ,0.0,0.0,0.0,0.0,0.0
BitRate blocking probability per pair and bitRate,4,200.0Gbps,23,22, ,0.0,0.0,0.0,0.0,0.0
BitRate blocking probability per pair and bitRate,4,200.0Gbps,17,22, ,0.0,0.0,0.0,0.0,0.0
BitRate blocking probability per pair and bitRate,4,200.0Gbps,15,20, ,0.0,0.0,0.0,0.0,0.0
BitRate blocking probability per pair and bitRate,4,200.0Gbps,2,7, ,0.0,0.0,0.0,0.0,0.0
BitRate blocking probability per pair and bitRate,4,200.0Gbps,10,1, ,0.0,0.0,0.0,0.0,0.0
BitRate blocking probability per pair and bitRate,4,200.0Gbps,14,16, ,0.0,0.0,0.0,0.0,0.0
BitRate blocking probability per pair and bitRate,4,200.0Gbps,13,18, ,0.0,0.0,0.0,0.0,0.0
BitRate blocking probability per pair and bitRate,4,200.0Gbps,11,7, ,0.0,0.0,0.0,0.0,0.0
BitRate blocking probability per pair and bitRate,4,200.0Gbps,15,10, ,0.0,0.0,0.0,0.0,0.0
BitRate blocking probability per pair and bitRate,4,200.0Gbps,17,4, ,0.02282104662742536,0.037936506219039566,0.0,0.0,0.0340468587103333
BitRate blocking probability per pair and bitRate,4,200.0Gbps,15,19, ,0.0,0.0,0.0,0.0,0.0
BitRate blocking probability per pair and bitRate,4,200.0Gbps,9,22, ,0.0,0.0,0.0,0.0,0.0
BitRate blocking probability per pair and bitRate,4,200.0Gbps,9,19, ,0.0,0.0,0.0,0.0,0.0
BitRate blocking probability per pair and bitRate,4,200.0Gbps,24,7, ,0.0,0.0,0.0,0.0,0.0
BitRate blocking probability per pair and bitRate,4,200.0Gbps,1,18, ,0.0,0.0,0.0,0.0,0.0
BitRate blocking probability per pair and bitRate,4,200.0Gbps,19,4, ,0.0,0.0851595551471028,0.0,0.0,0.0
BitRate blocking probability per pair and bitRate,4,200.0Gbps,5,1, ,0.0,0.0,0.0,0.0,0.0
BitRate blocking probability per pair and bitRate,4,200.0Gbps,5,20, ,0.0,0.0,0.0,0.0,0.0
BitRate blocking probability per pair and bitRate,4,200.0Gbps,21,24, ,0.0,0.0,0.0,0.0,0.0
BitRate blocking probability per pair and bitRate,4,200.0Gbps,9,1, ,0.0,0.0,0.0,0.0,0.0
BitRate blocking probability per pair and bitRate,4,200.0Gbps,9,21, ,0.0,0.0,0.0,0.0,0.0
BitRate blocking probability per pair and bitRate,4,200.0Gbps,14,15, ,0.0,0.0,0.0,0.0,0.0
BitRate blocking probability per pair and bitRate,4,200.0Gbps,8,4, ,0.0,0.0,0.0,0.0,0.0
BitRate blocking probability per pair and bitRate,4,200.0Gbps,8,21, ,0.0,0.0,0.0,0.0,0.0
BitRate blocking probability per pair and bitRate,4,200.0Gbps,6,3, ,0.0,0.0,0.0,0.0,0.0
BitRate blocking probability per pair and bitRate,4,200.0Gbps,9,2, ,0.0,0.0,0.0,0.0,0.0
BitRate blocking probability per pair and bitRate,4,200.0Gbps,16,2, ,0.0,0.0,0.0,0.0,0.0
BitRate blocking probability per pair and bitRate,4,200.0Gbps,9,4, ,0.0,0.0,0.0,0.0,0.0
BitRate blocking probability per pair and bitRate,4,200.0Gbps,23,21, ,0.0,0.0,0.0,0.0,0.0
BitRate blocking probability per pair and bitRate,4,200.0Gbps,19,24, ,0.0,0.0,0.0,0.0,0.0
BitRate blocking probability per pair and bitRate,4,200.0Gbps,22,15, ,0.0,0.0,0.0,0.0,0.0
BitRate blocking probability per pair and bitRate,4,200.0Gbps,23,17, ,0.0,0.0,0.0,0.0,0.0
BitRate blocking probability per pair and bitRate,4,200.0Gbps,8,11, ,0.0,0.0,0.0,0.0,0.0
BitRate blocking probability per pair and bitRate,4,200.0Gbps,24,17, ,0.0,0.0,0.0,0.0,0.0
BitRate blocking probability per pair and bitRate,4,200.0Gbps,22,18, ,0.0,0.0,0.0,0.0,0.0
BitRate blocking probability per pair and bitRate,4,200.0Gbps,5,11, ,0.0,0.0,0.0,0.0,0.0
BitRate blocking probability per pair and bitRate,4,200.0Gbps,4,8, ,0.0,0.0,0.0,0.0,0.0
BitRate blocking probability per pair and bitRate,4,200.0Gbps,23,9, ,0.0,0.0,0.0,0.0,0.0
BitRate blocking probability per pair and bitRate,4,200.0Gbps,6,12, ,0.0,0.0,0.0,0.0,0.0
BitRate blocking probability per pair and bitRate,4,200.0Gbps,4,5, ,0.0,0.0,0.0,0.0,0.0
BitRate blocking probability per pair and bitRate,4,200.0Gbps,16,9, ,0.0,0.0,0.0,0.0,0.0
BitRate blocking probability per pair and bitRate,4,200.0Gbps,16,11, ,0.0,0.0,0.0,0.0,0.0
BitRate blocking probability per pair and bitRate,4,200.0Gbps,24,20, ,0.0,0.0,0.0,0.0,0.0
BitRate blocking probability per pair and bitRate,4,200.0Gbps,12,14, ,0.0,0.0,0.0,0.0,0.0
BitRate blocking probability per pair and bitRate,4,200.0Gbps,20,5, ,0.0,0.0,0.0,0.006897753814935762,0.0
BitRate blocking probability per pair and bitRate,4,200.0Gbps,11,12, ,0.0,0.0,0.0,0.0,0.0
BitRate blocking probability per pair and bitRate,4,200.0Gbps,7,14, ,0.0,0.0,0.0,0.0,0.0
BitRate blocking probability per pair and bitRate,4,200.0Gbps,10,23, ,0.0,0.0,0.0,0.0,0.0
BitRate blocking probability per pair and bitRate,4,200.0Gbps,22,20, ,0.0,0.0,0.0,0.0,0.0
BitRate blocking probability per pair and bitRate,4,200.0Gbps,17,11, ,0.0,0.0,0.0,0.0,0.0
BitRate blocking probability per pair and bitRate,4,200.0Gbps,3,10, ,0.0,0.0,0.0,0.0,0.0
BitRate blocking probability per pair and bitRate,4,200.0Gbps,17,14, ,0.0,0.0,0.0,0.0,0.0
BitRate blocking probability per pair and bitRate,4,200.0Gbps,10,7, ,0.0,0.0,0.0,0.0,0.0
BitRate blocking probability per pair and bitRate,4,200.0Gbps,3,2, ,0.0,0.0,0.0,0.0,0.0
BitRate blocking probability per pair and bitRate,4,200.0Gbps,3,5, ,0.0,0.0,0.0,0.0,0.0
BitRate blocking probability per pair and bitRate,4,200.0Gbps,22,1, ,0.0,0.0,0.0,0.0,0.0
BitRate blocking probability per pair and bitRate,4,200.0Gbps,1,14, ,0.0,0.0,0.0,0.0,0.0
BitRate blocking probability per pair and bitRate,4,200.0Gbps,24,8, ,0.0,0.0,0.0,0.0,0.0
BitRate blocking probability per pair and bitRate,4,200.0Gbps,11,21, ,0.0,0.0,0.0,0.0,0.0
BitRate blocking probability per pair and bitRate,4,200.0Gbps,20,14, ,0.0,0.0,0.0,0.0,0.0
BitRate blocking probability per pair and bitRate,4,200.0Gbps,8,6, ,0.0,0.0,0.0,0.0,0.0
BitRate blocking probability per pair and bitRate,4,200.0Gbps,21,11, ,0.0,0.0,0.0,0.0,0.0
BitRate blocking probability per pair and bitRate,4,200.0Gbps,11,8, ,0.0,0.0,0.0,0.0,0.0
BitRate blocking probability per pair and bitRate,4,200.0Gbps,21,19, ,0.0,0.0,0.0,0.0,0.0
BitRate blocking probability per pair and bitRate,4,200.0Gbps,17,1, ,0.0,0.0,0.0,0.0,0.0
BitRate blocking probability per pair and bitRate,4,200.0Gbps,11,22, ,0.0,0.0,0.0,0.0,0.0
BitRate blocking probability per pair and bitRate,4,200.0Gbps,24,21, ,0.0,0.0,0.0,0.0,0.0
BitRate blocking probability per pair and bitRate,4,200.0Gbps,19,22, ,0.0,0.0,0.0,0.0,0.0
BitRate blocking probability per pair and bitRate,4,200.0Gbps,7,12, ,0.0,0.0,0.0,0.0,0.0
BitRate blocking probability per pair and bitRate,4,200.0Gbps,7,22, ,0.0,0.0,0.0,0.0,0.0
BitRate blocking probability per pair and bitRate,4,200.0Gbps,23,5, ,0.0,0.0,0.0,0.0,0.0
BitRate blocking probability per pair and bitRate,4,200.0Gbps,21,17, ,0.0,0.0,0.0,0.0,0.0
BitRate blocking probability per pair and bitRate,4,200.0Gbps,1,11, ,0.0,0.0,0.0,0.0,0.0
BitRate blocking probability per pair and bitRate,4,200.0Gbps,18,12, ,0.0,0.0,0.0,0.0,0.0
BitRate blocking probability per pair and bitRate,4,200.0Gbps,23,10, ,0.0,0.0,0.0,0.0,0.0
BitRate blocking probability per pair and bitRate,4,200.0Gbps,18,7, ,0.0,0.0,0.0,0.0,0.0
BitRate blocking probability per pair and bitRate,4,200.0Gbps,24,22, ,0.0,0.0,0.0,0.0,0.0
BitRate blocking probability per pair and bitRate,4,200.0Gbps,21,2, ,0.0,0.0,0.0,0.0,0.0
BitRate blocking probability per pair and bitRate,4,200.0Gbps,16,4, ,0.0,0.0,0.0,0.0,0.0
BitRate blocking probability per pair and bitRate,4,200.0Gbps,10,9, ,0.0,0.0,0.0,0.0,0.0
BitRate blocking probability per pair and bitRate,4,200.0Gbps,22,5, ,0.0,0.0,0.0,0.0,0.0
BitRate blocking probability per pair and bitRate,4,200.0Gbps,9,17, ,0.0,0.0,0.0,0.0,0.0
BitRate blocking probability per pair and bitRate,4,200.0Gbps,8,20, ,0.0,0.0,0.0,0.0,0.0
BitRate blocking probability per pair and bitRate,4,200.0Gbps,1,24, ,0.0,0.0,0.0,0.0,0.0
BitRate blocking probability per pair and bitRate,4,200.0Gbps,2,14, ,0.0,0.0,0.0,0.0,0.0
BitRate blocking probability per pair and bitRate,4,200.0Gbps,5,18, ,0.0,0.0,0.0,0.0,0.0
BitRate blocking probability per pair and bitRate,4,200.0Gbps,8,9, ,0.0,0.0,0.0,0.0,0.0
BitRate blocking probability per pair and bitRate,4,200.0Gbps,9,13, ,0.0,0.0,0.0,0.0,0.0
BitRate blocking probability per pair and bitRate,4,200.0Gbps,24,13, ,0.0,0.0,0.0,0.0,0.0
BitRate blocking probability per pair and bitRate,4,200.0Gbps,2,17, ,0.0,0.0,0.0,0.0,0.0
BitRate blocking probability per pair and bitRate,4,200.0Gbps,20,1, ,0.0,0.0,0.0,0.0,0.0
BitRate blocking probability per pair and bitRate,4,200.0Gbps,19,2, ,0.0,0.0,0.0,0.0,0.0
BitRate blocking probability per pair and bitRate,4,200.0Gbps,4,3, ,0.0,0.0,0.0,0.0,0.0
BitRate blocking probability per pair and bitRate,4,200.0Gbps,22,4, ,0.035412190759563485,0.002153702553583414,0.06284507472820247,0.0,0.026630014926872017
BitRate blocking probability per pair and bitRate,4,200.0Gbps,5,4, ,0.0,0.0,0.0,0.0,0.0
BitRate blocking probability per pair and bitRate,4,200.0Gbps,16,19, ,0.0,0.0,0.0,0.0,0.0
BitRate blocking probability per pair and bitRate,4,200.0Gbps,12,6, ,0.0,0.0,0.0,0.0,0.0
BitRate blocking probability per pair and bitRate,4,200.0Gbps,17,8, ,0.0,0.0,0.0,0.0,0.0
BitRate blocking probability per pair and bitRate,4,200.0Gbps,12,9, ,0.0,0.0,0.0,0.0,0.0
BitRate blocking probability per pair and bitRate,4,200.0Gbps,11,20, ,0.0,0.0,0.0,0.0,0.0
BitRate blocking probability per pair and bitRate,4,200.0Gbps,15,12, ,0.0,0.0,0.0,0.0,0.0
BitRate blocking probability per pair and bitRate,4,200.0Gbps,9,16, ,0.0,0.0,0.0,0.0,0.0
BitRate blocking probability per pair and bitRate,4,200.0Gbps,7,15, ,0.0,0.0,0.0,0.0,0.0
BitRate blocking probability per pair and bitRate,4,200.0Gbps,6,13, ,0.0,0.0,0.0,0.0,0.0
BitRate blocking probability per pair and bitRate,4,200.0Gbps,19,18, ,0.0,0.0,0.0,0.0,0.0
BitRate blocking probability per pair and bitRate,4,200.0Gbps,3,9, ,0.0,0.0,0.0,0.0,0.0
BitRate blocking probability per pair and bitRate,4,200.0Gbps,21,18, ,0.0,0.0,0.0,0.0,0.0
BitRate blocking probability per pair and bitRate,4,200.0Gbps,1,17, ,0.0,0.0,0.0,0.0,0.0
BitRate blocking probability per pair and bitRate,4,200.0Gbps,8,24, ,0.0,0.0,0.0,0.0,0.0
BitRate blocking probability per pair and bitRate,4,200.0Gbps,7,16, ,0.0,0.0,0.0,0.0,0.0
BitRate blocking probability per pair and bitRate,4,200.0Gbps,15,21, ,0.0,0.0,0.0,0.0,0.0
BitRate blocking probability per pair and bitRate,4,200.0Gbps,18,22, ,0.0,0.0,0.0,0.0,0.0
BitRate blocking probability per pair and bitRate,4,200.0Gbps,14,2, ,0.0,0.0,0.0,0.0,0.0
BitRate blocking probability per pair and bitRate,4,200.0Gbps,2,12, ,0.0,0.0,0.0,0.0,0.0
BitRate blocking probability per pair and bitRate,4,200.0Gbps,12,8, ,0.0,0.0,0.0,0.0,0.0
BitRate blocking probability per pair and bitRate,4,200.0Gbps,1,13, ,0.0,0.0,0.0,0.0,0.0
BitRate blocking probability per pair and bitRate,4,200.0Gbps,8,18, ,0.0,0.0,0.0,0.0,0.0
BitRate blocking probability per pair and bitRate,4,200.0Gbps,15,6, ,0.0,0.0,0.0,0.0,0.0
BitRate blocking probability per pair and bitRate,4,200.0Gbps,6,20, ,0.0,0.0,0.04362886724508151,0.0,0.0
BitRate blocking probability per pair and bitRate,4,200.0Gbps,7,21, ,0.0,0.0,0.0,0.0,0.0
BitRate blocking probability per pair and bitRate,4,200.0Gbps,9,3, ,0.0,0.0,0.0,0.0,0.0
BitRate blocking probability per pair and bitRate,4,200.0Gbps,12,13, ,0.0,0.0,0.0,0.0,0.0
BitRate blocking probability per pair and bitRate,4,200.0Gbps,8,22, ,0.0,0.0,0.0,0.0,0.0
BitRate blocking probability per pair and bitRate,4,200.0Gbps,2,3, ,0.0,0.0,0.0,0.0,0.0
BitRate blocking probability per pair and bitRate,4,200.0Gbps,14,18, ,0.0,0.0,0.0,0.0,0.0
BitRate blocking probability per pair and bitRate,4,200.0Gbps,23,20, ,0.0,0.0,0.0,0.0,0.0
BitRate blocking probability per pair and bitRate,4,200.0Gbps,4,20, ,0.0,0.03804857977206569,0.03197417160088807,0.00257541342678285,0.03661512302265765
BitRate blocking probability per pair and bitRate,4,200.0Gbps,4,24, ,0.0,0.0,0.0,0.0,0.0
BitRate blocking probability per pair and bitRate,4,200.0Gbps,16,15, ,0.0,0.0,0.0,0.0,0.0
BitRate blocking probability per pair and bitRate,4,200.0Gbps,24,16, ,0.0,0.0,0.0,0.0,0.0
BitRate blocking probability per pair and bitRate,4,200.0Gbps,19,12, ,0.0,0.0,0.0,0.0,0.0
BitRate blocking probability per pair and bitRate,4,200.0Gbps,6,15, ,0.0,0.0,0.0,0.0,0.0
BitRate blocking probability per pair and bitRate,4,200.0Gbps,8,7, ,0.0,0.0,0.0,0.0,0.0
BitRate blocking probability per pair and bitRate,4,200.0Gbps,2,20, ,0.0,0.0,0.0,0.0,0.0
BitRate blocking probability per pair and bitRate,4,200.0Gbps,11,9, ,0.0,0.0,0.0,0.0,0.0
BitRate blocking probability per pair and bitRate,4,200.0Gbps,4,12, ,0.0,0.0,0.0,0.0,0.0
BitRate blocking probability per pair and bitRate,4,200.0Gbps,13,23, ,0.0,0.0,0.0,0.0,0.0
BitRate blocking probability per pair and bitRate,4,200.0Gbps,11,16, ,0.0,0.0,0.0,0.0,0.0
BitRate blocking probability per pair and bitRate,4,200.0Gbps,3,11, ,0.0,0.0,0.0,0.0,0.0
BitRate blocking probability per pair and bitRate,4,200.0Gbps,2,5, ,0.0,0.0,0.0,0.0,0.0
BitRate blocking probability per pair and bitRate,4,200.0Gbps,3,24, ,0.0,0.0,0.0,0.0,0.0
BitRate blocking probability per pair and bitRate,4,200.0Gbps,18,1, ,0.0,0.0,0.0,0.0,0.0
BitRate blocking probability per pair and bitRate,4,200.0Gbps,10,2, ,0.0,0.0,0.0,0.0,0.0
BitRate blocking probability per pair and bitRate,4,200.0Gbps,15,16, ,0.0,0.0,0.0,0.0,0.0
BitRate blocking probability per pair and bitRate,4,200.0Gbps,20,17, ,0.0,0.0,0.0,0.0,0.0
BitRate blocking probability per pair and bitRate,4,200.0Gbps,5,13, ,0.0,0.0,0.0,0.0,0.0
BitRate blocking probability per pair and bitRate,4,200.0Gbps,24,15, ,0.0,0.0,0.0,0.0,0.0
BitRate blocking probability per pair and bitRate,4,200.0Gbps,12,17, ,0.0,0.0,0.0,0.0,0.0
BitRate blocking probability per pair and bitRate,4,200.0Gbps,20,2, ,0.0,0.0,0.0,0.0,0.0
BitRate blocking probability per pair and bitRate,4,200.0Gbps,5,19, ,0.0,0.0,0.0,0.0,5.824884085595903E-4
BitRate blocking probability per pair and bitRate,4,200.0Gbps,6,8, ,0.0,0.0,0.0,0.0,0.0
BitRate blocking probability per pair and bitRate,4,200.0Gbps,4,10, ,0.0,0.0,0.0,0.0,0.0
BitRate blocking probability per pair and bitRate,4,200.0Gbps,1,4, ,0.0,0.0,0.0,0.0,0.0
BitRate blocking probability per pair and bitRate,4,200.0Gbps,12,23, ,0.0,0.0,0.0,0.0,0.0
BitRate blocking probability per pair and bitRate,4,200.0Gbps,23,4, ,0.0,0.0,0.0,0.0,0.0
BitRate blocking probability per pair and bitRate,4,200.0Gbps,12,20, ,0.0,0.0,0.0,0.0,0.0
BitRate blocking probability per pair and bitRate,4,200.0Gbps,11,19, ,0.0,0.0,0.0,0.0,0.0
BitRate blocking probability per pair and bitRate,4,200.0Gbps,2,11, ,0.0,0.0,0.0,0.0,0.0
BitRate blocking probability per pair and bitRate,4,200.0Gbps,8,23, ,0.0,0.0,0.0,0.0,0.0
BitRate blocking probability per pair and bitRate,4,200.0Gbps,10,14, ,0.0,0.0,0.0,0.0,0.0
BitRate blocking probability per pair and bitRate,4,200.0Gbps,21,22, ,0.0,0.0,0.0,0.0,0.0
BitRate blocking probability per pair and bitRate,4,200.0Gbps,9,11, ,0.0,0.0,0.0,0.0,0.0
BitRate blocking probability per pair and bitRate,4,200.0Gbps,23,7, ,0.0,0.0,0.0,0.0,0.0
BitRate blocking probability per pair and bitRate,4,200.0Gbps,24,18, ,0.0,0.0,0.0,0.0,0.0
BitRate blocking probability per pair and bitRate,4,200.0Gbps,14,24, ,0.0,0.0,0.0,0.0,0.0
BitRate blocking probability per pair and bitRate,4,200.0Gbps,6,4, ,0.0,0.0,0.0,0.0,0.0
BitRate blocking probability per pair and bitRate,4,200.0Gbps,21,9, ,0.0,0.0,0.0,0.0,0.0
BitRate blocking probability per pair and bitRate,4,200.0Gbps,15,1, ,0.0,0.0,0.0,0.0,0.0
BitRate blocking probability per pair and bitRate,4,200.0Gbps,13,8, ,0.0,0.0,0.0,0.0,0.0
BitRate blocking probability per pair and bitRate,4,200.0Gbps,13,12, ,0.0,0.0,0.0,0.0,0.0
BitRate blocking probability per pair and bitRate,4,200.0Gbps,12,11, ,0.0,0.0,0.0,0.0,0.0
BitRate blocking probability per pair and bitRate,4,200.0Gbps,23,16, ,0.0,0.0,0.0,0.0,0.0
BitRate blocking probability per pair and bitRate,4,200.0Gbps,16,10, ,0.0,0.0,0.0,0.0,0.0
BitRate blocking probability per pair and bitRate,4,200.0Gbps,14,4, ,0.0,0.0,0.0,0.0,0.0
BitRate blocking probability per pair and bitRate,4,200.0Gbps,10,21, ,0.0,0.0,0.0,0.0,0.0
BitRate blocking probability per pair and bitRate,4,200.0Gbps,1,16, ,0.0,0.0,0.0,0.0,0.0
BitRate blocking probability per pair and bitRate,4,200.0Gbps,5,14, ,0.0,0.0,0.0,0.0,0.0
BitRate blocking probability per pair and bitRate,4,200.0Gbps,14,3, ,0.0,0.0,0.0,0.0,0.0
BitRate blocking probability per pair and bitRate,4,200.0Gbps,9,5, ,0.0,0.0,0.0,0.0,0.0
BitRate blocking probability per pair and bitRate,4,200.0Gbps,11,23, ,0.0,0.0,0.0,0.0,0.0
BitRate blocking probability per pair and bitRate,4,200.0Gbps,23,12, ,0.0,0.0,0.0,0.0,0.0
BitRate blocking probability per pair and bitRate,4,200.0Gbps,18,4, ,0.0,0.0,0.004120913902447557,0.0,0.0
BitRate blocking probability per pair and bitRate,4,200.0Gbps,19,10, ,0.0,0.0,0.0,0.0,0.0
BitRate blocking probability per pair and bitRate,4,200.0Gbps,14,19, ,0.0,0.0,0.0,0.0,0.0
BitRate blocking probability per pair and bitRate,4,200.0Gbps,3,18, ,0.0,0.0,0.0,0.0,0.0
BitRate blocking probability per pair and bitRate,4,200.0Gbps,1,21, ,0.0,0.0,0.0,0.0,0.0
BitRate blocking probability per pair and bitRate,4,200.0Gbps,10,16, ,0.0,0.0,0.0,0.0,0.0
BitRate blocking probability per pair and bitRate,4,200.0Gbps,24,9, ,0.0,0.0,0.0,0.0,0.0
BitRate blocking probability per pair and bitRate,4,200.0Gbps,3,21, ,0.0,0.0,0.0,0.0,0.0
BitRate blocking probability per pair and bitRate,4,200.0Gbps,12,24, ,0.0,0.0,0.0,0.0,0.0
BitRate blocking probability per pair and bitRate,4,200.0Gbps,15,9, ,0.0,0.0,0.0,0.0,0.0
BitRate blocking probability per pair and bitRate,4,200.0Gbps,18,14, ,0.0,0.0,0.0,0.0,0.0
BitRate blocking probability per pair and bitRate,4,200.0Gbps,16,3, ,0.0,0.0,0.0,0.0,0.0
BitRate blocking probability per pair and bitRate,4,200.0Gbps,15,5, ,0.0,0.0,0.0,0.0,0.0
BitRate blocking probability per pair and bitRate,4,200.0Gbps,16,21, ,0.0,0.0,0.0,0.0,0.0
BitRate blocking probability per pair and bitRate,4,200.0Gbps,8,17, ,0.0,0.0,0.0,0.0,0.0
BitRate blocking probability per pair and bitRate,4,200.0Gbps,5,16, ,0.0,0.0,0.0,0.0,0.0
BitRate blocking probability per pair and bitRate,4,200.0Gbps,21,4, ,0.0,0.0,0.0,0.0,0.0
BitRate blocking probability per pair and bitRate,4,200.0Gbps,17,19, ,0.0,0.0,0.0,0.0,0.0
BitRate blocking probability per pair and bitRate,4,200.0Gbps,16,12, ,0.0,0.0,0.0,0.0,0.0
BitRate blocking probability per pair and bitRate,4,200.0Gbps,7,19, ,0.0,0.0,0.0,0.0,0.0
BitRate blocking probability per pair and bitRate,4,200.0Gbps,8,19, ,0.0,0.0,0.0,0.0,0.0
BitRate blocking probability per pair and bitRate,4,200.0Gbps,9,20, ,0.0,0.0,0.0,0.0,0.0
BitRate blocking probability per pair and bitRate,4,200.0Gbps,13,10, ,0.0,0.0,0.0,0.0,0.0
BitRate blocking probability per pair and bitRate,4,200.0Gbps,17,16, ,0.0,0.0,0.0,0.0,0.0
BitRate blocking probability per pair and bitRate,4,200.0Gbps,5,7, ,0.0,0.0,0.0,0.0,0.0
BitRate blocking probability per pair and bitRate,4,200.0Gbps,5,10, ,0.0,0.0,0.0,0.0,0.0
BitRate blocking probability per pair and bitRate,4,200.0Gbps,22,14, ,0.0,0.0,0.0,0.0,0.0
BitRate blocking probability per pair and bitRate,4,200.0Gbps,2,24, ,0.0,0.0,0.0,0.0,0.0
BitRate blocking probability per pair and bitRate,4,200.0Gbps,11,15, ,0.0,0.0,0.0,0.0,0.0
BitRate blocking probability per pair and bitRate,4,200.0Gbps,19,13, ,0.0,0.0,0.0,0.0,0.0
BitRate blocking probability per pair and bitRate,4,200.0Gbps,9,14, ,0.0,0.0,0.0,0.0,0.0
BitRate blocking probability per pair and bitRate,4,200.0Gbps,13,20, ,0.0,0.0,0.0,0.0,0.0
BitRate blocking probability per pair and bitRate,4,200.0Gbps,20,15, ,0.0,0.0,0.0,0.0,0.0
BitRate blocking probability per pair and bitRate,4,200.0Gbps,1,9, ,0.0,0.0,0.0,0.0,0.0
BitRate blocking probability per pair and bitRate,4,200.0Gbps,4,16, ,0.0,0.0,0.0,0.0,0.0
BitRate blocking probability per pair and bitRate,4,200.0Gbps,21,20, ,0.0,0.0,0.0,0.0,0.0
BitRate blocking probability per pair and bitRate,4,200.0Gbps,6,18, ,0.0,0.0,2.059467151406116E-4,0.005501261059093185,0.0
BitRate blocking probability per pair and bitRate,4,200.0Gbps,3,20, ,0.0,0.0,0.0,0.0,0.0
BitRate blocking probability per pair and bitRate,4,200.0Gbps,21,10, ,0.0,0.0,0.0,0.0,0.0
BitRate blocking probability per pair and bitRate,4,200.0Gbps,2,19, ,0.0,0.0,0.0,0.0,0.0
BitRate blocking probability per pair and bitRate,4,200.0Gbps,7,17, ,0.0,0.0,0.0,0.0,0.0
BitRate blocking probability per pair and bitRate,4,200.0Gbps,14,5, ,0.0,0.0,0.0,0.0,0.0
BitRate blocking probability per pair and bitRate,4,200.0Gbps,7,13, ,0.0,0.0,0.0,0.0,0.0
BitRate blocking probability per pair and bitRate,4,200.0Gbps,5,15, ,0.0,0.0,0.0,0.0,0.0
BitRate blocking probability per pair and bitRate,4,200.0Gbps,18,8, ,0.0,0.0,0.0,0.0,0.0
BitRate blocking probability per pair and bitRate,4,200.0Gbps,19,17, ,0.0,0.0,0.0,0.0,0.0
BitRate blocking probability per pair and bitRate,4,200.0Gbps,19,21, ,0.0,0.0,0.0,0.0,0.0
BitRate blocking probability per pair and bitRate,4,200.0Gbps,19,3, ,0.0,0.0,0.0,0.0,0.0
BitRate blocking probability per pair and bitRate,4,200.0Gbps,13,19, ,0.0,0.0,0.0,0.0,0.0
BitRate blocking probability per pair and bitRate,4,200.0Gbps,12,18, ,0.0,0.0,0.0,0.0,0.0
BitRate blocking probability per pair and bitRate,4,200.0Gbps,13,3, ,0.0,0.0,0.0,0.0,0.0
BitRate blocking probability per pair and bitRate,4,200.0Gbps,7,18, ,0.0,0.0,0.0,0.0,0.0
BitRate blocking probability per pair and bitRate,4,200.0Gbps,17,12, ,0.0,0.0,0.0,0.0,0.0
BitRate blocking probability per pair and bitRate,4,200.0Gbps,13,9, ,0.0,0.0,0.0,0.0,0.0
BitRate blocking probability per pair and bitRate,4,200.0Gbps,6,22, ,0.01338224995788454,0.042383141363467755,0.1905229359569577,0.030233326960232416,0.0582104594076939
BitRate blocking probability per pair and bitRate,4,200.0Gbps,1,15, ,0.0,0.0,0.0,0.0,0.0
BitRate blocking probability per pair and bitRate,4,200.0Gbps,3,19, ,0.0,0.0,0.0,0.0,0.0
BitRate blocking probability per pair and bitRate,4,200.0Gbps,12,4, ,0.0,0.0,0.0,0.0,0.0
BitRate blocking probability per pair and bitRate,4,200.0Gbps,16,24, ,0.0,0.0,0.0,0.0,0.0
BitRate blocking probability per pair and bitRate,4,200.0Gbps,6,10, ,0.0,0.0,0.0,0.0,0.0
BitRate blocking probability per pair and bitRate,4,200.0Gbps,2,18, ,0.0,0.0,0.0,0.0,0.0
BitRate blocking probability per pair and bitRate,4,200.0Gbps,18,21, ,0.0,0.0,0.0,0.0,0.0
BitRate blocking probability per pair and bitRate,4,200.0Gbps,18,3, ,0.0,0.0,0.0,0.0,0.0
BitRate blocking probability per pair and bitRate,4,200.0Gbps,15,18, ,0.0,0.0,0.0,0.0,0.0
BitRate blocking probability per pair and bitRate,4,200.0Gbps,4,14, ,0.0,0.0,0.0,0.0,0.0
BitRate blocking probability per pair and bitRate,4,200.0Gbps,7,20, ,0.0,0.0,0.0,0.0,0.0
BitRate blocking probability per pair and bitRate,4,200.0Gbps,13,15, ,0.0,0.0,0.0,0.0,0.0
BitRate blocking probability per pair and bitRate,4,200.0Gbps,13,21, ,0.0,0.0,0.0,0.0,0.0
BitRate blocking probability per pair and bitRate,4,200.0Gbps,15,14, ,0.0,0.0,0.0,0.0,0.0
BitRate blocking probability per pair and bitRate,4,200.0Gbps,3,15, ,0.0,0.0,0.0,0.0,0.0
BitRate blocking probability per pair and bitRate,4,200.0Gbps,18,5, ,0.0,0.0,0.0,0.0,0.0
BitRate blocking probability per pair and bitRate,4,200.0Gbps,12,1, ,0.0,0.0,0.0,0.0,0.0
BitRate blocking probability per pair and bitRate,4,200.0Gbps,6,7, ,0.0,0.0,0.0,0.0,0.0
BitRate blocking probability per pair and bitRate,4,200.0Gbps,24,3, ,0.0,0.0,0.0,0.0,0.0
BitRate blocking probability per pair and bitRate,4,200.0Gbps,19,5, ,0.0,0.0,0.0,0.0,0.0
BitRate blocking probability per pair and bitRate,4,200.0Gbps,20,19, ,0.0,0.0,0.0,0.0,0.0
BitRate blocking probability per pair and bitRate,4,200.0Gbps,5,17, ,0.0,0.057853885433249916,0.008962142710506627,0.024388148440447312,0.004660959749392947
BitRate blocking probability per pair and bitRate,4,200.0Gbps,20,12, ,0.0,0.0,0.0,0.0,0.0
BitRate blocking probability per pair and bitRate,4,200.0Gbps,4,22, ,0.0033243505012857514,0.13009856574732012,0.047727887251264166,0.002530916842949998,0.12531313708722577
BitRate blocking probability per pair and bitRate,4,200.0Gbps,7,8, ,0.0,0.0,0.0,0.0,0.0
BitRate blocking probability per pair and bitRate,4,200.0Gbps,14,1, ,0.0,0.0,0.0,0.0,0.0
BitRate blocking probability per pair and bitRate,4,200.0Gbps,20,21, ,0.0,0.0,0.0,0.0,0.0
BitRate blocking probability per pair and bitRate,4,200.0Gbps,1,6, ,0.0,0.0,0.0,0.0,0.0
BitRate blocking probability per pair and bitRate,4,200.0Gbps,13,2, ,0.0,0.0,0.0,0.0,0.0
BitRate blocking probability per pair and bitRate,4,200.0Gbps,14,20, ,0.0,0.0,0.0,0.0,0.0
BitRate blocking probability per pair and bitRate,4,200.0Gbps,16,20, ,0.0,0.0,0.0,0.0,0.0
BitRate blocking probability per pair and bitRate,4,200.0Gbps,18,15, ,0.0,0.0,0.0,0.0,0.0
BitRate blocking probability per pair and bitRate,4,200.0Gbps,6,2, ,0.0,0.0,0.0,0.0,0.0
BitRate blocking probability per pair and bitRate,4,200.0Gbps,9,15, ,0.0,0.0,0.0,0.0,0.0
BitRate blocking probability per pair and bitRate,4,200.0Gbps,15,17, ,0.0,0.0,0.0,0.0,0.0
BitRate blocking probability per pair and bitRate,4,200.0Gbps,18,2, ,0.0,0.0,0.0,0.0,0.0
BitRate blocking probability per pair and bitRate,4,200.0Gbps,15,24, ,0.0,0.0,0.0,0.0,0.0
BitRate blocking probability per pair and bitRate,4,200.0Gbps,7,10, ,0.0,0.0,0.0,0.0,0.0
BitRate blocking probability per pair and bitRate,4,200.0Gbps,14,21, ,0.0,0.0,0.0,0.0,0.0
BitRate blocking probability per pair and bitRate,4,200.0Gbps,23,15, ,0.0,0.0,0.0,0.0,0.0
BitRate blocking probability per pair and bitRate,4,200.0Gbps,11,1, ,0.0,0.0,0.0,0.0,0.0
BitRate blocking probability per pair and bitRate,4,200.0Gbps,19,20, ,0.0,0.0,0.0,0.0,0.0
BitRate blocking probability per pair and bitRate,4,200.0Gbps,1,8, ,0.0,0.0,0.0,0.0,0.0
BitRate blocking probability per pair and bitRate,4,200.0Gbps,16,1, ,0.0,0.0,0.0,0.0,0.0
BitRate blocking probability per pair and bitRate,4,200.0Gbps,24,5, ,0.0,0.0,0.0,0.0,0.0
BitRate blocking probability per pair and bitRate,4,200.0Gbps,2,4, ,0.0,0.0,0.0,0.0,0.0
BitRate blocking probability per pair and bitRate,4,200.0Gbps,10,5, ,0.0,0.0,0.0,0.0,0.0
BitRate blocking probability per pair and bitRate,4,200.0Gbps,21,7, ,0.0,0.0,0.0,0.0,0.0
BitRate blocking probability per pair and bitRate,4,200.0Gbps,23,11, ,0.0,0.0,0.0,0.0,0.0
BitRate blocking probability per pair and bitRate,4,200.0Gbps,19,6, ,0.0,0.0,0.01741920062302669,0.0,0.0
BitRate blocking probability per pair and bitRate,4,200.0Gbps,10,17, ,0.0,0.0,0.0,0.0,0.0
BitRate blocking probability per pair and bitRate,4,200.0Gbps,3,8, ,0.0,0.0,0.0,0.0,0.0
BitRate blocking probability per pair and bitRate,4,200.0Gbps,3,23, ,0.0,0.0,0.0,0.0,0.0
BitRate blocking probability per pair and bitRate,4,200.0Gbps,17,9, ,0.0,0.0,0.0,0.0,0.0
BitRate blocking probability per pair and bitRate,4,200.0Gbps,9,18, ,0.0,0.0,0.0,0.0,0.0
BitRate blocking probability per pair and bitRate,4,200.0Gbps,1,3, ,0.0,0.0,0.0,0.0,0.0
BitRate blocking probability per pair and bitRate,4,200.0Gbps,10,20, ,0.0,0.0,0.0,0.0,0.0
BitRate blocking probability per pair and bitRate,4,200.0Gbps,21,6, ,0.0,0.0,0.0,0.0,0.0
BitRate blocking probability per pair and bitRate,4,200.0Gbps,8,5, ,0.0,0.0,0.0,0.0,0.0
BitRate blocking probability per pair and bitRate,4,200.0Gbps,9,8, ,0.0,0.0,0.0,0.0,0.0
BitRate blocking probability per pair and bitRate,4,200.0Gbps,24,4, ,0.0,0.0,0.0,0.0,0.0
BitRate blocking probability per pair and bitRate,4,200.0Gbps,1,12, ,0.0,0.0,0.0,0.0,0.0
BitRate blocking probability per pair and bitRate,4,200.0Gbps,11,5, ,0.0,0.0,0.0,0.0,0.0
BitRate blocking probability per pair and bitRate,4,200.0Gbps,22,7, ,0.0,0.0,0.0,0.0,0.0
BitRate blocking probability per pair and bitRate,4,200.0Gbps,22,8, ,0.0,0.0,0.0,0.0,0.0
BitRate blocking probability per pair and bitRate,4,200.0Gbps,20,22, ,0.0,0.0,0.0,0.0,0.0
BitRate blocking probability per pair and bitRate,4,200.0Gbps,13,24, ,0.0,0.0,0.0,0.0,0.0
BitRate blocking probability per pair and bitRate,4,200.0Gbps,1,7, ,0.0,0.0,0.0,0.0,0.0
BitRate blocking probability per pair and bitRate,4,200.0Gbps,17,20, ,0.0,0.0,0.0,0.0,0.0
BitRate blocking probability per pair and bitRate,4,200.0Gbps,16,18, ,0.0,0.0,0.0,0.0,0.0
BitRate blocking probability per pair and bitRate,4,200.0Gbps,16,8, ,0.0,0.0,0.0,0.0,0.0
BitRate blocking probability per pair and bitRate,4,200.0Gbps,12,15, ,0.0,0.0,0.0,0.0,0.0
BitRate blocking probability per pair and bitRate,4,200.0Gbps,17,5, ,0.04728499052175787,0.0,0.0,0.0,0.0
BitRate blocking probability per pair and bitRate,4,200.0Gbps,23,14, ,0.0,0.0,0.0,0.0,0.0
BitRate blocking probability per pair and bitRate,4,200.0Gbps,1,19, ,0.0,0.0,0.0,0.0,0.0
BitRate blocking probability per pair and bitRate,4,200.0Gbps,17,7, ,0.0,0.0,0.0,0.0,0.0
BitRate blocking probability per pair and bitRate,4,200.0Gbps,18,9, ,0.0,0.0,0.0,0.0,0.0
BitRate blocking probability per pair and bitRate,4,200.0Gbps,18,23, ,0.0,0.0,0.0,0.0,0.0
BitRate blocking probability per pair and bitRate,4,200.0Gbps,13,22, ,0.0,0.0,0.0,0.0,0.0
BitRate blocking probability per pair and bitRate,4,200.0Gbps,7,6, ,0.0,0.0,0.0,0.0,0.0
BitRate blocking probability per pair and bitRate,4,200.0Gbps,9,23, ,0.0,0.0,0.0,0.0,0.0
BitRate blocking probability per pair and bitRate,4,200.0Gbps,13,6, ,0.0,0.0,0.0,0.0,0.0
BitRate blocking probability per pair and bitRate,4,200.0Gbps,15,8, ,0.0,0.0,0.0,0.0,0.0
BitRate blocking probability per pair and bitRate,4,200.0Gbps,13,14, ,0.0,0.0,0.0,0.0,0.0
BitRate blocking probability per pair and bitRate,4,200.0Gbps,20,3, ,0.0,0.0,0.0,0.0,0.0
BitRate blocking probability per pair and bitRate,4,200.0Gbps,21,16, ,0.0,0.0,0.0,0.0,0.0
BitRate blocking probability per pair and bitRate,4,200.0Gbps,3,16, ,0.0,0.0,0.0,0.0,0.0
BitRate blocking probability per pair and bitRate,4,200.0Gbps,22,13, ,0.0,0.0,0.0,0.0,0.0
BitRate blocking probability per pair and bitRate,4,200.0Gbps,3,14, ,0.0,0.0,0.0,0.0,0.0
BitRate blocking probability per pair and bitRate,4,200.0Gbps,3,7, ,0.0,0.0,0.0,0.0,0.0
BitRate blocking probability per pair and bitRate,4,200.0Gbps,10,22, ,0.0,0.0,0.0,0.0,0.0
BitRate blocking probability per pair and bitRate,4,200.0Gbps,8,10, ,0.0,0.0,0.0,0.0,0.0
BitRate blocking probability per pair and bitRate,4,200.0Gbps,22,6, ,0.0,0.025474241387415286,0.0,0.0,0.021842988684941448
BitRate blocking probability per pair and bitRate,4,200.0Gbps,5,2, ,0.0,0.0,0.0,0.0,0.0
BitRate blocking probability per pair and bitRate,4,200.0Gbps,13,5, ,0.0,0.0,0.0,0.0,0.0
BitRate blocking probability per pair and bitRate,4,200.0Gbps,23,8, ,0.0,0.0,0.0,0.0,0.0
BitRate blocking probability per pair and bitRate,4,200.0Gbps,13,11, ,0.0,0.0,0.0,0.0,0.0
BitRate blocking probability per pair and bitRate,4,200.0Gbps,13,7, ,0.0,0.0,0.0,0.0,0.0
BitRate blocking probability per pair and bitRate,4,200.0Gbps,3,13, ,0.0,0.0,0.0,0.0,0.0
BitRate blocking probability per pair and bitRate,4,200.0Gbps,10,12, ,0.0,0.0,0.0,0.0,0.0
BitRate blocking probability per pair and bitRate,4,200.0Gbps,24,11, ,0.0,0.0,0.0,0.0,0.0
BitRate blocking probability per pair and bitRate,4,200.0Gbps,9,7, ,0.0,0.0,0.0,0.0,0.0
BitRate blocking probability per pair and bitRate,4,200.0Gbps,24,12, ,0.0,0.0,0.0,0.0,0.0
BitRate blocking probability per pair and bitRate,4,200.0Gbps,15,3, ,0.0,0.0,0.0,0.0,0.0
BitRate blocking probability per pair and bitRate,4,200.0Gbps,22,11, ,0.0,0.0,0.0,0.0,0.0
BitRate blocking probability per pair and bitRate,4,200.0Gbps,18,19, ,0.0,0.0,0.0,0.0,0.0
BitRate blocking probability per pair and bitRate,4,200.0Gbps,16,7, ,0.0,0.0,0.0,0.0,0.0
BitRate blocking probability per pair and bitRate,4,200.0Gbps,5,24, ,0.0,0.0,0.0,0.0,0.0
BitRate blocking probability per pair and bitRate,4,200.0Gbps,10,19, ,0.0,0.0,0.0,0.0,0.0
BitRate blocking probability per pair and bitRate,4,200.0Gbps,23,13, ,0.0,0.0,0.0,0.0,0.0
BitRate blocking probability per pair and bitRate,4,200.0Gbps,12,3, ,0.0,0.0,0.0,0.0,0.0
BitRate blocking probability per pair and bitRate,4,200.0Gbps,9,10, ,0.0,0.0,0.0,0.0,0.0
BitRate blocking probability per pair and bitRate,4,200.0Gbps,4,18, ,0.0,0.0,0.0,0.0,0.0
BitRate blocking probability per pair and bitRate,4,200.0Gbps,4,19, ,0.04412846409935575,0.031709807861260875,0.0,0.031415995699339165,0.02261684969389545
BitRate blocking probability per pair and bitRate,4,200.0Gbps,17,15, ,0.0,0.0,0.0,0.0,0.0
BitRate blocking probability per pair and bitRate,4,200.0Gbps,2,22, ,0.0,0.0014940798685401473,0.017142717169571407,0.015620787498767478,0.0
BitRate blocking probability per pair and bitRate,4,200.0Gbps,11,17, ,0.0,0.0,0.0,0.0,0.0
BitRate blocking probability per pair and bitRate,4,200.0Gbps,18,13, ,0.0,0.0,0.0,0.0,0.0
BitRate blocking probability per pair and bitRate,4,200.0Gbps,24,10, ,0.0,0.0,0.0,0.0,0.0
BitRate blocking probability per pair and bitRate,4,200.0Gbps,11,13, ,0.0,0.0,0.0,0.0,0.0
BitRate blocking probability per pair and bitRate,4,200.0Gbps,12,22, ,0.0,0.0,0.0,0.0,0.0
BitRate blocking probability per pair and bitRate,4,200.0Gbps,20,23, ,0.0,0.0,0.0,0.0,0.0
BitRate blocking probability per pair and bitRate,4,200.0Gbps,4,7, ,0.0,0.0,0.0,0.0,0.0
BitRate blocking probability per pair and bitRate,4,200.0Gbps,9,12, ,0.0,0.0,0.0,0.0,0.0
BitRate blocking probability per pair and bitRate,4,200.0Gbps,4,13, ,0.0,0.0,0.0,0.0,0.0
BitRate blocking probability per pair and bitRate,4,200.0Gbps,20,13, ,0.0,0.0,0.0,0.0,0.0
BitRate blocking probability per pair and bitRate,4,200.0Gbps,10,3, ,0.0,0.0,0.0,0.0,0.0
BitRate blocking probability per pair and bitRate,4,200.0Gbps,21,3, ,0.0,0.0,0.0,0.0,0.0
BitRate blocking probability per pair and bitRate,4,200.0Gbps,7,9, ,0.0,0.0,0.0,0.0,0.0
BitRate blocking probability per pair and bitRate,4,200.0Gbps,12,19, ,0.0,0.0,0.0,0.0,0.0
BitRate blocking probability per pair and bitRate,4,200.0Gbps,19,16, ,0.0,0.0,0.0,0.0,0.0
BitRate blocking probability per pair and bitRate,4,200.0Gbps,20,11, ,0.0,0.0,0.0,0.0,0.0
BitRate blocking probability per pair and bitRate,4,200.0Gbps,22,9, ,0.0,0.0,0.0,0.0,0.0
BitRate blocking probability per pair and bitRate,4,200.0Gbps,7,11, ,0.0,0.0,0.0,0.0,0.0
BitRate blocking probability per pair and bitRate,4,200.0Gbps,6,1, ,0.0,0.0,0.0,0.0,0.0
BitRate blocking probability per pair and bitRate,4,200.0Gbps,6,14, ,0.0,0.0,0.0,0.0,0.0
BitRate blocking probability per pair and bitRate,4,200.0Gbps,21,1, ,0.0,0.0,0.0,0.0,0.0
BitRate blocking probability per pair and bitRate,4,200.0Gbps,4,23, ,0.0,0.0,0.0,0.0,0.0
BitRate blocking probability per pair and bitRate,4,200.0Gbps,1,5, ,0.0,0.0,0.0,0.0,0.0
BitRate blocking probability per pair and bitRate,4,200.0Gbps,3,22, ,0.0,0.0,0.0,0.0,0.0
BitRate blocking probability per pair and bitRate,4,200.0Gbps,5,23, ,0.0,0.0,0.0,0.0,0.0
BitRate blocking probability per pair and bitRate,4,200.0Gbps,14,9, ,0.0,0.0,0.0,0.0,0.0
BitRate blocking probability per pair and bitRate,4,200.0Gbps,23,6, ,0.0,0.0,0.0,0.0,0.0
BitRate blocking probability per pair and bitRate,4,200.0Gbps,6,19, ,0.015602845576588406,0.06186315934397008,0.0,0.0,0.0950293858491184
BitRate blocking probability per pair and bitRate,4,200.0Gbps,14,13, ,0.0,0.0,0.0,0.0,0.0
BitRate blocking probability per pair and bitRate,4,200.0Gbps,14,11, ,0.0,0.0,0.0,0.0,0.0
BitRate blocking probability per pair and bitRate,4,200.0Gbps,12,21, ,0.0,0.0,0.0,0.0,0.0
BitRate blocking probability per pair and bitRate,4,200.0Gbps,2,8, ,0.0,0.0,0.0,0.0,0.0
BitRate blocking probability per pair and bitRate,4,200.0Gbps,16,13, ,0.0,0.0,0.0,0.0,0.0
BitRate blocking probability per pair and bitRate,4,200.0Gbps,20,18, ,0.0,0.0,0.0,0.0,0.0
BitRate blocking probability per pair and bitRate,4,200.0Gbps,6,9, ,0.0,0.0,0.0,0.0,0.0
BitRate blocking probability per pair and bitRate,4,200.0Gbps,6,23, ,0.0,0.0,0.0,0.0,0.0
BitRate blocking probability per pair and bitRate,4,200.0Gbps,10,4, ,0.0,0.0,0.0,0.0,0.0
BitRate blocking probability per pair and bitRate,4,200.0Gbps,17,23, ,0.0,0.0,0.0,0.0,0.0
BitRate blocking probability per pair and bitRate,4,200.0Gbps,17,18, ,0.0,0.0,0.0,0.0,0.0
BitRate blocking probability per pair and bitRate,4,200.0Gbps,14,12, ,0.0,0.0,0.0,0.0,0.0
BitRate blocking probability per pair and bitRate,4,200.0Gbps,14,17, ,0.0,0.0,0.0,0.0,0.0
BitRate blocking probability per pair and bitRate,4,200.0Gbps,19,7, ,0.0,0.0,0.0,0.0,0.0
BitRate blocking probability per pair and bitRate,4,200.0Gbps,7,24, ,0.0,0.0,0.0,0.0,0.0
BitRate blocking probability per pair and bitRate,4,200.0Gbps,11,18, ,0.0,0.0,0.0,0.0,0.0
BitRate blocking probability per pair and bitRate,4,200.0Gbps,11,10, ,0.0,0.0,0.0,0.0,0.0
BitRate blocking probability per pair and bitRate,4,200.0Gbps,14,22, ,0.0,0.0,0.0,0.0,0.0
BitRate blocking probability per pair and bitRate,4,200.0Gbps,4,9, ,0.0,0.0,0.0,0.0,0.0
BitRate blocking probability per pair and bitRate,4,200.0Gbps,22,21, ,0.0,0.0,0.0,0.0,0.0
BitRate blocking probability per pair and bitRate,4,200.0Gbps,22,24, ,0.0,0.0,0.0,0.0,0.0
BitRate blocking probability per pair and bitRate,4,200.0Gbps,8,15, ,0.0,0.0,0.0,0.0,0.0
BitRate blocking probability per pair and bitRate,4,200.0Gbps,12,5, ,0.0,0.0,0.0,0.0,0.0
BitRate blocking probability per pair and bitRate,4,200.0Gbps,7,23, ,0.0,0.0,0.0,0.0,0.0
BitRate blocking probability per pair and bitRate,4,200.0Gbps,24,14, ,0.0,0.0,0.0,0.0,0.0
BitRate blocking probability per pair and bitRate,4,200.0Gbps,1,2, ,0.0,0.0,0.0,0.0,0.0
BitRate blocking probability per pair and bitRate,4,200.0Gbps,15,22, ,0.0,0.0,0.0,0.0,0.0
BitRate blocking probability per pair and bitRate,4,200.0Gbps,19,14, ,0.0,0.0,0.0,0.0,0.0
BitRate blocking probability per pair and bitRate,4,200.0Gbps,21,23, ,0.0,0.0,0.0,0.0,0.0
BitRate blocking probability per pair and bitRate,4,200.0Gbps,8,1, ,0.0,0.0,0.0,0.0,0.0
BitRate blocking probability per pair and bitRate,4,200.0Gbps,18,10, ,0.0,0.0,0.0,0.0,0.0
BitRate blocking probability per pair and bitRate,4,200.0Gbps,17,3, ,0.0,0.0,0.0,0.0,0.0
BitRate blocking probability per pair and bitRate,4,200.0Gbps,5,9, ,0.0,0.0,0.0,0.0,0.0
BitRate blocking probability per pair and bitRate,4,200.0Gbps,19,8, ,0.0,0.0,0.0,0.0,0.0
BitRate blocking probability per pair and bitRate,4,200.0Gbps,4,21, ,0.0,0.0,0.0,0.0,0.0
BitRate blocking probability per pair and bitRate,4,200.0Gbps,8,16, ,0.0,0.0,0.0,0.0,0.0
BitRate blocking probability per pair and bitRate,4,200.0Gbps,5,12, ,0.0,0.0,0.0,0.0,0.0
BitRate blocking probability per pair and bitRate,4,200.0Gbps,6,16, ,0.0,0.0,0.0,0.0,0.0
BitRate blocking probability per pair and bitRate,4,200.0Gbps,20,10, ,0.0,0.0,0.0,0.0,0.0
BitRate blocking probability per pair and bitRate,4,200.0Gbps,2,15, ,0.0,0.0,0.0,0.0,0.0
BitRate blocking probability per pair and bitRate,4,200.0Gbps,20,6, ,0.0,0.0,0.0,0.0,0.0
BitRate blocking probability per pair and bitRate,4,200.0Gbps,21,13, ,0.0,0.0,0.0,0.0,0.0
BitRate blocking probability per pair and bitRate,4,200.0Gbps,6,21, ,0.0,0.014152114341000081,0.0,0.0,0.0
BitRate blocking probability per pair and bitRate,4,200.0Gbps,18,16, ,0.0,0.0,0.0,0.0,0.0
BitRate blocking probability per pair and bitRate,4,200.0Gbps,5,21, ,0.0,0.0,0.0,0.0,0.0
BitRate blocking probability per pair and bitRate,4,200.0Gbps,15,11, ,0.0,0.0,0.0,0.0,0.0
BitRate blocking probability per pair and bitRate,4,200.0Gbps,8,12, ,0.0,0.0,0.0,0.0,0.0
BitRate blocking probability per pair and bitRate,4,200.0Gbps,19,1, ,0.0,0.0,0.0,0.0,0.0
BitRate blocking probability per pair and bitRate,4,200.0Gbps,21,14, ,0.0,0.0,0.0,0.0,0.0
BitRate blocking probability per pair and bitRate,4,200.0Gbps,2,13, ,0.0,0.0,0.0,0.0,0.0
BitRate blocking probability per pair and bitRate,4,200.0Gbps,17,6, ,0.004677514803672303,0.11656110367390736,0.0,0.005050827025153875,0.0
BitRate blocking probability per pair and bitRate,4,200.0Gbps,24,1, ,0.0,0.0,0.0,0.0,0.0
BitRate blocking probability per pair and bitRate,4,200.0Gbps,8,3, ,0.0,0.0,0.0,0.0,0.0
BitRate blocking probability per pair and bitRate,4,200.0Gbps,1,22, ,0.0,0.0,0.0,0.002742707135347456,0.011563628362668188
BitRate blocking probability per pair and bitRate,4,200.0Gbps,23,3, ,0.0,0.0,0.0,0.0,0.0
BitRate blocking probability per pair and bitRate,4,200.0Gbps,2,1, ,0.0,0.0,0.0,0.0,0.0
BitRate blocking probability per pair and bitRate,4,200.0Gbps,15,23, ,0.0,0.0,0.0,0.0,0.0
BitRate blocking probability per pair and bitRate,4,200.0Gbps,19,15, ,0.0,0.0,0.0,0.0,0.0
BitRate blocking probability per pair and bitRate,4,200.0Gbps,2,23, ,0.0,0.0,0.0,0.0,0.0
BitRate blocking probability per pair and bitRate,4,200.0Gbps,13,17, ,0.0,0.0,0.0,0.0,0.0
BitRate blocking probability per pair and bitRate,4,200.0Gbps,1,10, ,0.0,0.0,0.0,0.0,0.0
BitRate blocking probability per pair and bitRate,4,200.0Gbps,5,22, ,0.0,0.0,0.0,0.0,0.0
BitRate blocking probability per pair and bitRate,4,200.0Gbps,18,24, ,0.0,0.0,0.0,0.0,0.0
BitRate blocking probability per pair and bitRate,4,200.0Gbps,19,23, ,0.0,0.0,0.0,0.0,0.0
BitRate blocking probability per pair and bitRate,4,200.0Gbps,20,8, ,0.0,0.0,0.0,0.0,0.0
BitRate blocking probability per pair and bitRate,4,200.0Gbps,10,6, ,0.0,0.0,0.0,0.0,0.0
BitRate blocking probability per pair and bitRate,4,200.0Gbps,2,6, ,0.0,0.0,0.0,0.0,0.0
BitRate blocking probability per pair and bitRate,4,200.0Gbps,16,14, ,0.0,0.0,0.0,0.0,0.0
BitRate blocking probability per pair and bitRate,4,200.0Gbps,24,19, ,0.0,0.0,0.0,0.0,0.0
BitRate blocking probability per pair and bitRate,4,200.0Gbps,23,19, ,0.0,0.0,0.0,0.0,0.0
BitRate blocking probability per pair and bitRate,4,200.0Gbps,12,2, ,0.0,0.0,0.0,0.0,0.0
BitRate blocking probability per pair and bitRate,4,200.0Gbps,23,1, ,0.0,0.0,0.0,0.0,0.0
BitRate blocking probability per pair and bitRate,4,200.0Gbps,15,7, ,0.0,0.0,0.0,0.0,0.0
BitRate blocking probability per pair and bitRate,4,200.0Gbps,22,12, ,0.0,0.0,0.0,0.0,0.0
BitRate blocking probability per pair and bitRate,4,200.0Gbps,3,6, ,0.0,0.0,0.0,0.0,0.0
BitRate blocking probability per pair and bitRate,4,200.0Gbps,4,2, ,0.0,0.0,0.0,0.0,0.0
BitRate blocking probability per pair and bitRate,4,200.0Gbps,13,1, ,0.0,0.0,0.0,0.0,0.0
BitRate blocking probability per pair and bitRate,4,200.0Gbps,6,5, ,0.0,0.0,0.0,0.0,0.0
BitRate blocking probability per pair and bitRate,4,200.0Gbps,16,22, ,0.0,0.0,0.0,0.0,0.0
BitRate blocking probability per pair and bitRate,4,200.0Gbps,7,5, ,0.0,0.0,0.0,0.0,0.0
BitRate blocking probability per pair and bitRate,4,200.0Gbps,6,24, ,0.0,0.0,0.0,0.0,0.0
BitRate blocking probability per pair and bitRate,4,200.0Gbps,18,17, ,0.0,0.0,0.0,0.0,0.0
BitRate blocking probability per pair and bitRate,4,200.0Gbps,22,3, ,0.0,0.0,0.0,0.0,0.0
BitRate blocking probability per pair and bitRate,4,200.0Gbps,13,4, ,0.0,0.0,0.0,0.0,0.0
BitRate blocking probability per pair and bitRate,4,200.0Gbps,16,5, ,0.0,0.0,0.0,0.0,0.0
BitRate blocking probability per pair and bitRate,4,200.0Gbps,18,11, ,0.0,0.0,0.0,0.0,0.0
BitRate blocking probability per pair and bitRate,4,200.0Gbps,6,11, ,0.0,0.0,0.0,0.0,0.0
BitRate blocking probability per pair and bitRate,4,200.0Gbps,17,13, ,0.0,0.0,0.0,0.0,0.0
BitRate blocking probability per pair and bitRate,4,200.0Gbps,7,3, ,0.0,0.0,0.0,0.0,0.0
BitRate blocking probability per pair and bitRate,4,200.0Gbps,22,23, ,0.0,0.0,0.0,0.0,0.0
BitRate blocking probability per pair and bitRate,4,200.0Gbps,10,13, ,0.0,0.0,0.0,0.0,0.0
BitRate blocking probability per pair and bitRate,4,200.0Gbps,14,7, ,0.0,0.0,0.0,0.0,0.0
BitRate blocking probability per pair and bitRate,4,200.0Gbps,20,16, ,0.0,0.0,0.0,0.0,0.0
BitRate blocking probability per pair and bitRate,4,200.0Gbps,14,8, ,0.0,0.0,0.0,0.0,0.0
BitRate blocking probability per pair and bitRate,4,200.0Gbps,7,4, ,0.0,0.0,0.0,0.0,0.0
BitRate blocking probability per pair and bitRate,4,200.0Gbps,8,14, ,0.0,0.0,0.0,0.0,0.0
BitRate blocking probability per pair and bitRate,4,200.0Gbps,3,12, ,0.0,0.0,0.0,0.0,0.0
BitRate blocking probability per pair and bitRate,4,200.0Gbps,7,2, ,0.0,0.0,0.0,0.0,0.0
BitRate blocking probability per pair and bitRate,4,200.0Gbps,10,11, ,0.0,0.0,0.0,0.0,0.0
BitRate blocking probability per pair and bitRate,4,200.0Gbps,11,14, ,0.0,0.0,0.0,0.0,0.0
BitRate blocking probability per pair and bitRate,4,200.0Gbps,20,24, ,0.0,0.0,0.0,0.0,0.0
BitRate blocking probability per pair and bitRate,4,200.0Gbps,20,4, ,0.0,0.0,0.0,0.0,0.0
BitRate blocking probability per pair and bitRate,4,200.0Gbps,23,2, ,0.0,0.0,0.0,0.0,0.0
BitRate blocking probability per pair and bitRate,4,200.0Gbps,22,2, ,0.0,0.0,0.0,0.0,0.0
BitRate blocking probability per pair and bitRate,4,200.0Gbps,22,19, ,0.0,0.0,0.0,0.0,0.0
BitRate blocking probability per pair and bitRate,4,200.0Gbps,24,23, ,0.0,0.0,0.0,0.0,0.0
BitRate blocking probability per pair and bitRate,4,200.0Gbps,6,17, ,0.0013906499296549152,0.05971807886067797,0.0022087918181179582,0.07421677821936193,0.016851347325464748
BitRate blocking probability per pair and bitRate,4,200.0Gbps,4,15, ,0.0,0.0,0.0,0.0,0.0
BitRate blocking probability per pair and bitRate,4,200.0Gbps,20,7, ,0.0,0.0,0.0,0.0,0.0
BitRate blocking probability per pair and bitRate,4,200.0Gbps,10,8, ,0.0,0.0,0.0,0.0,0.0
BitRate blocking probability per pair and bitRate,4,200.0Gbps,10,24, ,0.0,0.0,0.0,0.0,0.0
BitRate blocking probability per pair and bitRate,4,200.0Gbps,12,16, ,0.0,0.0,0.0,0.0,0.0
BitRate blocking probability per pair and bitRate,4,200.0Gbps,8,13, ,0.0,0.0,0.0,0.0,0.0
BitRate blocking probability per pair and bitRate,4,200.0Gbps,11,4, ,0.0,0.0,0.0,0.0,0.0
BitRate blocking probability per pair and bitRate,4,200.0Gbps,22,17, ,0.0,0.0,0.0,0.0,0.0
BitRate blocking probability per pair and bitRate,4,200.0Gbps,4,1, ,0.0,0.0,0.0,0.0,0.0
BitRate blocking probability per pair and bitRate,4,200.0Gbps,14,6, ,0.0,0.0,0.0,0.0,0.0
BitRate blocking probability per pair and bitRate,4,200.0Gbps,14,10, ,0.0,0.0,0.0,0.0,0.0
BitRate blocking probability per pair and bitRate,4,200.0Gbps,24,6, ,0.0,0.0,0.0,0.0,0.0
BitRate blocking probability per pair and bitRate,4,200.0Gbps,15,2, ,0.0,0.0,0.0,0.0,0.0
BitRate blocking probability per pair and bitRate,4,200.0Gbps,22,10, ,0.0,0.0,0.0,0.0,0.0
BitRate blocking probability per pair and bitRate,4,200.0Gbps,4,17, ,0.0417282585857575,0.07154159900768578,0.0580376387713316,0.0587768578616219,0.08430634175573369
BitRate blocking probability per pair and bitRate,4,200.0Gbps,17,2, ,0.0,0.0,0.0,0.0,0.0
BitRate blocking probability per pair and bitRate,4,200.0Gbps,18,20, ,0.0,0.0,0.0,0.0,0.0
BitRate blocking probability per pair and bitRate,4,200.0Gbps,17,21, ,0.0,0.0,0.0,0.0,0.0
BitRate blocking probability per pair and bitRate,4,200.0Gbps,18,6, ,0.0,0.0,0.0,0.0,0.0
BitRate blocking probability per pair and bitRate,4,200.0Gbps,10,15, ,0.0,0.0,0.0,0.0,0.0
BitRate blocking probability per pair and bitRate,4,200.0Gbps,4,11, ,0.0,0.0,0.0,0.0,0.0
BitRate blocking probability per pair and bitRate,4,200.0Gbps,2,21, ,0.0,0.0,0.0,0.0,0.0
BitRate blocking probability per pair and bitRate,4,200.0Gbps,19,9, ,0.0,0.0,0.0,0.0,0.0
BitRate blocking probability per pair and bitRate,4,200.0Gbps,5,8, ,0.0,0.0,0.0,0.0,0.0
BitRate blocking probability per pair and bitRate,4,200.0Gbps,5,3, ,0.0,0.0,0.0,0.0,0.0
BitRate blocking probability per pair and bitRate,4,200.0Gbps,11,6, ,0.0,0.0,0.0,0.0,0.0
BitRate blocking probability per pair and bitRate,4,200.0Gbps,8,2, ,0.0,0.0,0.0,0.0,0.0
BitRate blocking probability per pair and bitRate,4,200.0Gbps,9,24, ,0.0,0.0,0.0,0.0,0.0
BitRate blocking probability per pair and bitRate,4,200.0Gbps,16,23, ,0.0,0.0,0.0,0.0,0.0
BitRate blocking probability per pair and bitRate,4,200.0Gbps,2,16, ,0.0,0.0,0.0,0.0,0.0
BitRate blocking probability per pair and bitRate,4,200.0Gbps,16,17, ,0.0,0.0,0.0,0.0,0.0
BitRate blocking probability per pair and bitRate,4,200.0Gbps,23,18, ,0.0,0.0,0.0,0.0,0.0
BitRate blocking probability per pair and bitRate,4,200.0Gbps,7,1, ,0.0,0.0,0.0,0.0,0.0
BitRate blocking probability per pair and bitRate,4,200.0Gbps,11,24, ,0.0,0.0,0.0,0.0,0.0
BitRate blocking probability per pair and bitRate,4,200.0Gbps,2,10, ,0.0,0.0,0.0,0.0,0.0
BitRate blocking probability per pair and bitRate,4,200.0Gbps,4,6, ,0.0,0.0,0.0,0.0,0.0
BitRate blocking probability per pair and bitRate,4,200.0Gbps,15,13, ,0.0,0.0,0.0,0.0,0.0
BitRate blocking probability per pair and bitRate,4,200.0Gbps,21,12, ,0.0,0.0,0.0,0.0,0.0
BitRate blocking probability per pair and bitRate,4,200.0Gbps,5,6, ,0.0,0.0,0.0,0.0,0.0
BitRate blocking probability per pair and bitRate,4,200.0Gbps,10,18, ,0.0,0.0,0.0,0.0,0.0
BitRate blocking probability per pair and bitRate,4,200.0Gbps,14,23, ,0.0,0.0,0.0,0.0,0.0
BitRate blocking probability per pair and bitRate,4,200.0Gbps,21,8, ,0.0,0.0,0.0,0.0,0.0
BitRate blocking probability per pair and bitRate,4,200.0Gbps,11,3, ,0.0,0.0,0.0,0.0,0.0
BitRate blocking probability per pair and bitRate,4,200.0Gbps,13,16, ,0.0,0.0,0.0,0.0,0.0
BitRate blocking probability per pair and bitRate,4,200.0Gbps,22,16, ,0.0,0.0,0.0,0.0,0.0
BitRate blocking probability per pair and bitRate,4,200.0Gbps,21,5, ,0.0,0.0,0.0,0.0,0.0
BitRate blocking probability per pair and bitRate,4,200.0Gbps,23,24, ,0.0,0.0,0.0,0.0,0.0
BitRate blocking probability per pair and bitRate,4,200.0Gbps,9,6, ,0.0,0.0,0.0,0.0,0.0
BitRate blocking probability per pair and bitRate,4,200.0Gbps,20,9, ,0.0,0.0,0.0,0.0,0.0
BitRate blocking probability per pair and bitRate,4,200.0Gbps,16,6, ,0.0,0.0,0.0,0.0,0.0
BitRate blocking probability per pair and bitRate,4,200.0Gbps,15,4, ,0.0,0.0,0.0,0.0,0.0
BitRate blocking probability per pair and bitRate,4,200.0Gbps,3,4, ,0.0,0.0,0.0,0.0,0.0
BitRate blocking probability per pair and bitRate,4,200.0Gbps,17,10, ,0.0,0.0,0.0,0.0,0.0
BitRate blocking probability per pair and bitRate,4,200.0Gbps,12,10, ,0.0,0.0,0.0,0.0,0.0
BitRate blocking probability per pair and bitRate,4,200.0Gbps,12,7, ,0.0,0.0,0.0,0.0,0.0
BitRate blocking probability per pair and bitRate,4,200.0Gbps,3,17, ,0.0,0.0,0.0,0.0,0.0
BitRate blocking probability per pair and bitRate,4,400.0Gbps,11,2, ,0.0,0.0,0.0,0.0,0.0
BitRate blocking probability per pair and bitRate,4,400.0Gbps,1,23, ,0.0,0.0,0.0,0.0,0.0
BitRate blocking probability per pair and bitRate,4,400.0Gbps,2,9, ,0.0,0.0,0.0,0.0,0.0
BitRate blocking probability per pair and bitRate,4,400.0Gbps,1,20, ,0.0,0.0,0.0,0.0,0.0
BitRate blocking probability per pair and bitRate,4,400.0Gbps,17,24, ,0.0,0.0,0.0,0.0,0.0
BitRate blocking probability per pair and bitRate,4,400.0Gbps,21,15, ,0.0,0.0,0.0,0.0,0.0
BitRate blocking probability per pair and bitRate,4,400.0Gbps,19,11, ,0.0,0.0,0.0,0.0,0.0
BitRate blocking probability per pair and bitRate,4,400.0Gbps,3,1, ,0.0,0.0,0.0,0.0,0.0
BitRate blocking probability per pair and bitRate,4,400.0Gbps,24,2, ,0.0,0.0,0.0,0.0,0.0
BitRate blocking probability per pair and bitRate,4,400.0Gbps,23,22, ,0.0,0.0,0.0,0.0,0.0
BitRate blocking probability per pair and bitRate,4,400.0Gbps,17,22, ,0.0,0.0,0.0,0.0,0.0
BitRate blocking probability per pair and bitRate,4,400.0Gbps,15,20, ,0.0,0.0,0.0,0.0,0.0
BitRate blocking probability per pair and bitRate,4,400.0Gbps,2,7, ,0.0,0.0,0.0,0.0,0.0
BitRate blocking probability per pair and bitRate,4,400.0Gbps,10,1, ,0.0,0.0,0.0,0.0,0.0
BitRate blocking probability per pair and bitRate,4,400.0Gbps,14,16, ,0.0,0.0,0.0,0.0,0.0
BitRate blocking probability per pair and bitRate,4,400.0Gbps,13,18, ,0.0,0.0,0.0,0.0,0.0
BitRate blocking probability per pair and bitRate,4,400.0Gbps,11,7, ,0.0,0.0,0.0,0.0,0.0
BitRate blocking probability per pair and bitRate,4,400.0Gbps,15,10, ,0.0,0.0,0.0,0.0,0.0
BitRate blocking probability per pair and bitRate,4,400.0Gbps,17,4, ,0.3003917161898578,0.1465112924652895,0.17961144402444393,0.4044493266746268,0.13923228145601046
BitRate blocking probability per pair and bitRate,4,400.0Gbps,15,19, ,0.0,0.0,0.0,0.0,0.0
BitRate blocking probability per pair and bitRate,4,400.0Gbps,9,22, ,0.0,0.0,0.0,0.0,0.0
BitRate blocking probability per pair and bitRate,4,400.0Gbps,9,19, ,0.0,0.0,0.0,0.0,0.0
BitRate blocking probability per pair and bitRate,4,400.0Gbps,24,7, ,0.0,0.0,0.0,0.0,0.0
BitRate blocking probability per pair and bitRate,4,400.0Gbps,1,18, ,0.0,0.0,0.0,0.0,0.0
BitRate blocking probability per pair and bitRate,4,400.0Gbps,19,4, ,0.22839393603886005,0.014629637547501278,0.26095775400710697,0.22490107971070775,0.017624976520669928
BitRate blocking probability per pair and bitRate,4,400.0Gbps,5,1, ,0.0,0.0,0.0,0.0,0.0
BitRate blocking probability per pair and bitRate,4,400.0Gbps,5,20, ,0.07510308126409493,0.18963979896795027,0.06637366504876975,0.09840134424733364,0.0
BitRate blocking probability per pair and bitRate,4,400.0Gbps,21,24, ,0.0,0.0,0.0,0.0,0.0
BitRate blocking probability per pair and bitRate,4,400.0Gbps,9,1, ,0.0,0.0,0.0,0.0,0.0
BitRate blocking probability per pair and bitRate,4,400.0Gbps,9,21, ,0.0,0.0,0.0,0.0,0.0
BitRate blocking probability per pair and bitRate,4,400.0Gbps,14,15, ,0.0,0.0,0.0,0.0,0.0
BitRate blocking probability per pair and bitRate,4,400.0Gbps,8,4, ,0.0,0.0,0.0,0.0,0.0
BitRate blocking probability per pair and bitRate,4,400.0Gbps,8,21, ,0.0,0.0,0.0,0.0,0.0
BitRate blocking probability per pair and bitRate,4,400.0Gbps,6,3, ,0.0,0.0,0.0,0.0,0.0
BitRate blocking probability per pair and bitRate,4,400.0Gbps,9,2, ,0.0,0.0,0.0,0.0,0.0
BitRate blocking probability per pair and bitRate,4,400.0Gbps,16,2, ,0.0,0.0,0.0,0.0,0.0
BitRate blocking probability per pair and bitRate,4,400.0Gbps,9,4, ,0.0,0.0,0.0,0.0,0.0
BitRate blocking probability per pair and bitRate,4,400.0Gbps,23,21, ,0.0,0.0,0.0,0.0,0.0
BitRate blocking probability per pair and bitRate,4,400.0Gbps,19,24, ,0.0,0.0,0.0,0.0,0.0
BitRate blocking probability per pair and bitRate,4,400.0Gbps,22,15, ,0.0,0.0,0.0,0.0,0.0
BitRate blocking probability per pair and bitRate,4,400.0Gbps,23,17, ,0.0,0.0,0.0,0.0,0.0
BitRate blocking probability per pair and bitRate,4,400.0Gbps,8,11, ,0.0,0.0,0.0,0.0,0.0
BitRate blocking probability per pair and bitRate,4,400.0Gbps,24,17, ,0.0,0.0,0.0,0.0,0.0
BitRate blocking probability per pair and bitRate,4,400.0Gbps,22,18, ,0.0,0.0,0.0,0.0,0.0
BitRate blocking probability per pair and bitRate,4,400.0Gbps,5,11, ,0.0,0.0,0.0,0.0,0.0
BitRate blocking probability per pair and bitRate,4,400.0Gbps,4,8, ,0.0,0.0,0.0,0.0,0.0
BitRate blocking probability per pair and bitRate,4,400.0Gbps,23,9, ,0.0,0.0,0.0,0.0,0.0
BitRate blocking probability per pair and bitRate,4,400.0Gbps,6,12, ,0.0,0.0,0.0,0.0,0.0
BitRate blocking probability per pair and bitRate,4,400.0Gbps,4,5, ,0.0,0.0,0.0,0.0,0.0
BitRate blocking probability per pair and bitRate,4,400.0Gbps,16,9, ,0.0,0.0,0.0,0.0,0.0
BitRate blocking probability per pair and bitRate,4,400.0Gbps,16,11, ,0.0,0.0,0.0,0.0,0.0
BitRate blocking probability per pair and bitRate,4,400.0Gbps,24,20, ,0.0,0.0,0.0,0.0,0.0
BitRate blocking probability per pair and bitRate,4,400.0Gbps,12,14, ,0.0,0.0,0.0,0.0,0.0
BitRate blocking probability per pair and bitRate,4,400.0Gbps,20,5, ,0.03207921914889742,0.02133324563180622,0.04529529546066886,0.0,0.0642734244248436
BitRate blocking probability per pair and bitRate,4,400.0Gbps,11,12, ,0.0,0.0,0.0,0.0,0.0
BitRate blocking probability per pair and bitRate,4,400.0Gbps,7,14, ,0.0,0.0,0.0,0.0,0.0
BitRate blocking probability per pair and bitRate,4,400.0Gbps,10,23, ,0.0,0.0,0.0,0.0,0.0
BitRate blocking probability per pair and bitRate,4,400.0Gbps,22,20, ,0.0,0.0,0.0,0.0,0.0
BitRate blocking probability per pair and bitRate,4,400.0Gbps,17,11, ,0.0,0.0,0.0,0.0,0.0
BitRate blocking probability per pair and bitRate,4,400.0Gbps,3,10, ,0.0,0.0,0.0,0.0,0.0
BitRate blocking probability per pair and bitRate,4,400.0Gbps,17,14, ,0.0,0.0,0.0,0.0,0.0
BitRate blocking probability per pair and bitRate,4,400.0Gbps,10,7, ,0.0,0.0,0.0,0.0,0.0
BitRate blocking probability per pair and bitRate,4,400.0Gbps,3,2, ,0.0,0.0,0.0,0.0,0.0
BitRate blocking probability per pair and bitRate,4,400.0Gbps,3,5, ,0.0,0.0,0.0,0.0,0.0
BitRate blocking probability per pair and bitRate,4,400.0Gbps,22,1, ,0.0,0.0,0.0,0.0,0.0
BitRate blocking probability per pair and bitRate,4,400.0Gbps,1,14, ,0.0,0.0,0.0,0.0,0.0
BitRate blocking probability per pair and bitRate,4,400.0Gbps,24,8, ,0.0,0.0,0.0,0.0,0.0
BitRate blocking probability per pair and bitRate,4,400.0Gbps,11,21, ,0.0,0.0,0.0,0.0,0.0
BitRate blocking probability per pair and bitRate,4,400.0Gbps,20,14, ,0.0,0.0,0.0,0.0,0.0
BitRate blocking probability per pair and bitRate,4,400.0Gbps,8,6, ,0.0,0.0,0.0,0.0,0.0
BitRate blocking probability per pair and bitRate,4,400.0Gbps,21,11, ,0.0,0.0,0.0,0.0,0.0
BitRate blocking probability per pair and bitRate,4,400.0Gbps,11,8, ,0.0,0.0,0.0,0.0,0.0
BitRate blocking probability per pair and bitRate,4,400.0Gbps,21,19, ,0.0,0.0,0.0,0.0,0.0
BitRate blocking probability per pair and bitRate,4,400.0Gbps,17,1, ,0.0,0.0,0.0,0.0,0.0
BitRate blocking probability per pair and bitRate,4,400.0Gbps,11,22, ,0.0,0.0,0.0,0.0,0.0
BitRate blocking probability per pair and bitRate,4,400.0Gbps,24,21, ,0.0,0.0,0.0,0.0,0.0
BitRate blocking probability per pair and bitRate,4,400.0Gbps,19,22, ,0.0,0.0,0.0,0.0,0.0
BitRate blocking probability per pair and bitRate,4,400.0Gbps,7,12, ,0.0,0.0,0.0,0.0,0.0
BitRate blocking probability per pair and bitRate,4,400.0Gbps,7,22, ,0.0,0.0,0.0,0.0,0.0
BitRate blocking probability per pair and bitRate,4,400.0Gbps,23,5, ,0.0,0.0,0.0,0.0,0.0
BitRate blocking probability per pair and bitRate,4,400.0Gbps,21,17, ,0.0,0.0,0.0,0.0,0.0
BitRate blocking probability per pair and bitRate,4,400.0Gbps,1,11, ,0.0,0.0,0.0,0.0,0.0
BitRate blocking probability per pair and bitRate,4,400.0Gbps,18,12, ,0.0,0.0,0.0,0.0,0.0
BitRate blocking probability per pair and bitRate,4,400.0Gbps,23,10, ,0.0,0.0,0.0,0.0,0.0
BitRate blocking probability per pair and bitRate,4,400.0Gbps,18,7, ,0.06600610935423878,0.0,0.0,0.0,0.0
BitRate blocking probability per pair and bitRate,4,400.0Gbps,24,22, ,0.0,0.0,0.0,0.0,0.0
BitRate blocking probability per pair and bitRate,4,400.0Gbps,21,2, ,0.0,0.0,0.0,0.0,0.0
BitRate blocking probability per pair and bitRate,4,400.0Gbps,16,4, ,0.0,0.0,0.0,0.0,0.0
BitRate blocking probability per pair and bitRate,4,400.0Gbps,10,9, ,0.0,0.0,0.0,0.0,0.0
BitRate blocking probability per pair and bitRate,4,400.0Gbps,22,5, ,0.08976410514953795,0.098250084301295,0.1708478411102063,0.23695541598360131,0.15089178566053935
BitRate blocking probability per pair and bitRate,4,400.0Gbps,9,17, ,0.0014246202007250945,0.12163107744334443,0.0,0.0,0.0
BitRate blocking probability per pair and bitRate,4,400.0Gbps,8,20, ,0.0,0.0,0.0,0.0,0.0
BitRate blocking probability per pair and bitRate,4,400.0Gbps,1,24, ,0.0,0.0,0.0,0.0,0.0
BitRate blocking probability per pair and bitRate,4,400.0Gbps,2,14, ,0.0,0.0,0.0,0.0,0.0
BitRate blocking probability per pair and bitRate,4,400.0Gbps,5,18, ,0.0,0.0,0.03244528373780707,0.0,0.05422099941155272
BitRate blocking probability per pair and bitRate,4,400.0Gbps,8,9, ,0.0,0.0,0.0,0.0,0.0
BitRate blocking probability per pair and bitRate,4,400.0Gbps,9,13, ,0.0,0.0,0.0,0.0,0.0
BitRate blocking probability per pair and bitRate,4,400.0Gbps,24,13, ,0.0,0.0,0.0,0.0,0.0
BitRate blocking probability per pair and bitRate,4,400.0Gbps,2,17, ,0.0,0.0,0.0,0.0,0.0
BitRate blocking probability per pair and bitRate,4,400.0Gbps,20,1, ,0.0,0.0,0.0,0.0,0.0
BitRate blocking probability per pair and bitRate,4,400.0Gbps,19,2, ,0.0,0.0,0.0,0.0,0.0
BitRate blocking probability per pair and bitRate,4,400.0Gbps,4,3, ,0.0,0.0,0.0,0.0,0.0
BitRate blocking probability per pair and bitRate,4,400.0Gbps,22,4, ,0.20938825582538484,0.4116249793421091,0.12850891089803423,0.1734688206507388,0.017339923547095626
BitRate blocking probability per pair and bitRate,4,400.0Gbps,5,4, ,0.0,0.0,0.0,0.0,0.0
BitRate blocking probability per pair and bitRate,4,400.0Gbps,16,19, ,0.0,0.0,0.0,0.0,0.0
BitRate blocking probability per pair and bitRate,4,400.0Gbps,12,6, ,0.0,0.0,0.0,0.0,0.0
BitRate blocking probability per pair and bitRate,4,400.0Gbps,17,8, ,0.0,0.0,0.0,0.0,0.0
BitRate blocking probability per pair and bitRate,4,400.0Gbps,12,9, ,0.0,0.0,0.0,0.0,0.0
BitRate blocking probability per pair and bitRate,4,400.0Gbps,11,20, ,0.0,0.0,0.0,0.0,0.0
BitRate blocking probability per pair and bitRate,4,400.0Gbps,15,12, ,0.0,0.0,0.0,0.0,0.0
BitRate blocking probability per pair and bitRate,4,400.0Gbps,9,16, ,0.0,0.0,0.0,0.0,0.0
BitRate blocking probability per pair and bitRate,4,400.0Gbps,7,15, ,0.0,0.0,0.0,0.0,0.0
BitRate blocking probability per pair and bitRate,4,400.0Gbps,6,13, ,0.0,0.0,0.0,0.0,0.0
BitRate blocking probability per pair and bitRate,4,400.0Gbps,19,18, ,0.0,0.0,0.0,0.0,0.0
BitRate blocking probability per pair and bitRate,4,400.0Gbps,3,9, ,0.0,0.0,0.0,0.0,0.0
BitRate blocking probability per pair and bitRate,4,400.0Gbps,21,18, ,0.0,0.0,0.0,0.0,0.0
BitRate blocking probability per pair and bitRate,4,400.0Gbps,1,17, ,0.0,0.0,0.0,0.0,0.0
BitRate blocking probability per pair and bitRate,4,400.0Gbps,8,24, ,0.0,0.0,0.0,0.0,0.0
BitRate blocking probability per pair and bitRate,4,400.0Gbps,7,16, ,0.0,0.0,0.0,0.0,0.0
BitRate blocking probability per pair and bitRate,4,400.0Gbps,15,21, ,0.0,0.0,0.0,0.0,0.0
BitRate blocking probability per pair and bitRate,4,400.0Gbps,18,22, ,0.0,0.0,0.0,0.0,0.0
BitRate blocking probability per pair and bitRate,4,400.0Gbps,14,2, ,0.0,0.0,0.0,0.0,0.0
BitRate blocking probability per pair and bitRate,4,400.0Gbps,2,12, ,0.0,0.0,0.0,0.0,0.0
BitRate blocking probability per pair and bitRate,4,400.0Gbps,12,8, ,0.0,0.0,0.0,0.0,0.0
BitRate blocking probability per pair and bitRate,4,400.0Gbps,1,13, ,0.0,0.0,0.0,0.0,0.0
BitRate blocking probability per pair and bitRate,4,400.0Gbps,8,18, ,0.0,0.0,0.0,0.0,0.0
BitRate blocking probability per pair and bitRate,4,400.0Gbps,15,6, ,0.0,0.0,0.0,0.0,0.0
BitRate blocking probability per pair and bitRate,4,400.0Gbps,6,20, ,0.40977668467279665,0.17027574515233543,0.13772326524784104,0.26191235289627635,0.12653162473170676
BitRate blocking probability per pair and bitRate,4,400.0Gbps,7,21, ,0.0,0.0,0.0,0.0,0.0
BitRate blocking probability per pair and bitRate,4,400.0Gbps,9,3, ,0.0,0.0,0.0,0.0,0.0
BitRate blocking probability per pair and bitRate,4,400.0Gbps,12,13, ,0.0,0.0,0.0,0.0,0.0
BitRate blocking probability per pair and bitRate,4,400.0Gbps,8,22, ,0.0,0.0,0.0,0.0,0.0
BitRate blocking probability per pair and bitRate,4,400.0Gbps,2,3, ,0.0,0.0,0.0,0.0,0.0
BitRate blocking probability per pair and bitRate,4,400.0Gbps,14,18, ,0.0,0.0,0.0,0.0,0.0
BitRate blocking probability per pair and bitRate,4,400.0Gbps,23,20, ,0.0,0.0,0.0,0.0,0.0
BitRate blocking probability per pair and bitRate,4,400.0Gbps,4,20, ,0.23621254167898809,0.12736661172546848,0.2584600554839213,0.505210450072112,0.6234219129468184
BitRate blocking probability per pair and bitRate,4,400.0Gbps,4,24, ,0.0,0.0,0.0,0.0,0.0
BitRate blocking probability per pair and bitRate,4,400.0Gbps,16,15, ,0.0,0.0,0.0,0.0,0.0
BitRate blocking probability per pair and bitRate,4,400.0Gbps,24,16, ,0.0,0.0,0.0,0.0,0.0
BitRate blocking probability per pair and bitRate,4,400.0Gbps,19,12, ,0.0,0.0,0.0,0.0,0.0
BitRate blocking probability per pair and bitRate,4,400.0Gbps,6,15, ,0.0,0.0,0.0,0.0,0.0
BitRate blocking probability per pair and bitRate,4,400.0Gbps,8,7, ,0.0,0.0,0.0,0.0,0.0
BitRate blocking probability per pair and bitRate,4,400.0Gbps,2,20, ,0.0,0.0,0.0,0.0,0.0
BitRate blocking probability per pair and bitRate,4,400.0Gbps,11,9, ,0.0,0.0,0.0,0.0,0.0
BitRate blocking probability per pair and bitRate,4,400.0Gbps,4,12, ,0.0,0.00808790992643688,0.0,0.0,0.0
BitRate blocking probability per pair and bitRate,4,400.0Gbps,13,23, ,0.0,0.0,0.0,0.0,0.0
BitRate blocking probability per pair and bitRate,4,400.0Gbps,11,16, ,0.0,0.0,0.0,0.0,0.0
BitRate blocking probability per pair and bitRate,4,400.0Gbps,3,11, ,0.0,0.0,0.0,0.0,0.0
BitRate blocking probability per pair and bitRate,4,400.0Gbps,2,5, ,0.0,0.0,0.0,0.0,0.0
BitRate blocking probability per pair and bitRate,4,400.0Gbps,3,24, ,0.0,0.0,0.0,0.0,0.0
BitRate blocking probability per pair and bitRate,4,400.0Gbps,18,1, ,0.0,0.0,0.0,0.0,0.0
BitRate blocking probability per pair and bitRate,4,400.0Gbps,10,2, ,0.0,0.0,0.0,0.0,0.0
BitRate blocking probability per pair and bitRate,4,400.0Gbps,15,16, ,0.0,0.0,0.0,0.0,0.0
BitRate blocking probability per pair and bitRate,4,400.0Gbps,20,17, ,0.0,0.0,0.0,0.0,0.0
BitRate blocking probability per pair and bitRate,4,400.0Gbps,5,13, ,0.0,0.0,0.0,0.0,0.0
BitRate blocking probability per pair and bitRate,4,400.0Gbps,24,15, ,0.0,0.0,0.0,0.0,0.0
BitRate blocking probability per pair and bitRate,4,400.0Gbps,12,17, ,0.0,0.0,0.0,0.0,0.0
BitRate blocking probability per pair and bitRate,4,400.0Gbps,20,2, ,0.0,0.0,0.0,0.0,0.0
BitRate blocking probability per pair and bitRate,4,400.0Gbps,5,19, ,0.06181872812064815,0.03885946218457484,0.15557043907177603,0.11076335797638624,0.09977440661510258
BitRate blocking probability per pair and bitRate,4,400.0Gbps,6,8, ,0.0,0.0,0.0,0.0,0.0
BitRate blocking probability per pair and bitRate,4,400.0Gbps,4,10, ,0.0,0.0,0.0,0.0,0.0
BitRate blocking probability per pair and bitRate,4,400.0Gbps,1,4, ,0.0,0.0,0.0,0.0,0.0
BitRate blocking probability per pair and bitRate,4,400.0Gbps,12,23, ,0.0,0.0,0.0,0.0,0.0
BitRate blocking probability per pair and bitRate,4,400.0Gbps,23,4, ,0.0,0.0,0.0,0.0,0.0
BitRate blocking probability per pair and bitRate,4,400.0Gbps,12,20, ,0.0,0.0,0.0,0.0,0.0
BitRate blocking probability per pair and bitRate,4,400.0Gbps,11,19, ,0.0,0.0,0.0,0.0,0.0
BitRate blocking probability per pair and bitRate,4,400.0Gbps,2,11, ,0.0,0.0,0.0,0.0,0.0
BitRate blocking probability per pair and bitRate,4,400.0Gbps,8,23, ,0.0,0.0,0.0,0.0,0.0
BitRate blocking probability per pair and bitRate,4,400.0Gbps,10,14, ,0.0,0.0,0.0,0.0,0.0
BitRate blocking probability per pair and bitRate,4,400.0Gbps,21,22, ,0.0,0.0,0.0,0.0,0.0
BitRate blocking probability per pair and bitRate,4,400.0Gbps,9,11, ,0.0,0.0,0.0,0.0,0.0
BitRate blocking probability per pair and bitRate,4,400.0Gbps,23,7, ,0.0,0.0,0.0,0.0,0.0
BitRate blocking probability per pair and bitRate,4,400.0Gbps,24,18, ,0.0,0.0,0.0,0.0,0.0
BitRate blocking probability per pair and bitRate,4,400.0Gbps,14,24, ,0.0,0.0,0.0,0.0,0.0
BitRate blocking probability per pair and bitRate,4,400.0Gbps,6,4, ,0.0,0.0,0.0,0.0,0.0
BitRate blocking probability per pair and bitRate,4,400.0Gbps,21,9, ,0.0,0.0,0.0,0.0,0.0
BitRate blocking probability per pair and bitRate,4,400.0Gbps,15,1, ,0.0,0.0,0.0,0.0,0.0
BitRate blocking probability per pair and bitRate,4,400.0Gbps,13,8, ,0.0,0.0,0.0,0.0,0.0
BitRate blocking probability per pair and bitRate,4,400.0Gbps,13,12, ,0.0,0.0,0.0,0.0,0.0
BitRate blocking probability per pair and bitRate,4,400.0Gbps,12,11, ,0.0,0.0,0.0,0.0,0.0
BitRate blocking probability per pair and bitRate,4,400.0Gbps,23,16, ,0.0,0.0,0.0,0.0,0.0
BitRate blocking probability per pair and bitRate,4,400.0Gbps,16,10, ,0.0,0.0,0.0,0.0,0.0
BitRate blocking probability per pair and bitRate,4,400.0Gbps,14,4, ,0.0,0.0,0.0,0.0,0.0
BitRate blocking probability per pair and bitRate,4,400.0Gbps,10,21, ,0.0,0.0,0.0,0.0,0.0
BitRate blocking probability per pair and bitRate,4,400.0Gbps,1,16, ,0.0,0.0,0.0,0.0,0.0
BitRate blocking probability per pair and bitRate,4,400.0Gbps,5,14, ,0.0,0.0,0.0,0.0,0.0
BitRate blocking probability per pair and bitRate,4,400.0Gbps,14,3, ,0.0,0.0,0.0,0.0,0.0
BitRate blocking probability per pair and bitRate,4,400.0Gbps,9,5, ,0.0,0.0,0.0,0.0,0.0
BitRate blocking probability per pair and bitRate,4,400.0Gbps,11,23, ,0.0,0.0,0.0,0.0,0.0
BitRate blocking probability per pair and bitRate,4,400.0Gbps,23,12, ,0.0,0.0,0.0,0.0,0.0
BitRate blocking probability per pair and bitRate,4,400.0Gbps,18,4, ,0.1747876208636745,0.02512003752838852,0.039909127569108194,0.0,0.19734543144787567
BitRate blocking probability per pair and bitRate,4,400.0Gbps,19,10, ,0.0,0.0,0.0,0.0,0.0
BitRate blocking probability per pair and bitRate,4,400.0Gbps,14,19, ,0.0,0.0,0.0,0.0,0.0
BitRate blocking probability per pair and bitRate,4,400.0Gbps,3,18, ,0.0,0.0,0.0,0.0,0.0
BitRate blocking probability per pair and bitRate,4,400.0Gbps,1,21, ,0.0,0.0,0.0,0.0,0.0
BitRate blocking probability per pair and bitRate,4,400.0Gbps,10,16, ,0.0,0.0,0.0,0.0,0.0
BitRate blocking probability per pair and bitRate,4,400.0Gbps,24,9, ,0.0,0.0,0.0,0.0,0.0
BitRate blocking probability per pair and bitRate,4,400.0Gbps,3,21, ,0.0,0.0,0.0,0.0,0.0
BitRate blocking probability per pair and bitRate,4,400.0Gbps,12,24, ,0.0,0.0,0.0,0.0,0.0
BitRate blocking probability per pair and bitRate,4,400.0Gbps,15,9, ,0.0,0.0,0.0,0.0,0.0
BitRate blocking probability per pair and bitRate,4,400.0Gbps,18,14, ,0.0,0.0,0.0,0.0,0.0
BitRate blocking probability per pair and bitRate,4,400.0Gbps,16,3, ,0.0,0.0,0.0,0.0,0.0
BitRate blocking probability per pair and bitRate,4,400.0Gbps,15,5, ,0.0,0.0,0.0,0.0,0.0
BitRate blocking probability per pair and bitRate,4,400.0Gbps,16,21, ,0.0,0.0,0.0,0.0,0.0
BitRate blocking probability per pair and bitRate,4,400.0Gbps,8,17, ,0.0,0.0,0.0,0.0,0.0
BitRate blocking probability per pair and bitRate,4,400.0Gbps,5,16, ,0.0,0.0,0.0,0.0,0.0
BitRate blocking probability per pair and bitRate,4,400.0Gbps,21,4, ,0.0,0.0,0.0,0.0,0.0
BitRate blocking probability per pair and bitRate,4,400.0Gbps,17,19, ,0.0,0.0,0.0,0.0,0.0
BitRate blocking probability per pair and bitRate,4,400.0Gbps,16,12, ,0.0,0.0,0.0,0.0,0.0
BitRate blocking probability per pair and bitRate,4,400.0Gbps,7,19, ,0.0,0.0,0.0,0.0,0.0
BitRate blocking probability per pair and bitRate,4,400.0Gbps,8,19, ,0.0,0.0,0.0,0.0,0.0
BitRate blocking probability per pair and bitRate,4,400.0Gbps,9,20, ,0.0,0.0,0.0,0.0,0.0
BitRate blocking probability per pair and bitRate,4,400.0Gbps,13,10, ,0.0,0.0,0.0,0.0,0.0
BitRate blocking probability per pair and bitRate,4,400.0Gbps,17,16, ,0.0,0.0,0.0,0.0,0.0
BitRate blocking probability per pair and bitRate,4,400.0Gbps,5,7, ,0.0,0.0,0.0,0.0,0.0
BitRate blocking probability per pair and bitRate,4,400.0Gbps,5,10, ,0.0,0.0,0.0,0.0,0.0
BitRate blocking probability per pair and bitRate,4,400.0Gbps,22,14, ,0.0,0.0,0.0,0.0,0.0
BitRate blocking probability per pair and bitRate,4,400.0Gbps,2,24, ,0.0,0.0,0.0,0.0,0.0
BitRate blocking probability per pair and bitRate,4,400.0Gbps,11,15, ,0.0,0.0,0.0,0.0,0.0
BitRate blocking probability per pair and bitRate,4,400.0Gbps,19,13, ,0.0,0.0,0.0,0.0,0.0
BitRate blocking probability per pair and bitRate,4,400.0Gbps,9,14, ,0.0,0.0,0.0,0.0,0.0
BitRate blocking probability per pair and bitRate,4,400.0Gbps,13,20, ,0.0,0.0,0.0,0.0,0.0
BitRate blocking probability per pair and bitRate,4,400.0Gbps,20,15, ,0.0,0.0,0.0,0.0,0.0
BitRate blocking probability per pair and bitRate,4,400.0Gbps,1,9, ,0.0,0.0,0.0,0.0,0.0
BitRate blocking probability per pair and bitRate,4,400.0Gbps,4,16, ,0.0,0.0,0.0,0.0,0.0
BitRate blocking probability per pair and bitRate,4,400.0Gbps,21,20, ,0.0,0.0,0.0,0.0,0.0
BitRate blocking probability per pair and bitRate,4,400.0Gbps,6,18, ,0.061782997234373506,0.056074679984243564,0.0384143302767546,0.2188040096289549,0.1777962334493103
BitRate blocking probability per pair and bitRate,4,400.0Gbps,3,20, ,0.0,0.0,0.0,0.0,0.0
BitRate blocking probability per pair and bitRate,4,400.0Gbps,21,10, ,0.0,0.0,0.0,0.0,0.0
BitRate blocking probability per pair and bitRate,4,400.0Gbps,2,19, ,0.0,0.0,0.0,0.0,0.0
BitRate blocking probability per pair and bitRate,4,400.0Gbps,7,17, ,0.0,0.0,0.0,0.0,0.0
BitRate blocking probability per pair and bitRate,4,400.0Gbps,14,5, ,0.0,0.0,0.0,0.0,0.0
BitRate blocking probability per pair and bitRate,4,400.0Gbps,7,13, ,0.0,0.0,0.0,0.0,0.0
BitRate blocking probability per pair and bitRate,4,400.0Gbps,5,15, ,0.0,0.0,0.0,0.0,0.0
BitRate blocking probability per pair and bitRate,4,400.0Gbps,18,8, ,0.0,0.0,0.0,0.0,0.0
BitRate blocking probability per pair and bitRate,4,400.0Gbps,19,17, ,0.0,0.0,0.0,0.0,0.0
BitRate blocking probability per pair and bitRate,4,400.0Gbps,19,21, ,0.0,0.0,0.0,0.0,0.0
BitRate blocking probability per pair and bitRate,4,400.0Gbps,19,3, ,0.0,0.0,0.0,0.0,0.0
BitRate blocking probability per pair and bitRate,4,400.0Gbps,13,19, ,0.0,0.0,0.0,0.0,0.0
BitRate blocking probability per pair and bitRate,4,400.0Gbps,12,18, ,0.0,0.0,0.0,0.0,0.0
BitRate blocking probability per pair and bitRate,4,400.0Gbps,13,3, ,0.0,0.0,0.0,0.0,0.0
BitRate blocking probability per pair and bitRate,4,400.0Gbps,7,18, ,0.0,0.0,0.0,0.0,0.00820396663012857
BitRate blocking probability per pair and bitRate,4,400.0Gbps,17,12, ,0.0,0.0,0.0,0.0,0.0
BitRate blocking probability per pair and bitRate,4,400.0Gbps,13,9, ,0.0,0.0,0.0,0.0,0.0
BitRate blocking probability per pair and bitRate,4,400.0Gbps,6,22, ,0.30294958274102796,0.3341501600132928,0.3689760087774481,0.2494646735246011,0.350005503225362
BitRate blocking probability per pair and bitRate,4,400.0Gbps,1,15, ,0.0,0.0,0.0,0.0,0.0
BitRate blocking probability per pair and bitRate,4,400.0Gbps,3,19, ,0.0,0.0,0.0,0.0,0.0
BitRate blocking probability per pair and bitRate,4,400.0Gbps,12,4, ,0.0,0.0,0.0,0.0,0.0
BitRate blocking probability per pair and bitRate,4,400.0Gbps,16,24, ,0.0,0.0,0.0,0.0,0.0
BitRate blocking probability per pair and bitRate,4,400.0Gbps,6,10, ,0.0,0.0,0.0,0.0,0.0
BitRate blocking probability per pair and bitRate,4,400.0Gbps,2,18, ,0.0,0.0,0.0,0.0,0.0
BitRate blocking probability per pair and bitRate,4,400.0Gbps,18,21, ,0.0,0.0,0.0,0.0,0.0
BitRate blocking probability per pair and bitRate,4,400.0Gbps,18,3, ,0.0,0.0,0.0,0.0,0.0
BitRate blocking probability per pair and bitRate,4,400.0Gbps,15,18, ,0.0,0.0,0.0,0.0,0.0
BitRate blocking probability per pair and bitRate,4,400.0Gbps,4,14, ,0.0,0.0,0.0,0.0,0.0
BitRate blocking probability per pair and bitRate,4,400.0Gbps,7,20, ,0.0,0.0,0.0,0.0,0.0
BitRate blocking probability per pair and bitRate,4,400.0Gbps,13,15, ,0.0,0.0,0.0,0.0,0.0
BitRate blocking probability per pair and bitRate,4,400.0Gbps,13,21, ,0.0,0.0,0.0,0.0,0.0
BitRate blocking probability per pair and bitRate,4,400.0Gbps,15,14, ,0.0,0.0,0.0,0.0,0.0
BitRate blocking probability per pair and bitRate,4,400.0Gbps,3,15, ,0.0,0.0,0.0,0.0,0.0
BitRate blocking probability per pair and bitRate,4,400.0Gbps,18,5, ,0.0,0.0,0.0,0.0,0.0
BitRate blocking probability per pair and bitRate,4,400.0Gbps,12,1, ,0.0,0.0,0.0,0.0,0.0
BitRate blocking probability per pair and bitRate,4,400.0Gbps,6,7, ,0.0,0.0,0.0,0.0,0.0
BitRate blocking probability per pair and bitRate,4,400.0Gbps,24,3, ,0.0,0.0,0.0,0.0,0.0
BitRate blocking probability per pair and bitRate,4,400.0Gbps,19,5, ,0.05461418914074803,0.08233509942062123,0.07934853407312431,0.039196352764503464,0.03473515283289772
BitRate blocking probability per pair and bitRate,4,400.0Gbps,20,19, ,0.0,0.0,0.0,0.0,0.0
BitRate blocking probability per pair and bitRate,4,400.0Gbps,5,17, ,0.4335204578272611,0.20174831773359192,0.4193410456807517,0.445129576727856,0.4411997698647788
BitRate blocking probability per pair and bitRate,4,400.0Gbps,20,12, ,0.0,0.0,0.0,0.0,0.0
BitRate blocking probability per pair and bitRate,4,400.0Gbps,4,22, ,0.1154972922661069,0.4826288479660852,0.35231642510876315,0.48006058842743476,0.3771618395036118
BitRate blocking probability per pair and bitRate,4,400.0Gbps,7,8, ,0.0,0.0,0.0,0.0,0.0
BitRate blocking probability per pair and bitRate,4,400.0Gbps,14,1, ,0.0,0.0,0.0,0.0,0.0
BitRate blocking probability per pair and bitRate,4,400.0Gbps,20,21, ,0.0,0.0,0.0,0.0,0.0
BitRate blocking probability per pair and bitRate,4,400.0Gbps,1,6, ,0.0,0.0,0.0,0.0,0.0
BitRate blocking probability per pair and bitRate,4,400.0Gbps,13,2, ,0.0,0.0,0.0,0.0,0.0
BitRate blocking probability per pair and bitRate,4,400.0Gbps,14,20, ,0.0,0.0,0.0,0.0,0.0
BitRate blocking probability per pair and bitRate,4,400.0Gbps,16,20, ,0.0,0.0,0.0,0.0,0.0
BitRate blocking probability per pair and bitRate,4,400.0Gbps,18,15, ,0.0,0.0,0.0,0.0,0.0
BitRate blocking probability per pair and bitRate,4,400.0Gbps,6,2, ,0.0,0.0,0.0,0.0,0.0
BitRate blocking probability per pair and bitRate,4,400.0Gbps,9,15, ,0.0,0.0,0.0,0.0,0.0
BitRate blocking probability per pair and bitRate,4,400.0Gbps,15,17, ,0.0,0.0,0.0,0.0,0.0
BitRate blocking probability per pair and bitRate,4,400.0Gbps,18,2, ,0.0,0.0,0.0,0.0,0.0
BitRate blocking probability per pair and bitRate,4,400.0Gbps,15,24, ,0.0,0.0,0.0,0.0,0.0
BitRate blocking probability per pair and bitRate,4,400.0Gbps,7,10, ,0.0,0.0,0.0,0.0,0.0
BitRate blocking probability per pair and bitRate,4,400.0Gbps,14,21, ,0.0,0.0,0.0,0.0,0.0
BitRate blocking probability per pair and bitRate,4,400.0Gbps,23,15, ,0.0,0.0,0.0,0.0,0.0
BitRate blocking probability per pair and bitRate,4,400.0Gbps,11,1, ,0.0,0.0,0.0,0.0,0.0
BitRate blocking probability per pair and bitRate,4,400.0Gbps,19,20, ,0.0,0.0,0.0,0.0,0.0
BitRate blocking probability per pair and bitRate,4,400.0Gbps,1,8, ,0.0,0.0,0.0,0.0,0.0
BitRate blocking probability per pair and bitRate,4,400.0Gbps,16,1, ,0.0,0.0,0.0,0.0,0.0
BitRate blocking probability per pair and bitRate,4,400.0Gbps,24,5, ,0.0,0.0,0.0,0.0,0.0
BitRate blocking probability per pair and bitRate,4,400.0Gbps,2,4, ,0.0,0.0,0.0,0.0,0.0
BitRate blocking probability per pair and bitRate,4,400.0Gbps,10,5, ,0.0,0.0,0.0,0.0,0.0
BitRate blocking probability per pair and bitRate,4,400.0Gbps,21,7, ,0.0,0.0,0.0,0.0,0.0
BitRate blocking probability per pair and bitRate,4,400.0Gbps,23,11, ,0.0,0.0,0.0,0.0,0.0
BitRate blocking probability per pair and bitRate,4,400.0Gbps,19,6, ,0.34546401586540554,0.13150740868201363,0.07839329655313255,0.04494512618650877,0.25462933639663093
BitRate blocking probability per pair and bitRate,4,400.0Gbps,10,17, ,0.0,0.0,0.0,0.0,0.0
BitRate blocking probability per pair and bitRate,4,400.0Gbps,3,8, ,0.0,0.0,0.0,0.0,0.0
BitRate blocking probability per pair and bitRate,4,400.0Gbps,3,23, ,0.0,0.0,0.0,0.0,0.0
BitRate blocking probability per pair and bitRate,4,400.0Gbps,17,9, ,0.06520883021539818,0.19655244501173638,0.0,0.001661110415717893,0.0
BitRate blocking probability per pair and bitRate,4,400.0Gbps,9,18, ,0.0,0.0,0.0,0.0,0.0
BitRate blocking probability per pair and bitRate,4,400.0Gbps,1,3, ,0.0,0.0,0.0,0.0,0.0
BitRate blocking probability per pair and bitRate,4,400.0Gbps,10,20, ,0.0,0.0,0.0,0.0,0.0
BitRate blocking probability per pair and bitRate,4,400.0Gbps,21,6, ,0.0,0.0,0.0,0.0,0.0
BitRate blocking probability per pair and bitRate,4,400.0Gbps,8,5, ,0.0,0.0,0.0,0.0,0.0
BitRate blocking probability per pair and bitRate,4,400.0Gbps,9,8, ,0.0,0.0,0.0,0.0,0.0
BitRate blocking probability per pair and bitRate,4,400.0Gbps,24,4, ,0.0,0.0,0.0,0.0,0.0
BitRate blocking probability per pair and bitRate,4,400.0Gbps,1,12, ,0.0,0.0,0.0,0.0,0.0
BitRate blocking probability per pair and bitRate,4,400.0Gbps,11,5, ,0.0,0.0,0.0,0.0,0.0
BitRate blocking probability per pair and bitRate,4,400.0Gbps,22,7, ,0.0,0.0,0.0,0.0,0.0
BitRate blocking probability per pair and bitRate,4,400.0Gbps,22,8, ,0.0,0.0,0.0,0.0,0.0
BitRate blocking probability per pair and bitRate,4,400.0Gbps,20,22, ,0.0,0.0,0.0,0.0,0.0
BitRate blocking probability per pair and bitRate,4,400.0Gbps,13,24, ,0.0,0.0,0.0,0.0,0.0
BitRate blocking probability per pair and bitRate,4,400.0Gbps,1,7, ,0.0,0.0,0.0,0.0,0.0
BitRate blocking probability per pair and bitRate,4,400.0Gbps,17,20, ,0.0,0.0,0.0,0.0,0.0
BitRate blocking probability per pair and bitRate,4,400.0Gbps,16,18, ,0.0,0.0,0.0,0.0,0.0
BitRate blocking probability per pair and bitRate,4,400.0Gbps,16,8, ,0.0,0.0,0.0,0.0,0.0
BitRate blocking probability per pair and bitRate,4,400.0Gbps,12,15, ,0.0,0.0,0.0,0.0,0.0
BitRate blocking probability per pair and bitRate,4,400.0Gbps,17,5, ,0.0,0.11070351503593333,0.1559493917710492,0.2305983158997374,0.024833869373564403
BitRate blocking probability per pair and bitRate,4,400.0Gbps,23,14, ,0.0,0.0,0.0,0.0,0.0
BitRate blocking probability per pair and bitRate,4,400.0Gbps,1,19, ,0.06603784700601932,0.0,0.0,0.0,0.04555662210777374
BitRate blocking probability per pair and bitRate,4,400.0Gbps,17,7, ,0.0,0.0,0.0,0.0,0.0
BitRate blocking probability per pair and bitRate,4,400.0Gbps,18,9, ,0.0,0.0,0.0,0.0,0.0
BitRate blocking probability per pair and bitRate,4,400.0Gbps,18,23, ,0.0,0.0,0.0,0.0,0.0
BitRate blocking probability per pair and bitRate,4,400.0Gbps,13,22, ,0.0,0.0,0.0,0.0,0.0
BitRate blocking probability per pair and bitRate,4,400.0Gbps,7,6, ,0.0,0.0,0.0,0.0,0.0
BitRate blocking probability per pair and bitRate,4,400.0Gbps,9,23, ,0.0,0.0,0.0,0.0,0.0
BitRate blocking probability per pair and bitRate,4,400.0Gbps,13,6, ,0.0,0.0,0.0,0.0,0.0
BitRate blocking probability per pair and bitRate,4,400.0Gbps,15,8, ,0.0,0.0,0.0,0.0,0.0
BitRate blocking probability per pair and bitRate,4,400.0Gbps,13,14, ,0.0,0.0,0.0,0.0,0.0
BitRate blocking probability per pair and bitRate,4,400.0Gbps,20,3, ,0.0,0.0,0.0,0.0,0.0
BitRate blocking probability per pair and bitRate,4,400.0Gbps,21,16, ,0.0,0.0,0.0,0.0,0.0
BitRate blocking probability per pair and bitRate,4,400.0Gbps,3,16, ,0.0,0.0,0.0,0.0,0.0
BitRate blocking probability per pair and bitRate,4,400.0Gbps,22,13, ,0.0,0.0,0.0,0.0,0.0
BitRate blocking probability per pair and bitRate,4,400.0Gbps,3,14, ,0.0,0.0,0.0,0.0,0.0
BitRate blocking probability per pair and bitRate,4,400.0Gbps,3,7, ,0.0,0.0,0.0,0.0,0.0
BitRate blocking probability per pair and bitRate,4,400.0Gbps,10,22, ,0.0,0.0,0.0,0.0,0.0
BitRate blocking probability per pair and bitRate,4,400.0Gbps,8,10, ,0.0,0.0,0.0,0.0,0.0
BitRate blocking probability per pair and bitRate,4,400.0Gbps,22,6, ,0.08103416969334876,0.32293066442960194,0.08593984384333553,0.23018864604860462,0.075459946714788
BitRate blocking probability per pair and bitRate,4,400.0Gbps,5,2, ,0.0,0.0,0.0,0.0,0.0
BitRate blocking probability per pair and bitRate,4,400.0Gbps,13,5, ,0.0,0.0,0.0,0.0,0.0
BitRate blocking probability per pair and bitRate,4,400.0Gbps,23,8, ,0.0,0.0,0.0,0.0,0.0
BitRate blocking probability per pair and bitRate,4,400.0Gbps,13,11, ,0.0,0.0,0.0,0.0,0.0
BitRate blocking probability per pair and bitRate,4,400.0Gbps,13,7, ,0.0,0.0,0.0,0.0,0.0
BitRate blocking probability per pair and bitRate,4,400.0Gbps,3,13, ,0.0,0.0,0.0,0.0,0.0
BitRate blocking probability per pair and bitRate,4,400.0Gbps,10,12, ,0.0,0.0,0.0,0.0,0.0
BitRate blocking probability per pair and bitRate,4,400.0Gbps,24,11, ,0.0,0.0,0.0,0.0,0.0
BitRate blocking probability per pair and bitRate,4,400.0Gbps,9,7, ,0.0,0.0,0.0,0.0,0.0
BitRate blocking probability per pair and bitRate,4,400.0Gbps,24,12, ,0.0,0.0,0.0,0.0,0.0
BitRate blocking probability per pair and bitRate,4,400.0Gbps,15,3, ,0.0,0.0,0.0,0.0,0.0
BitRate blocking probability per pair and bitRate,4,400.0Gbps,22,11, ,0.0,0.0,0.0,0.0,0.0
BitRate blocking probability per pair and bitRate,4,400.0Gbps,18,19, ,0.0,0.0,0.0,0.0,0.0
BitRate blocking probability per pair and bitRate,4,400.0Gbps,16,7, ,0.0,0.0,0.0,0.0,0.0
BitRate blocking probability per pair and bitRate,4,400.0Gbps,5,24, ,0.0,0.0,0.0,0.0,0.0
BitRate blocking probability per pair and bitRate,4,400.0Gbps,10,19, ,0.0,0.0,0.0,0.0,0.0
BitRate blocking probability per pair and bitRate,4,400.0Gbps,23,13, ,0.0,0.0,0.0,0.0,0.0
BitRate blocking probability per pair and bitRate,4,400.0Gbps,12,3, ,0.0,0.0,0.0,0.0,0.0
BitRate blocking probability per pair and bitRate,4,400.0Gbps,9,10, ,0.0,0.0,0.0,0.0,0.0
BitRate blocking probability per pair and bitRate,4,400.0Gbps,4,18, ,0.25491553356247376,0.11860501721292539,0.07926397606142391,0.2236789642362329,0.0035057570365684444
BitRate blocking probability per pair and bitRate,4,400.0Gbps,4,19, ,0.21612129043855952,0.07705994030437659,0.04891781512706908,0.30514254349633574,0.17729934228129032
BitRate blocking probability per pair and bitRate,4,400.0Gbps,17,15, ,0.0,0.0,0.0,0.0,0.0
BitRate blocking probability per pair and bitRate,4,400.0Gbps,2,22, ,0.08182429153659446,0.05359438481978886,0.15567349458910978,0.1025812464364238,0.053240913034828606
BitRate blocking probability per pair and bitRate,4,400.0Gbps,11,17, ,0.0,0.0,0.0,0.0,0.0
BitRate blocking probability per pair and bitRate,4,400.0Gbps,18,13, ,0.0,0.0,0.0,0.0,0.0
BitRate blocking probability per pair and bitRate,4,400.0Gbps,24,10, ,0.0,0.0,0.0,0.0,0.0
BitRate blocking probability per pair and bitRate,4,400.0Gbps,11,13, ,0.0,0.0,0.0,0.0,0.0
BitRate blocking probability per pair and bitRate,4,400.0Gbps,12,22, ,0.0,0.0,0.0,0.0,0.0
BitRate blocking probability per pair and bitRate,4,400.0Gbps,20,23, ,0.0,0.0,0.0,0.0,0.0
BitRate blocking probability per pair and bitRate,4,400.0Gbps,4,7, ,0.0,0.0,0.0,0.0,0.0
BitRate blocking probability per pair and bitRate,4,400.0Gbps,9,12, ,0.0,0.0,0.0,0.0,0.0
BitRate blocking probability per pair and bitRate,4,400.0Gbps,4,13, ,0.0,0.0,0.0,0.0,0.0
BitRate blocking probability per pair and bitRate,4,400.0Gbps,20,13, ,0.0,0.0,0.0,0.0,0.0
BitRate blocking probability per pair and bitRate,4,400.0Gbps,10,3, ,0.0,0.0,0.0,0.0,0.0
BitRate blocking probability per pair and bitRate,4,400.0Gbps,21,3, ,0.0,0.0,0.0,0.0,0.0
BitRate blocking probability per pair and bitRate,4,400.0Gbps,7,9, ,0.0,0.0,0.0,0.0,0.0
BitRate blocking probability per pair and bitRate,4,400.0Gbps,12,19, ,0.0,0.0,0.0,0.0,0.0
BitRate blocking probability per pair and bitRate,4,400.0Gbps,19,16, ,0.0,0.0,0.0,0.0,0.0
BitRate blocking probability per pair and bitRate,4,400.0Gbps,20,11, ,0.0,0.0,0.0,0.0,0.0
BitRate blocking probability per pair and bitRate,4,400.0Gbps,22,9, ,0.2941997340215355,0.01973838004772893,0.0,0.0,0.0
BitRate blocking probability per pair and bitRate,4,400.0Gbps,7,11, ,0.0,0.0,0.0,0.0,0.0
BitRate blocking probability per pair and bitRate,4,400.0Gbps,6,1, ,0.0,0.0,0.0,0.0,0.0
BitRate blocking probability per pair and bitRate,4,400.0Gbps,6,14, ,0.0,0.0,0.0,0.0,0.0
BitRate blocking probability per pair and bitRate,4,400.0Gbps,21,1, ,0.0,0.0,0.0,0.0,0.0
BitRate blocking probability per pair and bitRate,4,400.0Gbps,4,23, ,0.0,0.0,0.0,0.0,0.0
BitRate blocking probability per pair and bitRate,4,400.0Gbps,1,5, ,0.0,0.0,0.0,0.0,0.0
BitRate blocking probability per pair and bitRate,4,400.0Gbps,3,22, ,0.04974938358819109,0.0913061943463178,0.060482822160179535,0.09516034816703332,0.08904313507208873
BitRate blocking probability per pair and bitRate,4,400.0Gbps,5,23, ,0.0,0.0,0.0,0.0,0.0
BitRate blocking probability per pair and bitRate,4,400.0Gbps,14,9, ,0.0,0.0,0.0,0.0,0.0
BitRate blocking probability per pair and bitRate,4,400.0Gbps,23,6, ,0.0,0.0,0.0,0.0,0.0
BitRate blocking probability per pair and bitRate,4,400.0Gbps,6,19, ,0.19099802004339933,0.25724897281504827,0.05530057434249034,0.5147734691171367,0.32242854121684467
BitRate blocking probability per pair and bitRate,4,400.0Gbps,14,13, ,0.0,0.0,0.0,0.0,0.0
BitRate blocking probability per pair and bitRate,4,400.0Gbps,14,11, ,0.0,0.0,0.0,0.0,0.0
BitRate blocking probability per pair and bitRate,4,400.0Gbps,12,21, ,0.0,0.0,0.0,0.0,0.0
BitRate blocking probability per pair and bitRate,4,400.0Gbps,2,8, ,0.0,0.0,0.0,0.0,0.0
BitRate blocking probability per pair and bitRate,4,400.0Gbps,16,13, ,0.0,0.0,0.0,0.0,0.0
BitRate blocking probability per pair and bitRate,4,400.0Gbps,20,18, ,0.0,0.0,0.0,0.0,0.0
BitRate blocking probability per pair and bitRate,4,400.0Gbps,6,9, ,0.0,0.0,0.0,0.0,0.0
BitRate blocking probability per pair and bitRate,4,400.0Gbps,6,23, ,0.0,0.0,0.0,0.0,0.0
BitRate blocking probability per pair and bitRate,4,400.0Gbps,10,4, ,0.0,0.0,0.0,0.0,0.0
BitRate blocking probability per pair and bitRate,4,400.0Gbps,17,23, ,0.0,0.0,0.0,0.0,0.0
BitRate blocking probability per pair and bitRate,4,400.0Gbps,17,18, ,0.0,0.0,0.0,0.0,0.0
BitRate blocking probability per pair and bitRate,4,400.0Gbps,14,12, ,0.0,0.0,0.0,0.0,0.0
BitRate blocking probability per pair and bitRate,4,400.0Gbps,14,17, ,0.0,0.0,0.0,0.0,0.0
BitRate blocking probability per pair and bitRate,4,400.0Gbps,19,7, ,0.0,0.0,0.0,0.0,0.0
BitRate blocking probability per pair and bitRate,4,400.0Gbps,7,24, ,0.0,0.0,0.0,0.0,0.0
BitRate blocking probability per pair and bitRate,4,400.0Gbps,11,18, ,0.0,0.0,0.0,0.0,0.0
BitRate blocking probability per pair and bitRate,4,400.0Gbps,11,10, ,0.0,0.0,0.0,0.0,0.0
BitRate blocking probability per pair and bitRate,4,400.0Gbps,14,22, ,0.0,0.0,0.0,0.0,0.0
BitRate blocking probability per pair and bitRate,4,400.0Gbps,4,9, ,0.0,0.0,0.0,0.0,0.0
BitRate blocking probability per pair and bitRate,4,400.0Gbps,22,21, ,0.0,0.0,0.0,0.0,0.0
BitRate blocking probability per pair and bitRate,4,400.0Gbps,22,24, ,0.0,0.0,0.0,0.0,0.0
BitRate blocking probability per pair and bitRate,4,400.0Gbps,8,15, ,0.0,0.0,0.0,0.0,0.0
BitRate blocking probability per pair and bitRate,4,400.0Gbps,12,5, ,0.0,0.0,0.0,0.0,0.0
BitRate blocking probability per pair and bitRate,4,400.0Gbps,7,23, ,0.0,0.0,0.0,0.0,0.0
BitRate blocking probability per pair and bitRate,4,400.0Gbps,24,14, ,0.0,0.0,0.0,0.0,0.0
BitRate blocking probability per pair and bitRate,4,400.0Gbps,1,2, ,0.0,0.0,0.0,0.0,0.0
BitRate blocking probability per pair and bitRate,4,400.0Gbps,15,22, ,0.0,0.0,0.0,0.0,0.0
BitRate blocking probability per pair and bitRate,4,400.0Gbps,19,14, ,0.0,0.0,0.0,0.0,0.0
BitRate blocking probability per pair and bitRate,4,400.0Gbps,21,23, ,0.0,0.0,0.0,0.0,0.0
BitRate blocking probability per pair and bitRate,4,400.0Gbps,8,1, ,0.0,0.0,0.0,0.0,0.0
BitRate blocking probability per pair and bitRate,4,400.0Gbps,18,10, ,0.0,0.0,0.0,0.0,0.0
BitRate blocking probability per pair and bitRate,4,400.0Gbps,17,3, ,0.0,0.0,0.0,0.0,0.0
BitRate blocking probability per pair and bitRate,4,400.0Gbps,5,9, ,0.0,0.0,0.0,0.0,0.0
BitRate blocking probability per pair and bitRate,4,400.0Gbps,19,8, ,0.0,0.0,0.0,0.0,0.0
BitRate blocking probability per pair and bitRate,4,400.0Gbps,4,21, ,0.0,0.06886395123555487,0.0,0.06381623224992274,0.02818699013202771
BitRate blocking probability per pair and bitRate,4,400.0Gbps,8,16, ,0.0,0.0,0.0,0.0,0.0
BitRate blocking probability per pair and bitRate,4,400.0Gbps,5,12, ,0.0,0.0,0.0,0.0,0.0
BitRate blocking probability per pair and bitRate,4,400.0Gbps,6,16, ,0.0,0.0,0.0,0.0,0.0
BitRate blocking probability per pair and bitRate,4,400.0Gbps,20,10, ,0.0,0.0,0.0,0.0,0.0
BitRate blocking probability per pair and bitRate,4,400.0Gbps,2,15, ,0.0,0.0,0.0,0.0,0.0
BitRate blocking probability per pair and bitRate,4,400.0Gbps,20,6, ,0.16092959163508663,0.19217895893124068,0.03885682631245591,0.232406470044913,0.1576381004515088
BitRate blocking probability per pair and bitRate,4,400.0Gbps,21,13, ,0.0,0.0,0.0,0.0,0.0
BitRate blocking probability per pair and bitRate,4,400.0Gbps,6,21, ,0.0,0.0,0.0,0.0,0.15871298873434317
BitRate blocking probability per pair and bitRate,4,400.0Gbps,18,16, ,0.0,0.0,0.0,0.0,0.0
BitRate blocking probability per pair and bitRate,4,400.0Gbps,5,21, ,0.0,0.0,0.0,0.0,0.0
BitRate blocking probability per pair and bitRate,4,400.0Gbps,15,11, ,0.0,0.0,0.0,0.0,0.0
BitRate blocking probability per pair and bitRate,4,400.0Gbps,8,12, ,0.0,0.0,0.0,0.0,0.0
BitRate blocking probability per pair and bitRate,4,400.0Gbps,19,1, ,0.0,0.0,0.0,0.0,0.0
BitRate blocking probability per pair and bitRate,4,400.0Gbps,21,14, ,0.0,0.0,0.0,0.0,0.0
BitRate blocking probability per pair and bitRate,4,400.0Gbps,2,13, ,0.0,0.0,0.0,0.0,0.0
BitRate blocking probability per pair and bitRate,4,400.0Gbps,17,6, ,0.22018221927820747,0.34040464255481406,0.1768666255032162,0.24954330562514615,0.14176165937599122
BitRate blocking probability per pair and bitRate,4,400.0Gbps,24,1, ,0.0,0.0,0.0,0.0,0.0
BitRate blocking probability per pair and bitRate,4,400.0Gbps,8,3, ,0.0,0.0,0.0,0.0,0.0
BitRate blocking probability per pair and bitRate,4,400.0Gbps,1,22, ,0.05208044445858736,0.07615753758464151,0.22489763966051837,0.0,0.07030952174184464
BitRate blocking probability per pair and bitRate,4,400.0Gbps,23,3, ,0.0,0.0,0.0,0.0,0.0
BitRate blocking probability per pair and bitRate,4,400.0Gbps,2,1, ,0.0,0.0,0.0,0.0,0.0
BitRate blocking probability per pair and bitRate,4,400.0Gbps,15,23, ,0.0,0.0,0.0,0.0,0.0
BitRate blocking probability per pair and bitRate,4,400.0Gbps,19,15, ,0.0,0.0,0.0,0.0,0.0
BitRate blocking probability per pair and bitRate,4,400.0Gbps,2,23, ,0.0,0.0,0.0,0.0,0.0
BitRate blocking probability per pair and bitRate,4,400.0Gbps,13,17, ,0.0,0.0,0.0,0.0,0.0
BitRate blocking probability per pair and bitRate,4,400.0Gbps,1,10, ,0.0,0.0,0.0,0.0,0.0
BitRate blocking probability per pair and bitRate,4,400.0Gbps,5,22, ,0.09419016107540096,0.35718454187631327,0.2745399368373914,0.34298373868849813,0.11496292561295561
BitRate blocking probability per pair and bitRate,4,400.0Gbps,18,24, ,0.0,0.0,0.0,0.0,0.0
BitRate blocking probability per pair and bitRate,4,400.0Gbps,19,23, ,0.0,0.0,0.0,0.0,0.0
BitRate blocking probability per pair and bitRate,4,400.0Gbps,20,8, ,0.0,0.0,0.0,0.0,0.0
BitRate blocking probability per pair and bitRate,4,400.0Gbps,10,6, ,0.0,0.0,0.0,0.0,0.0
BitRate blocking probability per pair and bitRate,4,400.0Gbps,2,6, ,0.0,0.0,0.0,0.0,0.0
BitRate blocking probability per pair and bitRate,4,400.0Gbps,16,14, ,0.0,0.0,0.0,0.0,0.0
BitRate blocking probability per pair and bitRate,4,400.0Gbps,24,19, ,0.0,0.0,0.0,0.0,0.0
BitRate blocking probability per pair and bitRate,4,400.0Gbps,23,19, ,0.0,0.0,0.0,0.0,0.0
BitRate blocking probability per pair and bitRate,4,400.0Gbps,12,2, ,0.0,0.0,0.0,0.0,0.0
BitRate blocking probability per pair and bitRate,4,400.0Gbps,23,1, ,0.0,0.0,0.0,0.0,0.0
BitRate blocking probability per pair and bitRate,4,400.0Gbps,15,7, ,0.0,0.0,0.0,0.0,0.0
BitRate blocking probability per pair and bitRate,4,400.0Gbps,22,12, ,0.0,0.0,0.0,0.0,0.0
BitRate blocking probability per pair and bitRate,4,400.0Gbps,3,6, ,0.0,0.0,0.0,0.0,0.0
BitRate blocking probability per pair and bitRate,4,400.0Gbps,4,2, ,0.0,0.0,0.0,0.0,0.0
BitRate blocking probability per pair and bitRate,4,400.0Gbps,13,1, ,0.0,0.0,0.0,0.0,0.0
BitRate blocking probability per pair and bitRate,4,400.0Gbps,6,5, ,0.0,0.0,0.0,0.0,0.0
BitRate blocking probability per pair and bitRate,4,400.0Gbps,16,22, ,0.0,0.0,0.0,0.0,0.0
BitRate blocking probability per pair and bitRate,4,400.0Gbps,7,5, ,0.0,0.0,0.0,0.0,0.0
BitRate blocking probability per pair and bitRate,4,400.0Gbps,6,24, ,0.0,0.0,0.0,0.0,0.0
BitRate blocking probability per pair and bitRate,4,400.0Gbps,18,17, ,0.0,0.0,0.0,0.0,0.0
BitRate blocking probability per pair and bitRate,4,400.0Gbps,22,3, ,0.0,0.0,0.0,0.0,0.0
BitRate blocking probability per pair and bitRate,4,400.0Gbps,13,4, ,0.0,0.0,0.0,0.0,0.0
BitRate blocking probability per pair and bitRate,4,400.0Gbps,16,5, ,0.0,0.0,0.0,0.0,0.0
BitRate blocking probability per pair and bitRate,4,400.0Gbps,18,11, ,0.0,0.0,0.0,0.0,0.0
BitRate blocking probability per pair and bitRate,4,400.0Gbps,6,11, ,0.0,0.0,0.0,0.0,0.0
BitRate blocking probability per pair and bitRate,4,400.0Gbps,17,13, ,0.0,0.0,0.0,0.0,0.0
BitRate blocking probability per pair and bitRate,4,400.0Gbps,7,3, ,0.0,0.0,0.0,0.0,0.0
BitRate blocking probability per pair and bitRate,4,400.0Gbps,22,23, ,0.0,0.0,0.0,0.0,0.0
BitRate blocking probability per pair and bitRate,4,400.0Gbps,10,13, ,0.0,0.0,0.0,0.0,0.0
BitRate blocking probability per pair and bitRate,4,400.0Gbps,14,7, ,0.0,0.0,0.0,0.0,0.0
BitRate blocking probability per pair and bitRate,4,400.0Gbps,20,16, ,0.0,0.0,0.0,0.0,0.0
BitRate blocking probability per pair and bitRate,4,400.0Gbps,14,8, ,0.0,0.0,0.0,0.0,0.0
BitRate blocking probability per pair and bitRate,4,400.0Gbps,7,4, ,0.0,0.0,0.0,0.0,0.0
BitRate blocking probability per pair and bitRate,4,400.0Gbps,8,14, ,0.0,0.0,0.0,0.0,0.0
BitRate blocking probability per pair and bitRate,4,400.0Gbps,3,12, ,0.0,0.0,0.0,0.0,0.0
BitRate blocking probability per pair and bitRate,4,400.0Gbps,7,2, ,0.0,0.0,0.0,0.0,0.0
BitRate blocking probability per pair and bitRate,4,400.0Gbps,10,11, ,0.0,0.0,0.0,0.0,0.0
BitRate blocking probability per pair and bitRate,4,400.0Gbps,11,14, ,0.0,0.0,0.0,0.0,0.0
BitRate blocking probability per pair and bitRate,4,400.0Gbps,20,24, ,0.0,0.0,0.0,0.0,0.0
BitRate blocking probability per pair and bitRate,4,400.0Gbps,20,4, ,0.1362874416082993,0.15226879318150544,0.2242414141631556,0.1296998867724096,0.2650744112950684
BitRate blocking probability per pair and bitRate,4,400.0Gbps,23,2, ,0.0,0.0,0.0,0.0,0.0
BitRate blocking probability per pair and bitRate,4,400.0Gbps,22,2, ,0.0,0.0,0.0,0.0,0.0
BitRate blocking probability per pair and bitRate,4,400.0Gbps,22,19, ,0.0,0.0,0.0,0.0,0.0
BitRate blocking probability per pair and bitRate,4,400.0Gbps,24,23, ,0.0,0.0,0.0,0.0,0.0
BitRate blocking probability per pair and bitRate,4,400.0Gbps,6,17, ,0.4164747560276546,0.09461417871784042,0.3417867411514806,0.2714819474553283,0.5112839885009828
BitRate blocking probability per pair and bitRate,4,400.0Gbps,4,15, ,0.0,0.0,0.0,0.0,0.0
BitRate blocking probability per pair and bitRate,4,400.0Gbps,20,7, ,0.0,0.0,0.0,0.0,0.0
BitRate blocking probability per pair and bitRate,4,400.0Gbps,10,8, ,0.0,0.0,0.0,0.0,0.0
BitRate blocking probability per pair and bitRate,4,400.0Gbps,10,24, ,0.0,0.0,0.0,0.0,0.0
BitRate blocking probability per pair and bitRate,4,400.0Gbps,12,16, ,0.0,0.0,0.0,0.0,0.0
BitRate blocking probability per pair and bitRate,4,400.0Gbps,8,13, ,0.0,0.0,0.0,0.0,0.0
BitRate blocking probability per pair and bitRate,4,400.0Gbps,11,4, ,0.0,0.0,0.0,0.0,0.0
BitRate blocking probability per pair and bitRate,4,400.0Gbps,22,17, ,0.0,0.0,0.0,0.0,0.0
BitRate blocking probability per pair and bitRate,4,400.0Gbps,4,1, ,0.0,0.0,0.0,0.0,0.0
BitRate blocking probability per pair and bitRate,4,400.0Gbps,14,6, ,0.0,0.0,0.0,0.0,0.0
BitRate blocking probability per pair and bitRate,4,400.0Gbps,14,10, ,0.0,0.0,0.0,0.0,0.0
BitRate blocking probability per pair and bitRate,4,400.0Gbps,24,6, ,0.0,0.0,0.0,0.0,0.0
BitRate blocking probability per pair and bitRate,4,400.0Gbps,15,2, ,0.0,0.0,0.0,0.0,0.0
BitRate blocking probability per pair and bitRate,4,400.0Gbps,22,10, ,0.0,0.0,0.0,0.0,0.0
BitRate blocking probability per pair and bitRate,4,400.0Gbps,4,17, ,0.3425615237604179,0.6211299671038233,0.39303593973484513,0.2796693603209294,0.34678688634961696
BitRate blocking probability per pair and bitRate,4,400.0Gbps,17,2, ,0.0,0.0,0.0,0.0,0.0
BitRate blocking probability per pair and bitRate,4,400.0Gbps,18,20, ,0.0,0.0,0.0,0.0,0.0
BitRate blocking probability per pair and bitRate,4,400.0Gbps,17,21, ,0.0,0.0,0.0,0.0,0.0
BitRate blocking probability per pair and bitRate,4,400.0Gbps,18,6, ,0.06764376491683453,0.07933169113595331,0.0,0.05387505977017073,0.09787387467586553
BitRate blocking probability per pair and bitRate,4,400.0Gbps,10,15, ,0.0,0.0,0.0,0.0,0.0
BitRate blocking probability per pair and bitRate,4,400.0Gbps,4,11, ,0.0,0.0,0.0,0.0,0.0
BitRate blocking probability per pair and bitRate,4,400.0Gbps,2,21, ,0.0,0.0,0.0,0.0,0.0
BitRate blocking probability per pair and bitRate,4,400.0Gbps,19,9, ,0.0,0.0,0.0,0.018859733288404783,0.027964251620064457
BitRate blocking probability per pair and bitRate,4,400.0Gbps,5,8, ,0.0,0.0,0.0,0.0,0.0
BitRate blocking probability per pair and bitRate,4,400.0Gbps,5,3, ,0.0,0.0,0.0,0.0,0.0
BitRate blocking probability per pair and bitRate,4,400.0Gbps,11,6, ,0.0,0.0,0.0,0.0,0.0
BitRate blocking probability per pair and bitRate,4,400.0Gbps,8,2, ,0.0,0.0,0.0,0.0,0.0
BitRate blocking probability per pair and bitRate,4,400.0Gbps,9,24, ,0.0,0.0,0.0,0.0,0.0
BitRate blocking probability per pair and bitRate,4,400.0Gbps,16,23, ,0.0,0.0,0.0,0.0,0.0
BitRate blocking probability per pair and bitRate,4,400.0Gbps,2,16, ,0.0,0.0,0.0,0.0,0.0
BitRate blocking probability per pair and bitRate,4,400.0Gbps,16,17, ,0.0,0.0,0.0,0.0,0.0
BitRate blocking probability per pair and bitRate,4,400.0Gbps,23,18, ,0.0,0.0,0.0,0.0,0.0
BitRate blocking probability per pair and bitRate,4,400.0Gbps,7,1, ,0.0,0.0,0.0,0.0,0.0
BitRate blocking probability per pair and bitRate,4,400.0Gbps,11,24, ,0.0,0.0,0.0,0.0,0.0
BitRate blocking probability per pair and bitRate,4,400.0Gbps,2,10, ,0.0,0.0,0.0,0.0,0.0
BitRate blocking probability per pair and bitRate,4,400.0Gbps,4,6, ,0.0,0.0,0.0,0.0,0.0
BitRate blocking probability per pair and bitRate,4,400.0Gbps,15,13, ,0.0,0.0,0.0,0.0,0.0
BitRate blocking probability per pair and bitRate,4,400.0Gbps,21,12, ,0.0,0.0,0.0,0.0,0.0
BitRate blocking probability per pair and bitRate,4,400.0Gbps,5,6, ,0.0,0.0,0.0,0.0,0.0
BitRate blocking probability per pair and bitRate,4,400.0Gbps,10,18, ,0.0,0.0,0.0,0.0,0.0
BitRate blocking probability per pair and bitRate,4,400.0Gbps,14,23, ,0.0,0.0,0.0,0.0,0.0
BitRate blocking probability per pair and bitRate,4,400.0Gbps,21,8, ,0.0,0.0,0.0,0.0,0.0
BitRate blocking probability per pair and bitRate,4,400.0Gbps,11,3, ,0.0,0.0,0.0,0.0,0.0
BitRate blocking probability per pair and bitRate,4,400.0Gbps,13,16, ,0.0,0.0,0.0,0.0,0.0
BitRate blocking probability per pair and bitRate,4,400.0Gbps,22,16, ,0.0,0.0,0.0,0.0,0.0
BitRate blocking probability per pair and bitRate,4,400.0Gbps,21,5, ,0.0,0.0,0.0,0.0,0.0
BitRate blocking probability per pair and bitRate,4,400.0Gbps,23,24, ,0.0,0.0,0.0,0.0,0.0
BitRate blocking probability per pair and bitRate,4,400.0Gbps,9,6, ,0.0,0.0,0.0,0.0,0.0
BitRate blocking probability per pair and bitRate,4,400.0Gbps,20,9, ,0.0,0.0,0.08620592818658308,0.04719130950225501,0.0
BitRate blocking probability per pair and bitRate,4,400.0Gbps,16,6, ,0.0,0.0,0.0,0.0,0.0
BitRate blocking probability per pair and bitRate,4,400.0Gbps,15,4, ,0.0,0.0,0.0,0.0,0.0
BitRate blocking probability per pair and bitRate,4,400.0Gbps,3,4, ,0.0,0.0,0.0,0.0,0.0
BitRate blocking probability per pair and bitRate,4,400.0Gbps,17,10, ,0.0,0.0,0.0,0.0,0.0
BitRate blocking probability per pair and bitRate,4,400.0Gbps,12,10, ,0.0,0.0,0.0,0.0,0.0
BitRate blocking probability per pair and bitRate,4,400.0Gbps,12,7, ,0.0,0.0,0.0,0.0,0.0
BitRate blocking probability per pair and bitRate,4,400.0Gbps,3,17, ,0.0,0.0,0.0,0.0,0.0
BitRate blocking probability per pair and bitRate,4,300.0Gbps,11,2, ,0.0,0.0,0.0,0.0,0.0
BitRate blocking probability per pair and bitRate,4,300.0Gbps,1,23, ,0.0,0.0,0.0,0.0,0.0
BitRate blocking probability per pair and bitRate,4,300.0Gbps,2,9, ,0.0,0.0,0.0,0.0,0.0
BitRate blocking probability per pair and bitRate,4,300.0Gbps,1,20, ,0.0,0.0,0.0,0.0,0.0
BitRate blocking probability per pair and bitRate,4,300.0Gbps,17,24, ,0.0,0.0,0.0,0.0,0.0
BitRate blocking probability per pair and bitRate,4,300.0Gbps,21,15, ,0.0,0.0,0.0,0.0,0.0
BitRate blocking probability per pair and bitRate,4,300.0Gbps,19,11, ,0.0,0.0,0.0,0.0,0.0
BitRate blocking probability per pair and bitRate,4,300.0Gbps,3,1, ,0.0,0.0,0.0,0.0,0.0
BitRate blocking probability per pair and bitRate,4,300.0Gbps,24,2, ,0.0,0.0,0.0,0.0,0.0
BitRate blocking probability per pair and bitRate,4,300.0Gbps,23,22, ,0.0,0.0,0.0,0.0,0.0
BitRate blocking probability per pair and bitRate,4,300.0Gbps,17,22, ,0.0,0.0,0.0,0.0,0.0
BitRate blocking probability per pair and bitRate,4,300.0Gbps,15,20, ,0.0,0.0,0.0,0.0,0.0
BitRate blocking probability per pair and bitRate,4,300.0Gbps,2,7, ,0.0,0.0,0.0,0.0,0.0
BitRate blocking probability per pair and bitRate,4,300.0Gbps,10,1, ,0.0,0.0,0.0,0.0,0.0
BitRate blocking probability per pair and bitRate,4,300.0Gbps,14,16, ,0.0,0.0,0.0,0.0,0.0
BitRate blocking probability per pair and bitRate,4,300.0Gbps,13,18, ,0.0,0.0,0.0,0.0,0.0
BitRate blocking probability per pair and bitRate,4,300.0Gbps,11,7, ,0.0,0.0,0.0,0.0,0.0
BitRate blocking probability per pair and bitRate,4,300.0Gbps,15,10, ,0.0,0.0,0.0,0.0,0.0
BitRate blocking probability per pair and bitRate,4,300.0Gbps,17,4, ,0.14479021275875623,0.045777913559712835,0.09409217558268992,0.2718088715310958,0.01755177085253041
BitRate blocking probability per pair and bitRate,4,300.0Gbps,15,19, ,0.0,0.0,0.0,0.0,0.0
BitRate blocking probability per pair and bitRate,4,300.0Gbps,9,22, ,0.0,0.0,0.0,0.0,0.0
BitRate blocking probability per pair and bitRate,4,300.0Gbps,9,19, ,0.0,0.0,0.0,0.0,0.0
BitRate blocking probability per pair and bitRate,4,300.0Gbps,24,7, ,0.0,0.0,0.0,0.0,0.0
BitRate blocking probability per pair and bitRate,4,300.0Gbps,1,18, ,0.0,0.0,0.0,0.0,0.0
BitRate blocking probability per pair and bitRate,4,300.0Gbps,19,4, ,0.026260866375262492,0.11799254304385945,0.0,0.1448939618587717,0.09167479557046922
BitRate blocking probability per pair and bitRate,4,300.0Gbps,5,1, ,0.0,0.0,0.0,0.0,0.0
BitRate blocking probability per pair and bitRate,4,300.0Gbps,5,20, ,0.01831848401231524,0.0042889518641311755,0.02434176414344313,0.033454377064514845,0.08849129480664582
BitRate blocking probability per pair and bitRate,4,300.0Gbps,21,24, ,0.0,0.0,0.0,0.0,0.0
BitRate blocking probability per pair and bitRate,4,300.0Gbps,9,1, ,0.0,0.0,0.0,0.0,0.0
BitRate blocking probability per pair and bitRate,4,300.0Gbps,9,21, ,0.0,0.0,0.0,0.0,0.0
BitRate blocking probability per pair and bitRate,4,300.0Gbps,14,15, ,0.0,0.0,0.0,0.0,0.0
BitRate blocking probability per pair and bitRate,4,300.0Gbps,8,4, ,0.0,0.0,0.0,0.0,0.0
BitRate blocking probability per pair and bitRate,4,300.0Gbps,8,21, ,0.0,0.0,0.0,0.0,0.0
BitRate blocking probability per pair and bitRate,4,300.0Gbps,6,3, ,0.0,0.0,0.0,0.0,0.0
BitRate blocking probability per pair and bitRate,4,300.0Gbps,9,2, ,0.0,0.0,0.0,0.0,0.0
BitRate blocking probability per pair and bitRate,4,300.0Gbps,16,2, ,0.0,0.0,0.0,0.0,0.0
BitRate blocking probability per pair and bitRate,4,300.0Gbps,9,4, ,0.0,0.0,0.0,0.0,0.0
BitRate blocking probability per pair and bitRate,4,300.0Gbps,23,21, ,0.0,0.0,0.0,0.0,0.0
BitRate blocking probability per pair and bitRate,4,300.0Gbps,19,24, ,0.0,0.0,0.0,0.0,0.0
BitRate blocking probability per pair and bitRate,4,300.0Gbps,22,15, ,0.0,0.0,0.0,0.0,0.0
BitRate blocking probability per pair and bitRate,4,300.0Gbps,23,17, ,0.0,0.0,0.0,0.0,0.0
BitRate blocking probability per pair and bitRate,4,300.0Gbps,8,11, ,0.0,0.0,0.0,0.0,0.0
BitRate blocking probability per pair and bitRate,4,300.0Gbps,24,17, ,0.0,0.0,0.0,0.0,0.0
BitRate blocking probability per pair and bitRate,4,300.0Gbps,22,18, ,0.0,0.0,0.0,0.0,0.0
BitRate blocking probability per pair and bitRate,4,300.0Gbps,5,11, ,0.0,0.0,0.0,0.0,0.0
BitRate blocking probability per pair and bitRate,4,300.0Gbps,4,8, ,0.0,0.0,0.0,0.0,0.0
BitRate blocking probability per pair and bitRate,4,300.0Gbps,23,9, ,0.0,0.0,0.0,0.0,0.0
BitRate blocking probability per pair and bitRate,4,300.0Gbps,6,12, ,0.0,0.0,0.0,0.0,0.0
BitRate blocking probability per pair and bitRate,4,300.0Gbps,4,5, ,0.0,0.0,0.0,0.0,0.0
BitRate blocking probability per pair and bitRate,4,300.0Gbps,16,9, ,0.0,0.0,0.0,0.0,0.0
BitRate blocking probability per pair and bitRate,4,300.0Gbps,16,11, ,0.0,0.0,0.0,0.0,0.0
BitRate blocking probability per pair and bitRate,4,300.0Gbps,24,20, ,0.0,0.0,0.0,0.0,0.0
BitRate blocking probability per pair and bitRate,4,300.0Gbps,12,14, ,0.0,0.0,0.0,0.0,0.0
BitRate blocking probability per pair and bitRate,4,300.0Gbps,20,5, ,0.042371320413427394,0.03559563470674057,0.009417709033417198,0.03899304850926529,0.0
BitRate blocking probability per pair and bitRate,4,300.0Gbps,11,12, ,0.0,0.0,0.0,0.0,0.0
BitRate blocking probability per pair and bitRate,4,300.0Gbps,7,14, ,0.0,0.0,0.0,0.0,0.0
BitRate blocking probability per pair and bitRate,4,300.0Gbps,10,23, ,0.0,0.0,0.0,0.0,0.0
BitRate blocking probability per pair and bitRate,4,300.0Gbps,22,20, ,0.0,0.0,0.0,0.0,0.0
BitRate blocking probability per pair and bitRate,4,300.0Gbps,17,11, ,0.0,0.0,0.0,0.0,0.0
BitRate blocking probability per pair and bitRate,4,300.0Gbps,3,10, ,0.0,0.0,0.0,0.0,0.0
BitRate blocking probability per pair and bitRate,4,300.0Gbps,17,14, ,0.0,0.0,0.0,0.0,0.0
BitRate blocking probability per pair and bitRate,4,300.0Gbps,10,7, ,0.0,0.0,0.0,0.0,0.0
BitRate blocking probability per pair and bitRate,4,300.0Gbps,3,2, ,0.0,0.0,0.0,0.0,0.0
BitRate blocking probability per pair and bitRate,4,300.0Gbps,3,5, ,0.0,0.0,0.0,0.0,0.0
BitRate blocking probability per pair and bitRate,4,300.0Gbps,22,1, ,0.0,0.0,0.0,0.0,0.0
BitRate blocking probability per pair and bitRate,4,300.0Gbps,1,14, ,0.0,0.0,0.0,0.0,0.0
BitRate blocking probability per pair and bitRate,4,300.0Gbps,24,8, ,0.0,0.0,0.0,0.0,0.0
BitRate blocking probability per pair and bitRate,4,300.0Gbps,11,21, ,0.0,0.0,0.0,0.0,0.0
BitRate blocking probability per pair and bitRate,4,300.0Gbps,20,14, ,0.0,0.0,0.0,0.0,0.0
BitRate blocking probability per pair and bitRate,4,300.0Gbps,8,6, ,0.0,0.0,0.0,0.0,0.0
BitRate blocking probability per pair and bitRate,4,300.0Gbps,21,11, ,0.0,0.0,0.0,0.0,0.0
BitRate blocking probability per pair and bitRate,4,300.0Gbps,11,8, ,0.0,0.0,0.0,0.0,0.0
BitRate blocking probability per pair and bitRate,4,300.0Gbps,21,19, ,0.0,0.0,0.0,0.0,0.0
BitRate blocking probability per pair and bitRate,4,300.0Gbps,17,1, ,0.0,0.0,0.0,0.0,0.0
BitRate blocking probability per pair and bitRate,4,300.0Gbps,11,22, ,0.0,0.0,0.0,0.0,0.0
BitRate blocking probability per pair and bitRate,4,300.0Gbps,24,21, ,0.0,0.0,0.0,0.0,0.0
BitRate blocking probability per pair and bitRate,4,300.0Gbps,19,22, ,0.0,0.0,0.0,0.0,0.0
BitRate blocking probability per pair and bitRate,4,300.0Gbps,7,12, ,0.0,0.0,0.0,0.0,0.0
BitRate blocking probability per pair and bitRate,4,300.0Gbps,7,22, ,0.0,0.0,0.0,0.0,0.0
BitRate blocking probability per pair and bitRate,4,300.0Gbps,23,5, ,0.0,0.0,0.0,0.0,0.0
BitRate blocking probability per pair and bitRate,4,300.0Gbps,21,17, ,0.0,0.0,0.0,0.0,0.0
BitRate blocking probability per pair and bitRate,4,300.0Gbps,1,11, ,0.0,0.0,0.0,0.0,0.0
BitRate blocking probability per pair and bitRate,4,300.0Gbps,18,12, ,0.0,0.0,0.0,0.0,0.0
BitRate blocking probability per pair and bitRate,4,300.0Gbps,23,10, ,0.0,0.0,0.0,0.0,0.0
BitRate blocking probability per pair and bitRate,4,300.0Gbps,18,7, ,0.0,9.194387174920033E-4,0.0,0.0,0.0
BitRate blocking probability per pair and bitRate,4,300.0Gbps,24,22, ,0.0,0.0,0.0,0.0,0.0
BitRate blocking probability per pair and bitRate,4,300.0Gbps,21,2, ,0.0,0.0,0.0,0.0,0.0
BitRate blocking probability per pair and bitRate,4,300.0Gbps,16,4, ,0.0,0.0,0.0,0.0,0.0
BitRate blocking probability per pair and bitRate,4,300.0Gbps,10,9, ,0.0,0.0,0.0,0.0,0.0
BitRate blocking probability per pair and bitRate,4,300.0Gbps,22,5, ,0.14298866133643476,0.016516228947091885,0.004006630692372983,0.0,0.001677015759206817
BitRate blocking probability per pair and bitRate,4,300.0Gbps,9,17, ,0.0,0.0,0.0,0.0,0.020833552463880835
BitRate blocking probability per pair and bitRate,4,300.0Gbps,8,20, ,0.0,0.0,0.0,0.0,0.0
BitRate blocking probability per pair and bitRate,4,300.0Gbps,1,24, ,0.0,0.0,0.0,0.0,0.0
BitRate blocking probability per pair and bitRate,4,300.0Gbps,2,14, ,0.0,0.0,0.0,0.0,0.0
BitRate blocking probability per pair and bitRate,4,300.0Gbps,5,18, ,0.0,0.0,0.0,0.07904199238273665,0.0
BitRate blocking probability per pair and bitRate,4,300.0Gbps,8,9, ,0.0,0.0,0.0,0.0,0.0
BitRate blocking probability per pair and bitRate,4,300.0Gbps,9,13, ,0.0,0.0,0.0,0.0,0.0
BitRate blocking probability per pair and bitRate,4,300.0Gbps,24,13, ,0.0,0.0,0.0,0.0,0.0
BitRate blocking probability per pair and bitRate,4,300.0Gbps,2,17, ,0.0,0.0,0.0,0.0,0.0
BitRate blocking probability per pair and bitRate,4,300.0Gbps,20,1, ,0.0,0.0,0.0,0.0,0.0
BitRate blocking probability per pair and bitRate,4,300.0Gbps,19,2, ,0.0,0.0,0.0,0.0,0.0
BitRate blocking probability per pair and bitRate,4,300.0Gbps,4,3, ,0.0,0.0,0.0,0.0,0.0
BitRate blocking probability per pair and bitRate,4,300.0Gbps,22,4, ,0.11438392419112213,0.10958693677206949,0.3419982286710482,0.1036667704977882,0.07372982123115816
BitRate blocking probability per pair and bitRate,4,300.0Gbps,5,4, ,0.0,0.0,0.0,0.0,0.0
BitRate blocking probability per pair and bitRate,4,300.0Gbps,16,19, ,0.0,0.0,0.0,0.0,0.0
BitRate blocking probability per pair and bitRate,4,300.0Gbps,12,6, ,0.0,0.0,0.0,0.0,0.0
BitRate blocking probability per pair and bitRate,4,300.0Gbps,17,8, ,0.0,0.0,0.0,0.0,0.0
BitRate blocking probability per pair and bitRate,4,300.0Gbps,12,9, ,0.0,0.0,0.0,0.0,0.0
BitRate blocking probability per pair and bitRate,4,300.0Gbps,11,20, ,0.0,0.0,0.0,0.0,0.0
BitRate blocking probability per pair and bitRate,4,300.0Gbps,15,12, ,0.0,0.0,0.0,0.0,0.0
BitRate blocking probability per pair and bitRate,4,300.0Gbps,9,16, ,0.0,0.0,0.0,0.0,0.0
BitRate blocking probability per pair and bitRate,4,300.0Gbps,7,15, ,0.0,0.0,0.0,0.0,0.0
BitRate blocking probability per pair and bitRate,4,300.0Gbps,6,13, ,0.0,0.0,0.0,0.0,0.0
BitRate blocking probability per pair and bitRate,4,300.0Gbps,19,18, ,0.0,0.0,0.0,0.0,0.0
BitRate blocking probability per pair and bitRate,4,300.0Gbps,3,9, ,0.0,0.0,0.0,0.0,0.0
BitRate blocking probability per pair and bitRate,4,300.0Gbps,21,18, ,0.0,0.0,0.0,0.0,0.0
BitRate blocking probability per pair and bitRate,4,300.0Gbps,1,17, ,0.0,0.0,0.0,0.0,0.0
BitRate blocking probability per pair and bitRate,4,300.0Gbps,8,24, ,0.0,0.0,0.0,0.0,0.0
BitRate blocking probability per pair and bitRate,4,300.0Gbps,7,16, ,0.0,0.0,0.0,0.0,0.0
BitRate blocking probability per pair and bitRate,4,300.0Gbps,15,21, ,0.0,0.0,0.0,0.0,0.0
BitRate blocking probability per pair and bitRate,4,300.0Gbps,18,22, ,0.0,0.0,0.0,0.0,0.0
BitRate blocking probability per pair and bitRate,4,300.0Gbps,14,2, ,0.0,0.0,0.0,0.0,0.0
BitRate blocking probability per pair and bitRate,4,300.0Gbps,2,12, ,0.0,0.0,0.0,0.0,0.0
BitRate blocking probability per pair and bitRate,4,300.0Gbps,12,8, ,0.0,0.0,0.0,0.0,0.0
BitRate blocking probability per pair and bitRate,4,300.0Gbps,1,13, ,0.0,0.0,0.0,0.0,0.0
BitRate blocking probability per pair and bitRate,4,300.0Gbps,8,18, ,0.0,0.0,0.0,0.0,0.0
BitRate blocking probability per pair and bitRate,4,300.0Gbps,15,6, ,0.0,0.0,0.0,0.0,0.0
BitRate blocking probability per pair and bitRate,4,300.0Gbps,6,20, ,0.13863241885703198,0.12215403157581069,0.03927990639067661,0.1605982650178492,0.048937771570073646
BitRate blocking probability per pair and bitRate,4,300.0Gbps,7,21, ,0.0,0.0,0.0,0.0,0.0
BitRate blocking probability per pair and bitRate,4,300.0Gbps,9,3, ,0.0,0.0,0.0,0.0,0.0
BitRate blocking probability per pair and bitRate,4,300.0Gbps,12,13, ,0.0,0.0,0.0,0.0,0.0
BitRate blocking probability per pair and bitRate,4,300.0Gbps,8,22, ,0.0,0.0,0.0,0.0,0.0
BitRate blocking probability per pair and bitRate,4,300.0Gbps,2,3, ,0.0,0.0,0.0,0.0,0.0
BitRate blocking probability per pair and bitRate,4,300.0Gbps,14,18, ,0.0,0.0,0.0,0.0,0.0
BitRate blocking probability per pair and bitRate,4,300.0Gbps,23,20, ,0.0,0.0,0.0,0.0,0.0
BitRate blocking probability per pair and bitRate,4,300.0Gbps,4,20, ,0.01640496488539562,0.04088286274352683,0.06354488293316354,0.12016060070359344,0.01141680015473911
BitRate blocking probability per pair and bitRate,4,300.0Gbps,4,24, ,0.0,0.0,0.0,0.0,0.0
BitRate blocking probability per pair and bitRate,4,300.0Gbps,16,15, ,0.0,0.0,0.0,0.0,0.0
BitRate blocking probability per pair and bitRate,4,300.0Gbps,24,16, ,0.0,0.0,0.0,0.0,0.0
BitRate blocking probability per pair and bitRate,4,300.0Gbps,19,12, ,0.0,0.0,0.0,0.0,0.0
BitRate blocking probability per pair and bitRate,4,300.0Gbps,6,15, ,0.0,0.0,0.0,0.0,0.0
BitRate blocking probability per pair and bitRate,4,300.0Gbps,8,7, ,0.0,0.0,0.0,0.0,0.0
BitRate blocking probability per pair and bitRate,4,300.0Gbps,2,20, ,0.0,0.0,0.0,0.0,0.0
BitRate blocking probability per pair and bitRate,4,300.0Gbps,11,9, ,0.0,0.0,0.0,0.0,0.0
BitRate blocking probability per pair and bitRate,4,300.0Gbps,4,12, ,0.0,6.058624782908213E-4,0.0,0.0,0.0
BitRate blocking probability per pair and bitRate,4,300.0Gbps,13,23, ,0.0,0.0,0.0,0.0,0.0
BitRate blocking probability per pair and bitRate,4,300.0Gbps,11,16, ,0.0,0.0,0.0,0.0,0.0
BitRate blocking probability per pair and bitRate,4,300.0Gbps,3,11, ,0.0,0.0,0.0,0.0,0.0
BitRate blocking probability per pair and bitRate,4,300.0Gbps,2,5, ,0.0,0.0,0.0,0.0,0.0
BitRate blocking probability per pair and bitRate,4,300.0Gbps,3,24, ,0.0,0.0,0.0,0.0,0.0
BitRate blocking probability per pair and bitRate,4,300.0Gbps,18,1, ,0.0,0.0,0.0,0.0,0.0
BitRate blocking probability per pair and bitRate,4,300.0Gbps,10,2, ,0.0,0.0,0.0,0.0,0.0
BitRate blocking probability per pair and bitRate,4,300.0Gbps,15,16, ,0.0,0.0,0.0,0.0,0.0
BitRate blocking probability per pair and bitRate,4,300.0Gbps,20,17, ,0.0,0.0,0.0,0.0,0.0
BitRate blocking probability per pair and bitRate,4,300.0Gbps,5,13, ,0.0,0.0,0.0,0.0,0.0
BitRate blocking probability per pair and bitRate,4,300.0Gbps,24,15, ,0.0,0.0,0.0,0.0,0.0
BitRate blocking probability per pair and bitRate,4,300.0Gbps,12,17, ,0.0,0.0,0.0,0.0,0.0
BitRate blocking probability per pair and bitRate,4,300.0Gbps,20,2, ,0.0,0.0,0.0,0.0,0.0
BitRate blocking probability per pair and bitRate,4,300.0Gbps,5,19, ,0.0,0.037349682635637406,0.0,0.085315792290317,0.06137803344855076
BitRate blocking probability per pair and bitRate,4,300.0Gbps,6,8, ,0.0,0.0,0.0,0.0,0.0
BitRate blocking probability per pair and bitRate,4,300.0Gbps,4,10, ,0.0,0.0,0.0,0.0,0.0
BitRate blocking probability per pair and bitRate,4,300.0Gbps,1,4, ,0.0,0.0,0.0,0.0,0.0
BitRate blocking probability per pair and bitRate,4,300.0Gbps,12,23, ,0.0,0.0,0.0,0.0,0.0
BitRate blocking probability per pair and bitRate,4,300.0Gbps,23,4, ,0.0,0.0,0.0,0.0,0.0
BitRate blocking probability per pair and bitRate,4,300.0Gbps,12,20, ,0.0,0.0,0.0,0.0,0.0
BitRate blocking probability per pair and bitRate,4,300.0Gbps,11,19, ,0.0,0.0,0.0,0.0,0.0
BitRate blocking probability per pair and bitRate,4,300.0Gbps,2,11, ,0.0,0.0,0.0,0.0,0.0
BitRate blocking probability per pair and bitRate,4,300.0Gbps,8,23, ,0.0,0.0,0.0,0.0,0.0
BitRate blocking probability per pair and bitRate,4,300.0Gbps,10,14, ,0.0,0.0,0.0,0.0,0.0
BitRate blocking probability per pair and bitRate,4,300.0Gbps,21,22, ,0.0,0.0,0.0,0.0,0.0
BitRate blocking probability per pair and bitRate,4,300.0Gbps,9,11, ,0.0,0.0,0.0,0.0,0.0
BitRate blocking probability per pair and bitRate,4,300.0Gbps,23,7, ,0.0,0.0,0.0,0.0,0.0
BitRate blocking probability per pair and bitRate,4,300.0Gbps,24,18, ,0.0,0.0,0.0,0.0,0.0
BitRate blocking probability per pair and bitRate,4,300.0Gbps,14,24, ,0.0,0.0,0.0,0.0,0.0
BitRate blocking probability per pair and bitRate,4,300.0Gbps,6,4, ,0.0,0.0,0.0,0.0,0.0
BitRate blocking probability per pair and bitRate,4,300.0Gbps,21,9, ,0.0,0.0,0.0,0.0,0.0
BitRate blocking probability per pair and bitRate,4,300.0Gbps,15,1, ,0.0,0.0,0.0,0.0,0.0
BitRate blocking probability per pair and bitRate,4,300.0Gbps,13,8, ,0.0,0.0,0.0,0.0,0.0
BitRate blocking probability per pair and bitRate,4,300.0Gbps,13,12, ,0.0,0.0,0.0,0.0,0.0
BitRate blocking probability per pair and bitRate,4,300.0Gbps,12,11, ,0.0,0.0,0.0,0.0,0.0
BitRate blocking probability per pair and bitRate,4,300.0Gbps,23,16, ,0.0,0.0,0.0,0.0,0.0
BitRate blocking probability per pair and bitRate,4,300.0Gbps,16,10, ,0.0,0.0,0.0,0.0,0.0
BitRate blocking probability per pair and bitRate,4,300.0Gbps,14,4, ,0.0,0.0,0.0,0.0,0.0
BitRate blocking probability per pair and bitRate,4,300.0Gbps,10,21, ,0.0,0.0,0.0,0.0,0.0
BitRate blocking probability per pair and bitRate,4,300.0Gbps,1,16, ,0.0,0.0,0.0,0.0,0.0
BitRate blocking probability per pair and bitRate,4,300.0Gbps,5,14, ,0.0,0.0,0.0,0.0,0.0
BitRate blocking probability per pair and bitRate,4,300.0Gbps,14,3, ,0.0,0.0,0.0,0.0,0.0
BitRate blocking probability per pair and bitRate,4,300.0Gbps,9,5, ,0.0,0.0,0.0,0.0,0.0
BitRate blocking probability per pair and bitRate,4,300.0Gbps,11,23, ,0.0,0.0,0.0,0.0,0.0
BitRate blocking probability per pair and bitRate,4,300.0Gbps,23,12, ,0.0,0.0,0.0,0.0,0.0
BitRate blocking probability per pair and bitRate,4,300.0Gbps,18,4, ,0.0,0.032967072089332694,0.026680229254776547,0.0,0.058435981426001975
BitRate blocking probability per pair and bitRate,4,300.0Gbps,19,10, ,0.0,0.0,0.0,0.0,0.0
BitRate blocking probability per pair and bitRate,4,300.0Gbps,14,19, ,0.0,0.0,0.0,0.0,0.0
BitRate blocking probability per pair and bitRate,4,300.0Gbps,3,18, ,0.0,0.0,0.0,0.0,0.0
BitRate blocking probability per pair and bitRate,4,300.0Gbps,1,21, ,0.0,0.0,0.0,0.0,0.0
BitRate blocking probability per pair and bitRate,4,300.0Gbps,10,16, ,0.0,0.0,0.0,0.0,0.0
BitRate blocking probability per pair and bitRate,4,300.0Gbps,24,9, ,0.0,0.0,0.0,0.0,0.0
BitRate blocking probability per pair and bitRate,4,300.0Gbps,3,21, ,0.0,0.0,0.0,0.0,0.0
BitRate blocking probability per pair and bitRate,4,300.0Gbps,12,24, ,0.0,0.0,0.0,0.0,0.0
BitRate blocking probability per pair and bitRate,4,300.0Gbps,15,9, ,0.0,0.0,0.0,0.0,0.0
BitRate blocking probability per pair and bitRate,4,300.0Gbps,18,14, ,0.0,0.0,0.0,0.0,0.0
BitRate blocking probability per pair and bitRate,4,300.0Gbps,16,3, ,0.0,0.0,0.0,0.0,0.0
BitRate blocking probability per pair and bitRate,4,300.0Gbps,15,5, ,0.0,0.0,0.0,0.0,0.0
BitRate blocking probability per pair and bitRate,4,300.0Gbps,16,21, ,0.0,0.0,0.0,0.0,0.0
BitRate blocking probability per pair and bitRate,4,300.0Gbps,8,17, ,0.0,0.0,0.0,0.0,0.0
BitRate blocking probability per pair and bitRate,4,300.0Gbps,5,16, ,0.0,0.0,0.0,0.0,0.0
BitRate blocking probability per pair and bitRate,4,300.0Gbps,21,4, ,0.0,0.0,0.0,0.0,0.0
BitRate blocking probability per pair and bitRate,4,300.0Gbps,17,19, ,0.0,0.0,0.0,0.0,0.0
BitRate blocking probability per pair and bitRate,4,300.0Gbps,16,12, ,0.0,0.0,0.0,0.0,0.0
BitRate blocking probability per pair and bitRate,4,300.0Gbps,7,19, ,0.0,0.0,0.0,0.0,0.0
BitRate blocking probability per pair and bitRate,4,300.0Gbps,8,19, ,0.0,0.0,0.0,0.0,0.0
BitRate blocking probability per pair and bitRate,4,300.0Gbps,9,20, ,0.0,0.0,0.0,0.0,0.0
BitRate blocking probability per pair and bitRate,4,300.0Gbps,13,10, ,0.0,0.0,0.0,0.0,0.0
BitRate blocking probability per pair and bitRate,4,300.0Gbps,17,16, ,0.0,0.0,0.0,0.0,0.0
BitRate blocking probability per pair and bitRate,4,300.0Gbps,5,7, ,0.0,0.0,0.0,0.0,0.0
BitRate blocking probability per pair and bitRate,4,300.0Gbps,5,10, ,0.0,0.0,0.0,0.0,0.0
BitRate blocking probability per pair and bitRate,4,300.0Gbps,22,14, ,0.0,0.0,0.0,0.0,0.0
BitRate blocking probability per pair and bitRate,4,300.0Gbps,2,24, ,0.0,0.0,0.0,0.0,0.0
BitRate blocking probability per pair and bitRate,4,300.0Gbps,11,15, ,0.0,0.0,0.0,0.0,0.0
BitRate blocking probability per pair and bitRate,4,300.0Gbps,19,13, ,0.0,0.0,0.0,0.0,0.0
BitRate blocking probability per pair and bitRate,4,300.0Gbps,9,14, ,0.0,0.0,0.0,0.0,0.0
BitRate blocking probability per pair and bitRate,4,300.0Gbps,13,20, ,0.0,0.0,0.0,0.0,0.0
BitRate blocking probability per pair and bitRate,4,300.0Gbps,20,15, ,0.0,0.0,0.0,0.0,0.0
BitRate blocking probability per pair and bitRate,4,300.0Gbps,1,9, ,0.0,0.0,0.0,0.0,0.0
BitRate blocking probability per pair and bitRate,4,300.0Gbps,4,16, ,0.0,0.0,0.0,0.0,0.0
BitRate blocking probability per pair and bitRate,4,300.0Gbps,21,20, ,0.0,0.0,0.0,0.0,0.0
BitRate blocking probability per pair and bitRate,4,300.0Gbps,6,18, ,0.028527673457072838,0.0,0.02152871698932644,0.06236275324315281,0.07363698336340659
BitRate blocking probability per pair and bitRate,4,300.0Gbps,3,20, ,0.0,0.0,0.0,0.0,0.0
BitRate blocking probability per pair and bitRate,4,300.0Gbps,21,10, ,0.0,0.0,0.0,0.0,0.0
BitRate blocking probability per pair and bitRate,4,300.0Gbps,2,19, ,0.0,0.0,0.0,0.0,0.0
BitRate blocking probability per pair and bitRate,4,300.0Gbps,7,17, ,0.0,0.0,0.0,0.0,0.0
BitRate blocking probability per pair and bitRate,4,300.0Gbps,14,5, ,0.0,0.0,0.0,0.0,0.0
BitRate blocking probability per pair and bitRate,4,300.0Gbps,7,13, ,0.0,0.0,0.0,0.0,0.0
BitRate blocking probability per pair and bitRate,4,300.0Gbps,5,15, ,0.0,0.0,0.0,0.0,0.0
BitRate blocking probability per pair and bitRate,4,300.0Gbps,18,8, ,0.0,0.0,0.0,0.0,0.0
BitRate blocking probability per pair and bitRate,4,300.0Gbps,19,17, ,0.0,0.0,0.0,0.0,0.0
BitRate blocking probability per pair and bitRate,4,300.0Gbps,19,21, ,0.0,0.0,0.0,0.0,0.0
BitRate blocking probability per pair and bitRate,4,300.0Gbps,19,3, ,0.0,0.0,0.0,0.0,0.0
BitRate blocking probability per pair and bitRate,4,300.0Gbps,13,19, ,0.0,0.0,0.0,0.0,0.0
BitRate blocking probability per pair and bitRate,4,300.0Gbps,12,18, ,0.0,0.0,0.0,0.0,0.0
BitRate blocking probability per pair and bitRate,4,300.0Gbps,13,3, ,0.0,0.0,0.0,0.0,0.0
BitRate blocking probability per pair and bitRate,4,300.0Gbps,7,18, ,0.0,0.0,0.0,0.0,0.0
BitRate blocking probability per pair and bitRate,4,300.0Gbps,17,12, ,0.0,0.0,0.0,0.0,0.0
BitRate blocking probability per pair and bitRate,4,300.0Gbps,13,9, ,0.0,0.0,0.0,0.0,0.0
BitRate blocking probability per pair and bitRate,4,300.0Gbps,6,22, ,0.13121742209641563,0.2604520250789919,0.06990351394595187,0.069285134097159,0.3100223419600524
BitRate blocking probability per pair and bitRate,4,300.0Gbps,1,15, ,0.0,0.0,0.0,0.0,0.0
BitRate blocking probability per pair and bitRate,4,300.0Gbps,3,19, ,0.0,0.0,0.0,0.0,0.0
BitRate blocking probability per pair and bitRate,4,300.0Gbps,12,4, ,0.0,0.0,0.0,0.0,0.0
BitRate blocking probability per pair and bitRate,4,300.0Gbps,16,24, ,0.0,0.0,0.0,0.0,0.0
BitRate blocking probability per pair and bitRate,4,300.0Gbps,6,10, ,0.0,0.0,0.0,0.0,0.0
BitRate blocking probability per pair and bitRate,4,300.0Gbps,2,18, ,0.0,0.0,0.0,0.0,0.0
BitRate blocking probability per pair and bitRate,4,300.0Gbps,18,21, ,0.0,0.0,0.0,0.0,0.0
BitRate blocking probability per pair and bitRate,4,300.0Gbps,18,3, ,0.0,0.0,0.0,0.0,0.0
BitRate blocking probability per pair and bitRate,4,300.0Gbps,15,18, ,0.0,0.0,0.0,0.0,0.0
BitRate blocking probability per pair and bitRate,4,300.0Gbps,4,14, ,0.0,0.0,0.0,0.0,0.0
BitRate blocking probability per pair and bitRate,4,300.0Gbps,7,20, ,0.0,0.0,0.0,0.0,0.0
BitRate blocking probability per pair and bitRate,4,300.0Gbps,13,15, ,0.0,0.0,0.0,0.0,0.0
BitRate blocking probability per pair and bitRate,4,300.0Gbps,13,21, ,0.0,0.0,0.0,0.0,0.0
BitRate blocking probability per pair and bitRate,4,300.0Gbps,15,14, ,0.0,0.0,0.0,0.0,0.0
BitRate blocking probability per pair and bitRate,4,300.0Gbps,3,15, ,0.0,0.0,0.0,0.0,0.0
BitRate blocking probability per pair and bitRate,4,300.0Gbps,18,5, ,0.0,0.0,0.0,0.0,0.0
BitRate blocking probability per pair and bitRate,4,300.0Gbps,12,1, ,0.0,0.0,0.0,0.0,0.0
BitRate blocking probability per pair and bitRate,4,300.0Gbps,6,7, ,0.0,0.0,0.0,0.0,0.0
BitRate blocking probability per pair and bitRate,4,300.0Gbps,24,3, ,0.0,0.0,0.0,0.0,0.0
BitRate blocking probability per pair and bitRate,4,300.0Gbps,19,5, ,0.0,0.010946846932287,0.011483007341345806,0.010310464470789982,0.0
BitRate blocking probability per pair and bitRate,4,300.0Gbps,20,19, ,0.0,0.0,0.0,0.0,0.0
BitRate blocking probability per pair and bitRate,4,300.0Gbps,5,17, ,0.06373674584871918,0.20438807666725706,0.1251572924882291,0.09194677583217045,0.11000680488445524
BitRate blocking probability per pair and bitRate,4,300.0Gbps,20,12, ,0.0,0.0,0.0,0.0,0.0
BitRate blocking probability per pair and bitRate,4,300.0Gbps,4,22, ,0.21241380287997,0.0799484182188186,0.24441943861214346,0.04861934653799846,0.16221553923098933
BitRate blocking probability per pair and bitRate,4,300.0Gbps,7,8, ,0.0,0.0,0.0,0.0,0.0
BitRate blocking probability per pair and bitRate,4,300.0Gbps,14,1, ,0.0,0.0,0.0,0.0,0.0
BitRate blocking probability per pair and bitRate,4,300.0Gbps,20,21, ,0.0,0.0,0.0,0.0,0.0
BitRate blocking probability per pair and bitRate,4,300.0Gbps,1,6, ,0.0,0.0,0.0,0.0,0.0
BitRate blocking probability per pair and bitRate,4,300.0Gbps,13,2, ,0.0,0.0,0.0,0.0,0.0
BitRate blocking probability per pair and bitRate,4,300.0Gbps,14,20, ,0.0,0.0,0.0,0.0,0.0
BitRate blocking probability per pair and bitRate,4,300.0Gbps,16,20, ,0.0,0.0,0.0,0.0,0.0
BitRate blocking probability per pair and bitRate,4,300.0Gbps,18,15, ,0.0,0.0,0.0,0.0,0.0
BitRate blocking probability per pair and bitRate,4,300.0Gbps,6,2, ,0.0,0.0,0.0,0.0,0.0
BitRate blocking probability per pair and bitRate,4,300.0Gbps,9,15, ,0.0,0.0,0.0,0.0,0.0
BitRate blocking probability per pair and bitRate,4,300.0Gbps,15,17, ,0.0,0.0,0.0,0.0,0.0
BitRate blocking probability per pair and bitRate,4,300.0Gbps,18,2, ,0.0,0.0,0.0,0.0,0.0
BitRate blocking probability per pair and bitRate,4,300.0Gbps,15,24, ,0.0,0.0,0.0,0.0,0.0
BitRate blocking probability per pair and bitRate,4,300.0Gbps,7,10, ,0.0,0.0,0.0,0.0,0.0
BitRate blocking probability per pair and bitRate,4,300.0Gbps,14,21, ,0.0,0.0,0.0,0.0,0.0
BitRate blocking probability per pair and bitRate,4,300.0Gbps,23,15, ,0.0,0.0,0.0,0.0,0.0
BitRate blocking probability per pair and bitRate,4,300.0Gbps,11,1, ,0.0,0.0,0.0,0.0,0.0
BitRate blocking probability per pair and bitRate,4,300.0Gbps,19,20, ,0.0,0.0,0.0,0.0,0.0
BitRate blocking probability per pair and bitRate,4,300.0Gbps,1,8, ,0.0,0.0,0.0,0.0,0.0
BitRate blocking probability per pair and bitRate,4,300.0Gbps,16,1, ,0.0,0.0,0.0,0.0,0.0
BitRate blocking probability per pair and bitRate,4,300.0Gbps,24,5, ,0.0,0.0,0.0,0.0,0.0
BitRate blocking probability per pair and bitRate,4,300.0Gbps,2,4, ,0.0,0.0,0.0,0.0,0.0
BitRate blocking probability per pair and bitRate,4,300.0Gbps,10,5, ,0.0,0.0,0.0,0.0,0.0
BitRate blocking probability per pair and bitRate,4,300.0Gbps,21,7, ,0.0,0.0,0.0,0.0,0.0
BitRate blocking probability per pair and bitRate,4,300.0Gbps,23,11, ,0.0,0.0,0.0,0.0,0.0
BitRate blocking probability per pair and bitRate,4,300.0Gbps,19,6, ,0.026478851734495032,0.037447859931731775,0.028047172418817018,0.01039136734245685,0.06793372796415682
BitRate blocking probability per pair and bitRate,4,300.0Gbps,10,17, ,0.0,0.0,0.0,0.0,0.0
BitRate blocking probability per pair and bitRate,4,300.0Gbps,3,8, ,0.0,0.0,0.0,0.0,0.0
BitRate blocking probability per pair and bitRate,4,300.0Gbps,3,23, ,0.0,0.0,0.0,0.0,0.0
BitRate blocking probability per pair and bitRate,4,300.0Gbps,17,9, ,0.0,0.01804217061214004,0.0,0.0,0.0
BitRate blocking probability per pair and bitRate,4,300.0Gbps,9,18, ,0.0,0.0,0.0,0.0,0.0
BitRate blocking probability per pair and bitRate,4,300.0Gbps,1,3, ,0.0,0.0,0.0,0.0,0.0
BitRate blocking probability per pair and bitRate,4,300.0Gbps,10,20, ,0.0,0.0,0.0,0.0,0.0
BitRate blocking probability per pair and bitRate,4,300.0Gbps,21,6, ,0.0,0.0,0.0,0.0,0.0
BitRate blocking probability per pair and bitRate,4,300.0Gbps,8,5, ,0.0,0.0,0.0,0.0,0.0
BitRate blocking probability per pair and bitRate,4,300.0Gbps,9,8, ,0.0,0.0,0.0,0.0,0.0
BitRate blocking probability per pair and bitRate,4,300.0Gbps,24,4, ,0.0,0.0,0.0,0.0,0.0
BitRate blocking probability per pair and bitRate,4,300.0Gbps,1,12, ,0.0,0.0,0.0,0.0,0.0
BitRate blocking probability per pair and bitRate,4,300.0Gbps,11,5, ,0.0,0.0,0.0,0.0,0.0
BitRate blocking probability per pair and bitRate,4,300.0Gbps,22,7, ,0.0,0.0,0.0,0.0,0.0
BitRate blocking probability per pair and bitRate,4,300.0Gbps,22,8, ,0.0,0.0,0.0,0.0,0.0
BitRate blocking probability per pair and bitRate,4,300.0Gbps,20,22, ,0.0,0.0,0.0,0.0,0.0
BitRate blocking probability per pair and bitRate,4,300.0Gbps,13,24, ,0.0,0.0,0.0,0.0,0.0
BitRate blocking probability per pair and bitRate,4,300.0Gbps,1,7, ,0.0,0.0,0.0,0.0,0.0
BitRate blocking probability per pair and bitRate,4,300.0Gbps,17,20, ,0.0,0.0,0.0,0.0,0.0
BitRate blocking probability per pair and bitRate,4,300.0Gbps,16,18, ,0.0,0.0,0.0,0.0,0.0
BitRate blocking probability per pair and bitRate,4,300.0Gbps,16,8, ,0.0,0.0,0.0,0.0,0.0
BitRate blocking probability per pair and bitRate,4,300.0Gbps,12,15, ,0.0,0.0,0.0,0.0,0.0
BitRate blocking probability per pair and bitRate,4,300.0Gbps,17,5, ,0.00499776295458003,0.0532024771842675,0.01986245274631021,0.031662838749213724,0.0
BitRate blocking probability per pair and bitRate,4,300.0Gbps,23,14, ,0.0,0.0,0.0,0.0,0.0
BitRate blocking probability per pair and bitRate,4,300.0Gbps,1,19, ,0.0,0.0,0.0,0.0,0.0
BitRate blocking probability per pair and bitRate,4,300.0Gbps,17,7, ,0.0,0.0,0.0,0.0,0.0
BitRate blocking probability per pair and bitRate,4,300.0Gbps,18,9, ,0.0,0.0,0.0,0.0,0.0
BitRate blocking probability per pair and bitRate,4,300.0Gbps,18,23, ,0.0,0.0,0.0,0.0,0.0
BitRate blocking probability per pair and bitRate,4,300.0Gbps,13,22, ,0.0,0.0,0.0,0.0,0.0
BitRate blocking probability per pair and bitRate,4,300.0Gbps,7,6, ,0.0,0.0,0.0,0.0,0.0
BitRate blocking probability per pair and bitRate,4,300.0Gbps,9,23, ,0.0,0.0,0.0,0.0,0.0
BitRate blocking probability per pair and bitRate,4,300.0Gbps,13,6, ,0.0,0.0,0.0,0.0,0.0
BitRate blocking probability per pair and bitRate,4,300.0Gbps,15,8, ,0.0,0.0,0.0,0.0,0.0
BitRate blocking probability per pair and bitRate,4,300.0Gbps,13,14, ,0.0,0.0,0.0,0.0,0.0
BitRate blocking probability per pair and bitRate,4,300.0Gbps,20,3, ,0.0,0.0,0.0,0.0,0.0
BitRate blocking probability per pair and bitRate,4,300.0Gbps,21,16, ,0.0,0.0,0.0,0.0,0.0
BitRate blocking probability per pair and bitRate,4,300.0Gbps,3,16, ,0.0,0.0,0.0,0.0,0.0
BitRate blocking probability per pair and bitRate,4,300.0Gbps,22,13, ,0.0,0.0,0.0,0.0,0.0
BitRate blocking probability per pair and bitRate,4,300.0Gbps,3,14, ,0.0,0.0,0.0,0.0,0.0
BitRate blocking probability per pair and bitRate,4,300.0Gbps,3,7, ,0.0,0.0,0.0,0.0,0.0
BitRate blocking probability per pair and bitRate,4,300.0Gbps,10,22, ,0.0,0.0,0.0,0.0,0.0
BitRate blocking probability per pair and bitRate,4,300.0Gbps,8,10, ,0.0,0.0,0.0,0.0,0.0
BitRate blocking probability per pair and bitRate,4,300.0Gbps,22,6, ,0.15276021473330015,0.1561953699732106,0.004811055234731953,0.03439840992486016,0.037480645888599846
BitRate blocking probability per pair and bitRate,4,300.0Gbps,5,2, ,0.0,0.0,0.0,0.0,0.0
BitRate blocking probability per pair and bitRate,4,300.0Gbps,13,5, ,0.0,0.0,0.0,0.0,0.0
BitRate blocking probability per pair and bitRate,4,300.0Gbps,23,8, ,0.0,0.0,0.0,0.0,0.0
BitRate blocking probability per pair and bitRate,4,300.0Gbps,13,11, ,0.0,0.0,0.0,0.0,0.0
BitRate blocking probability per pair and bitRate,4,300.0Gbps,13,7, ,0.0,0.0,0.0,0.0,0.0
BitRate blocking probability per pair and bitRate,4,300.0Gbps,3,13, ,0.0,0.0,0.0,0.0,0.0
BitRate blocking probability per pair and bitRate,4,300.0Gbps,10,12, ,0.0,0.0,0.0,0.0,0.0
BitRate blocking probability per pair and bitRate,4,300.0Gbps,24,11, ,0.0,0.0,0.0,0.0,0.0
BitRate blocking probability per pair and bitRate,4,300.0Gbps,9,7, ,0.0,0.0,0.0,0.0,0.0
BitRate blocking probability per pair and bitRate,4,300.0Gbps,24,12, ,0.0,0.0,0.0,0.0,0.0
BitRate blocking probability per pair and bitRate,4,300.0Gbps,15,3, ,0.0,0.0,0.0,0.0,0.0
BitRate blocking probability per pair and bitRate,4,300.0Gbps,22,11, ,0.0,0.0,0.0,0.0,0.0
BitRate blocking probability per pair and bitRate,4,300.0Gbps,18,19, ,0.0,0.0,0.0,0.0,0.0
BitRate blocking probability per pair and bitRate,4,300.0Gbps,16,7, ,0.0,0.0,0.0,0.0,0.0
BitRate blocking probability per pair and bitRate,4,300.0Gbps,5,24, ,0.0,0.0,0.0,0.0,0.0
BitRate blocking probability per pair and bitRate,4,300.0Gbps,10,19, ,0.0,0.0,0.0,0.0,0.0
BitRate blocking probability per pair and bitRate,4,300.0Gbps,23,13, ,0.0,0.0,0.0,0.0,0.0
BitRate blocking probability per pair and bitRate,4,300.0Gbps,12,3, ,0.0,0.0,0.0,0.0,0.0
BitRate blocking probability per pair and bitRate,4,300.0Gbps,9,10, ,0.0,0.0,0.0,0.0,0.0
BitRate blocking probability per pair and bitRate,4,300.0Gbps,4,18, ,0.02715385769431614,0.04402952594267858,0.025683696286514155,0.05282087998997259,0.0
BitRate blocking probability per pair and bitRate,4,300.0Gbps,4,19, ,0.1638741679752583,0.028672611527499527,0.141992361630794,0.10311033873650792,0.004036491928980743
BitRate blocking probability per pair and bitRate,4,300.0Gbps,17,15, ,0.0,0.0,0.0,0.0,0.0
BitRate blocking probability per pair and bitRate,4,300.0Gbps,2,22, ,0.0,0.20067912067749938,0.02896359185939992,0.03361285659252593,0.028852405395028796
BitRate blocking probability per pair and bitRate,4,300.0Gbps,11,17, ,0.0,0.0,0.0,0.0,0.0
BitRate blocking probability per pair and bitRate,4,300.0Gbps,18,13, ,0.0,0.0,0.0,0.0,0.0
BitRate blocking probability per pair and bitRate,4,300.0Gbps,24,10, ,0.0,0.0,0.0,0.0,0.0
BitRate blocking probability per pair and bitRate,4,300.0Gbps,11,13, ,0.0,0.0,0.0,0.0,0.0
BitRate blocking probability per pair and bitRate,4,300.0Gbps,12,22, ,0.0,0.0,0.0,0.0,0.0
BitRate blocking probability per pair and bitRate,4,300.0Gbps,20,23, ,0.0,0.0,0.0,0.0,0.0
BitRate blocking probability per pair and bitRate,4,300.0Gbps,4,7, ,0.0,0.0,0.0,0.0,0.0
BitRate blocking probability per pair and bitRate,4,300.0Gbps,9,12, ,0.0,0.0,0.0,0.0,0.0
BitRate blocking probability per pair and bitRate,4,300.0Gbps,4,13, ,0.0,0.0,0.0,0.0,0.0
BitRate blocking probability per pair and bitRate,4,300.0Gbps,20,13, ,0.0,0.0,0.0,0.0,0.0
BitRate blocking probability per pair and bitRate,4,300.0Gbps,10,3, ,0.0,0.0,0.0,0.0,0.0
BitRate blocking probability per pair and bitRate,4,300.0Gbps,21,3, ,0.0,0.0,0.0,0.0,0.0
BitRate blocking probability per pair and bitRate,4,300.0Gbps,7,9, ,0.0,0.0,0.0,0.0,0.0
BitRate blocking probability per pair and bitRate,4,300.0Gbps,12,19, ,0.0,0.0,0.0,0.0,0.0
BitRate blocking probability per pair and bitRate,4,300.0Gbps,19,16, ,0.0,0.0,0.0,0.0,0.0
BitRate blocking probability per pair and bitRate,4,300.0Gbps,20,11, ,0.0,0.0,0.0,0.0,0.0
BitRate blocking probability per pair and bitRate,4,300.0Gbps,22,9, ,0.0,0.0,0.0,0.056654226222149225,0.0
BitRate blocking probability per pair and bitRate,4,300.0Gbps,7,11, ,0.0,0.0,0.0,0.0,0.0
BitRate blocking probability per pair and bitRate,4,300.0Gbps,6,1, ,0.0,0.0,0.0,0.0,0.0
BitRate blocking probability per pair and bitRate,4,300.0Gbps,6,14, ,0.0,0.0,0.0,0.0,0.0
BitRate blocking probability per pair and bitRate,4,300.0Gbps,21,1, ,0.0,0.0,0.0,0.0,0.0
BitRate blocking probability per pair and bitRate,4,300.0Gbps,4,23, ,0.0,0.0,0.0,0.0,0.0
BitRate blocking probability per pair and bitRate,4,300.0Gbps,1,5, ,0.0,0.0,0.0,0.0,0.0
BitRate blocking probability per pair and bitRate,4,300.0Gbps,3,22, ,0.0,0.007926026676770432,0.0,0.05396248997795546,0.0
BitRate blocking probability per pair and bitRate,4,300.0Gbps,5,23, ,0.0,0.0,0.0,0.0,0.0
BitRate blocking probability per pair and bitRate,4,300.0Gbps,14,9, ,0.0,0.0,0.0,0.0,0.0
BitRate blocking probability per pair and bitRate,4,300.0Gbps,23,6, ,0.0,0.0,0.0,0.0,0.0
BitRate blocking probability per pair and bitRate,4,300.0Gbps,6,19, ,0.00826671335835219,0.06341088380467703,0.07300263389000794,0.2660244536019536,0.07530790106976452
BitRate blocking probability per pair and bitRate,4,300.0Gbps,14,13, ,0.0,0.0,0.0,0.0,0.0
BitRate blocking probability per pair and bitRate,4,300.0Gbps,14,11, ,0.0,0.0,0.0,0.0,0.0
BitRate blocking probability per pair and bitRate,4,300.0Gbps,12,21, ,0.0,0.0,0.0,0.0,0.0
BitRate blocking probability per pair and bitRate,4,300.0Gbps,2,8, ,0.0,0.0,0.0,0.0,0.0
BitRate blocking probability per pair and bitRate,4,300.0Gbps,16,13, ,0.0,0.0,0.0,0.0,0.0
BitRate blocking probability per pair and bitRate,4,300.0Gbps,20,18, ,0.0,0.0,0.0,0.0,0.0
BitRate blocking probability per pair and bitRate,4,300.0Gbps,6,9, ,0.0,0.0,0.0,0.0,0.0
BitRate blocking probability per pair and bitRate,4,300.0Gbps,6,23, ,0.0,0.0,0.0,0.0,0.0
BitRate blocking probability per pair and bitRate,4,300.0Gbps,10,4, ,0.0,0.0,0.0,0.0,0.0
BitRate blocking probability per pair and bitRate,4,300.0Gbps,17,23, ,0.0,0.0,0.0,0.0,0.0
BitRate blocking probability per pair and bitRate,4,300.0Gbps,17,18, ,0.0,0.0,0.0,0.0,0.0
BitRate blocking probability per pair and bitRate,4,300.0Gbps,14,12, ,0.0,0.0,0.0,0.0,0.0
BitRate blocking probability per pair and bitRate,4,300.0Gbps,14,17, ,0.0,0.0,0.0,0.0,0.0
BitRate blocking probability per pair and bitRate,4,300.0Gbps,19,7, ,0.0,0.0,0.0,0.0,0.0
BitRate blocking probability per pair and bitRate,4,300.0Gbps,7,24, ,0.0,0.0,0.0,0.0,0.0
BitRate blocking probability per pair and bitRate,4,300.0Gbps,11,18, ,0.0,0.0,0.0,0.0,0.0
BitRate blocking probability per pair and bitRate,4,300.0Gbps,11,10, ,0.0,0.0,0.0,0.0,0.0
BitRate blocking probability per pair and bitRate,4,300.0Gbps,14,22, ,0.0,0.0,0.0,0.0,0.0
BitRate blocking probability per pair and bitRate,4,300.0Gbps,4,9, ,0.0,0.0,0.0,0.0,0.0
BitRate blocking probability per pair and bitRate,4,300.0Gbps,22,21, ,0.0,0.0,0.0,0.0,0.0
BitRate blocking probability per pair and bitRate,4,300.0Gbps,22,24, ,0.0,0.0,0.0,0.0,0.0
BitRate blocking probability per pair and bitRate,4,300.0Gbps,8,15, ,0.0,0.0,0.0,0.0,0.0
BitRate blocking probability per pair and bitRate,4,300.0Gbps,12,5, ,0.0,0.0,0.0,0.0,0.0
BitRate blocking probability per pair and bitRate,4,300.0Gbps,7,23, ,0.0,0.0,0.0,0.0,0.0
BitRate blocking probability per pair and bitRate,4,300.0Gbps,24,14, ,0.0,0.0,0.0,0.0,0.0
BitRate blocking probability per pair and bitRate,4,300.0Gbps,1,2, ,0.0,0.0,0.0,0.0,0.0
BitRate blocking probability per pair and bitRate,4,300.0Gbps,15,22, ,0.0,0.0,0.0,0.0,0.0
BitRate blocking probability per pair and bitRate,4,300.0Gbps,19,14, ,0.0,0.0,0.0,0.0,0.0
BitRate blocking probability per pair and bitRate,4,300.0Gbps,21,23, ,0.0,0.0,0.0,0.0,0.0
BitRate blocking probability per pair and bitRate,4,300.0Gbps,8,1, ,0.0,0.0,0.0,0.0,0.0
BitRate blocking probability per pair and bitRate,4,300.0Gbps,18,10, ,0.0,0.0,0.0,0.0,0.0
BitRate blocking probability per pair and bitRate,4,300.0Gbps,17,3, ,0.0,0.0,0.0,0.0,0.0
BitRate blocking probability per pair and bitRate,4,300.0Gbps,5,9, ,0.0,0.0,0.0,0.0,0.0
BitRate blocking probability per pair and bitRate,4,300.0Gbps,19,8, ,0.0,0.0,0.0,0.0,0.0
BitRate blocking probability per pair and bitRate,4,300.0Gbps,4,21, ,0.0,0.0,0.0,0.0,0.0
BitRate blocking probability per pair and bitRate,4,300.0Gbps,8,16, ,0.0,0.0,0.0,0.0,0.0
BitRate blocking probability per pair and bitRate,4,300.0Gbps,5,12, ,0.0,0.0,0.0,0.0,0.0
BitRate blocking probability per pair and bitRate,4,300.0Gbps,6,16, ,0.0,0.0,0.0,0.0,0.0
BitRate blocking probability per pair and bitRate,4,300.0Gbps,20,10, ,0.0,0.0,0.0,0.0,0.0
BitRate blocking probability per pair and bitRate,4,300.0Gbps,2,15, ,0.0,0.0,0.0,0.0,0.0
BitRate blocking probability per pair and bitRate,4,300.0Gbps,20,6, ,0.04458776780270535,0.06998641500526355,0.027771996323121644,0.04527162168080457,0.039370460420280036
BitRate blocking probability per pair and bitRate,4,300.0Gbps,21,13, ,0.0,0.0,0.0,0.0,0.0
BitRate blocking probability per pair and bitRate,4,300.0Gbps,6,21, ,0.0,0.0,0.0,0.0,0.0
BitRate blocking probability per pair and bitRate,4,300.0Gbps,18,16, ,0.0,0.0,0.0,0.0,0.0
BitRate blocking probability per pair and bitRate,4,300.0Gbps,5,21, ,0.0,0.0,0.0,0.0,0.0
BitRate blocking probability per pair and bitRate,4,300.0Gbps,15,11, ,0.0,0.0,0.0,0.0,0.0
BitRate blocking probability per pair and bitRate,4,300.0Gbps,8,12, ,0.0,0.0,0.0,0.0,0.0
BitRate blocking probability per pair and bitRate,4,300.0Gbps,19,1, ,0.0,0.0,0.0,0.0,0.0
BitRate blocking probability per pair and bitRate,4,300.0Gbps,21,14, ,0.0,0.0,0.0,0.0,0.0
BitRate blocking probability per pair and bitRate,4,300.0Gbps,2,13, ,0.0,0.0,0.0,0.0,0.0
BitRate blocking probability per pair and bitRate,4,300.0Gbps,17,6, ,0.14512221727754368,0.16841108840315847,0.02615842733255186,0.14682995785169345,0.0
BitRate blocking probability per pair and bitRate,4,300.0Gbps,24,1, ,0.0,0.0,0.0,0.0,0.0
BitRate blocking probability per pair and bitRate,4,300.0Gbps,8,3, ,0.0,0.0,0.0,0.0,0.0
BitRate blocking probability per pair and bitRate,4,300.0Gbps,1,22, ,0.0,0.029815256069697607,0.0,0.0,0.08012891002700301
BitRate blocking probability per pair and bitRate,4,300.0Gbps,23,3, ,0.0,0.0,0.0,0.0,0.0
BitRate blocking probability per pair and bitRate,4,300.0Gbps,2,1, ,0.0,0.0,0.0,0.0,0.0
BitRate blocking probability per pair and bitRate,4,300.0Gbps,15,23, ,0.0,0.0,0.0,0.0,0.0
BitRate blocking probability per pair and bitRate,4,300.0Gbps,19,15, ,0.0,0.0,0.0,0.0,0.0
BitRate blocking probability per pair and bitRate,4,300.0Gbps,2,23, ,0.0,0.0,0.0,0.0,0.0
BitRate blocking probability per pair and bitRate,4,300.0Gbps,13,17, ,0.0,0.0,0.0,0.0,0.0
BitRate blocking probability per pair and bitRate,4,300.0Gbps,1,10, ,0.0,0.0,0.0,0.0,0.0
BitRate blocking probability per pair and bitRate,4,300.0Gbps,5,22, ,0.04537370801704895,0.0,0.01829756519048503,0.03476469238970596,0.032286881544164876
BitRate blocking probability per pair and bitRate,4,300.0Gbps,18,24, ,0.0,0.0,0.0,0.0,0.0
BitRate blocking probability per pair and bitRate,4,300.0Gbps,19,23, ,0.0,0.0,0.0,0.0,0.0
BitRate blocking probability per pair and bitRate,4,300.0Gbps,20,8, ,0.0,0.0,0.0,0.0,0.0
BitRate blocking probability per pair and bitRate,4,300.0Gbps,10,6, ,0.0,0.0,0.0,0.0,0.0
BitRate blocking probability per pair and bitRate,4,300.0Gbps,2,6, ,0.0,0.0,0.0,0.0,0.0
BitRate blocking probability per pair and bitRate,4,300.0Gbps,16,14, ,0.0,0.0,0.0,0.0,0.0
BitRate blocking probability per pair and bitRate,4,300.0Gbps,24,19, ,0.0,0.0,0.0,0.0,0.0
BitRate blocking probability per pair and bitRate,4,300.0Gbps,23,19, ,0.0,0.0,0.0,0.0,0.0
BitRate blocking probability per pair and bitRate,4,300.0Gbps,12,2, ,0.0,0.0,0.0,0.0,0.0
BitRate blocking probability per pair and bitRate,4,300.0Gbps,23,1, ,0.0,0.0,0.0,0.0,0.0
BitRate blocking probability per pair and bitRate,4,300.0Gbps,15,7, ,0.0,0.0,0.0,0.0,0.0
BitRate blocking probability per pair and bitRate,4,300.0Gbps,22,12, ,0.0,0.0,0.0,0.0,0.0
BitRate blocking probability per pair and bitRate,4,300.0Gbps,3,6, ,0.0,0.0,0.0,0.0,0.0
BitRate blocking probability per pair and bitRate,4,300.0Gbps,4,2, ,0.0,0.0,0.0,0.0,0.0
BitRate blocking probability per pair and bitRate,4,300.0Gbps,13,1, ,0.0,0.0,0.0,0.0,0.0
BitRate blocking probability per pair and bitRate,4,300.0Gbps,6,5, ,0.0,0.0,0.0,0.0,0.0
BitRate blocking probability per pair and bitRate,4,300.0Gbps,16,22, ,0.0,0.0,0.0,0.0,0.0
BitRate blocking probability per pair and bitRate,4,300.0Gbps,7,5, ,0.0,0.0,0.0,0.0,0.0
BitRate blocking probability per pair and bitRate,4,300.0Gbps,6,24, ,0.0,0.0,0.0,0.0,0.0
BitRate blocking probability per pair and bitRate,4,300.0Gbps,18,17, ,0.0,0.0,0.0,0.0,0.0
BitRate blocking probability per pair and bitRate,4,300.0Gbps,22,3, ,0.0,0.0,0.0,0.0,0.0
BitRate blocking probability per pair and bitRate,4,300.0Gbps,13,4, ,0.0,0.0,0.0,0.0,0.0
BitRate blocking probability per pair and bitRate,4,300.0Gbps,16,5, ,0.0,0.0,0.0,0.0,0.0
BitRate blocking probability per pair and bitRate,4,300.0Gbps,18,11, ,0.0,0.0,0.0,0.0,0.0
BitRate blocking probability per pair and bitRate,4,300.0Gbps,6,11, ,0.0,0.0,0.0,0.0,0.0
BitRate blocking probability per pair and bitRate,4,300.0Gbps,17,13, ,0.0,0.0,0.0,0.0,0.0
BitRate blocking probability per pair and bitRate,4,300.0Gbps,7,3, ,0.0,0.0,0.0,0.0,0.0
BitRate blocking probability per pair and bitRate,4,300.0Gbps,22,23, ,0.0,0.0,0.0,0.0,0.0
BitRate blocking probability per pair and bitRate,4,300.0Gbps,10,13, ,0.0,0.0,0.0,0.0,0.0
BitRate blocking probability per pair and bitRate,4,300.0Gbps,14,7, ,0.0,0.0,0.0,0.0,0.0
BitRate blocking probability per pair and bitRate,4,300.0Gbps,20,16, ,0.0,0.0,0.0,0.0,0.0
BitRate blocking probability per pair and bitRate,4,300.0Gbps,14,8, ,0.0,0.0,0.0,0.0,0.0
BitRate blocking probability per pair and bitRate,4,300.0Gbps,7,4, ,0.0,0.0,0.0,0.0,0.0
BitRate blocking probability per pair and bitRate,4,300.0Gbps,8,14, ,0.0,0.0,0.0,0.0,0.0
BitRate blocking probability per pair and bitRate,4,300.0Gbps,3,12, ,0.0,0.0,0.0,0.0,0.0
BitRate blocking probability per pair and bitRate,4,300.0Gbps,7,2, ,0.0,0.0,0.0,0.0,0.0
BitRate blocking probability per pair and bitRate,4,300.0Gbps,10,11, ,0.0,0.0,0.0,0.0,0.0
BitRate blocking probability per pair and bitRate,4,300.0Gbps,11,14, ,0.0,0.0,0.0,0.0,0.0
BitRate blocking probability per pair and bitRate,4,300.0Gbps,20,24, ,0.0,0.0,0.0,0.0,0.0
BitRate blocking probability per pair and bitRate,4,300.0Gbps,20,4, ,0.012956559053313776,0.0687105790787651,0.0,0.12794971481531608,0.01659645082452311
BitRate blocking probability per pair and bitRate,4,300.0Gbps,23,2, ,0.0,0.0,0.0,0.0,0.0
BitRate blocking probability per pair and bitRate,4,300.0Gbps,22,2, ,0.0,0.0,0.0,0.0,0.0
BitRate blocking probability per pair and bitRate,4,300.0Gbps,22,19, ,0.0,0.0,0.0,0.0,0.0
BitRate blocking probability per pair and bitRate,4,300.0Gbps,24,23, ,0.0,0.0,0.0,0.0,0.0
BitRate blocking probability per pair and bitRate,4,300.0Gbps,6,17, ,0.1639540869245345,0.13891757441729113,0.3543635180243413,0.11254273927495101,0.13987424460979125
BitRate blocking probability per pair and bitRate,4,300.0Gbps,4,15, ,0.0,0.0,0.0,0.0,0.0
BitRate blocking probability per pair and bitRate,4,300.0Gbps,20,7, ,0.0,0.0,0.0,0.0,0.0
BitRate blocking probability per pair and bitRate,4,300.0Gbps,10,8, ,0.0,0.0,0.0,0.0,0.0
BitRate blocking probability per pair and bitRate,4,300.0Gbps,10,24, ,0.0,0.0,0.0,0.0,0.0
BitRate blocking probability per pair and bitRate,4,300.0Gbps,12,16, ,0.0,0.0,0.0,0.0,0.0
BitRate blocking probability per pair and bitRate,4,300.0Gbps,8,13, ,0.0,0.0,0.0,0.0,0.0
BitRate blocking probability per pair and bitRate,4,300.0Gbps,11,4, ,0.0,0.0,0.0,0.0,0.0
BitRate blocking probability per pair and bitRate,4,300.0Gbps,22,17, ,0.0,0.0,0.0,0.0,0.0
BitRate blocking probability per pair and bitRate,4,300.0Gbps,4,1, ,0.0,0.0,0.0,0.0,0.0
BitRate blocking probability per pair and bitRate,4,300.0Gbps,14,6, ,0.0,0.0,0.0,0.0,0.0
BitRate blocking probability per pair and bitRate,4,300.0Gbps,14,10, ,0.0,0.0,0.0,0.0,0.0
BitRate blocking probability per pair and bitRate,4,300.0Gbps,24,6, ,0.0,0.0,0.0,0.0,0.0
BitRate blocking probability per pair and bitRate,4,300.0Gbps,15,2, ,0.0,0.0,0.0,0.0,0.0
BitRate blocking probability per pair and bitRate,4,300.0Gbps,22,10, ,0.0,0.0,0.0,0.0,0.0
BitRate blocking probability per pair and bitRate,4,300.0Gbps,4,17, ,0.008025166543260865,0.1096265618057687,0.2734490583276232,0.24229902172781015,0.08272957045827427
BitRate blocking probability per pair and bitRate,4,300.0Gbps,17,2, ,0.0,0.0,0.0,0.0,0.0
BitRate blocking probability per pair and bitRate,4,300.0Gbps,18,20, ,0.0,0.0,0.0,0.0,0.0
BitRate blocking probability per pair and bitRate,4,300.0Gbps,17,21, ,0.0,0.0,0.0,0.0,0.0
BitRate blocking probability per pair and bitRate,4,300.0Gbps,18,6, ,0.06807083026527583,0.0,0.004789436168987802,0.00782950497577456,0.011378240350529667
BitRate blocking probability per pair and bitRate,4,300.0Gbps,10,15, ,0.0,0.0,0.0,0.0,0.0
BitRate blocking probability per pair and bitRate,4,300.0Gbps,4,11, ,0.0,0.0,0.0,0.0,0.0
BitRate blocking probability per pair and bitRate,4,300.0Gbps,2,21, ,0.0,0.0,0.0,0.0,0.0
BitRate blocking probability per pair and bitRate,4,300.0Gbps,19,9, ,0.0,0.0,0.0,0.0,0.0
BitRate blocking probability per pair and bitRate,4,300.0Gbps,5,8, ,0.0,0.0,0.0,0.0,0.0
BitRate blocking probability per pair and bitRate,4,300.0Gbps,5,3, ,0.0,0.0,0.0,0.0,0.0
BitRate blocking probability per pair and bitRate,4,300.0Gbps,11,6, ,0.0,0.0,0.0,0.0,0.0
BitRate blocking probability per pair and bitRate,4,300.0Gbps,8,2, ,0.0,0.0,0.0,0.0,0.0
BitRate blocking probability per pair and bitRate,4,300.0Gbps,9,24, ,0.0,0.0,0.0,0.0,0.0
BitRate blocking probability per pair and bitRate,4,300.0Gbps,16,23, ,0.0,0.0,0.0,0.0,0.0
BitRate blocking probability per pair and bitRate,4,300.0Gbps,2,16, ,0.0,0.0,0.0,0.0,0.0
BitRate blocking probability per pair and bitRate,4,300.0Gbps,16,17, ,0.0,0.0,0.0,0.0,0.0
BitRate blocking probability per pair and bitRate,4,300.0Gbps,23,18, ,0.0,0.0,0.0,0.0,0.0
BitRate blocking probability per pair and bitRate,4,300.0Gbps,7,1, ,0.0,0.0,0.0,0.0,0.0
BitRate blocking probability per pair and bitRate,4,300.0Gbps,11,24, ,0.0,0.0,0.0,0.0,0.0
BitRate blocking probability per pair and bitRate,4,300.0Gbps,2,10, ,0.0,0.0,0.0,0.0,0.0
BitRate blocking probability per pair and bitRate,4,300.0Gbps,4,6, ,0.0,0.0,0.0,0.0,0.0
BitRate blocking probability per pair and bitRate,4,300.0Gbps,15,13, ,0.0,0.0,0.0,0.0,0.0
BitRate blocking probability per pair and bitRate,4,300.0Gbps,21,12, ,0.0,0.0,0.0,0.0,0.0
BitRate blocking probability per pair and bitRate,4,300.0Gbps,5,6, ,0.0,0.0,0.0,0.0,0.0
BitRate blocking probability per pair and bitRate,4,300.0Gbps,10,18, ,0.0,0.0,0.0,0.0,0.0
BitRate blocking probability per pair and bitRate,4,300.0Gbps,14,23, ,0.0,0.0,0.0,0.0,0.0
BitRate blocking probability per pair and bitRate,4,300.0Gbps,21,8, ,0.0,0.0,0.0,0.0,0.0
BitRate blocking probability per pair and bitRate,4,300.0Gbps,11,3, ,0.0,0.0,0.0,0.0,0.0
BitRate blocking probability per pair and bitRate,4,300.0Gbps,13,16, ,0.0,0.0,0.0,0.0,0.0
BitRate blocking probability per pair and bitRate,4,300.0Gbps,22,16, ,0.0,0.0,0.0,0.0,0.0
BitRate blocking probability per pair and bitRate,4,300.0Gbps,21,5, ,0.0,0.0,0.0,0.0,0.0
BitRate blocking probability per pair and bitRate,4,300.0Gbps,23,24, ,0.0,0.0,0.0,0.0,0.0
BitRate blocking probability per pair and bitRate,4,300.0Gbps,9,6, ,0.0,0.0,0.0,0.0,0.0
BitRate blocking probability per pair and bitRate,4,300.0Gbps,20,9, ,0.0,0.0,0.06573573101121126,0.0,0.0037029858472553685
BitRate blocking probability per pair and bitRate,4,300.0Gbps,16,6, ,0.0,0.0,0.0,0.0,0.0
BitRate blocking probability per pair and bitRate,4,300.0Gbps,15,4, ,0.0,0.0,0.0,0.0,0.0
BitRate blocking probability per pair and bitRate,4,300.0Gbps,3,4, ,0.0,0.0,0.0,0.0,0.0
BitRate blocking probability per pair and bitRate,4,300.0Gbps,17,10, ,0.0,0.0,0.0,0.0,0.0
BitRate blocking probability per pair and bitRate,4,300.0Gbps,12,10, ,0.0,0.0,0.0,0.0,0.0
BitRate blocking probability per pair and bitRate,4,300.0Gbps,12,7, ,0.0,0.0,0.0,0.0,0.0
BitRate blocking probability per pair and bitRate,4,300.0Gbps,3,17, ,0.0,0.0,0.0,0.0,0.0
BitRate blocking probability per pair and bitRate,4,500.0Gbps,11,2, ,0.0,0.0,0.0,0.0,0.0
BitRate blocking probability per pair and bitRate,4,500.0Gbps,1,23, ,0.0,0.0,0.0,0.0,0.0
BitRate blocking probability per pair and bitRate,4,500.0Gbps,2,9, ,0.0,0.0,0.0,0.0,0.0
BitRate blocking probability per pair and bitRate,4,500.0Gbps,1,20, ,0.0,0.0,0.29020376741010834,0.020583129646026054,0.0
BitRate blocking probability per pair and bitRate,4,500.0Gbps,17,24, ,0.0,0.0,0.0,0.0,0.0
BitRate blocking probability per pair and bitRate,4,500.0Gbps,21,15, ,0.0,0.0,0.0,0.0,0.0
BitRate blocking probability per pair and bitRate,4,500.0Gbps,19,11, ,0.0,0.0,0.0,0.0,0.0
BitRate blocking probability per pair and bitRate,4,500.0Gbps,3,1, ,0.0,0.0,0.0,0.0,0.0
BitRate blocking probability per pair and bitRate,4,500.0Gbps,24,2, ,0.0,0.0,0.0,0.0,0.0
BitRate blocking probability per pair and bitRate,4,500.0Gbps,23,22, ,0.0,0.0,0.0,0.0,0.0
BitRate blocking probability per pair and bitRate,4,500.0Gbps,17,22, ,0.0,0.0,0.0,0.0,0.0
BitRate blocking probability per pair and bitRate,4,500.0Gbps,15,20, ,0.0,0.0,0.0,0.0,0.0
BitRate blocking probability per pair and bitRate,4,500.0Gbps,2,7, ,0.0,0.0,0.0,0.0,0.0
BitRate blocking probability per pair and bitRate,4,500.0Gbps,10,1, ,0.0,0.0,0.0,0.0,0.0
BitRate blocking probability per pair and bitRate,4,500.0Gbps,14,16, ,0.0,0.0,0.0,0.0,0.0
BitRate blocking probability per pair and bitRate,4,500.0Gbps,13,18, ,0.0,0.0,0.0,0.0,0.0
BitRate blocking probability per pair and bitRate,4,500.0Gbps,11,7, ,0.0,0.0,0.0,0.0,0.0
BitRate blocking probability per pair and bitRate,4,500.0Gbps,15,10, ,0.0,0.0,0.0,0.0,0.0
BitRate blocking probability per pair and bitRate,4,500.0Gbps,17,4, ,0.5020879608139955,0.006238078977164156,0.40044578943052755,0.13839538296705414,0.1380483281417001
BitRate blocking probability per pair and bitRate,4,500.0Gbps,15,19, ,0.0,0.0,0.0,0.0,0.0
BitRate blocking probability per pair and bitRate,4,500.0Gbps,9,22, ,0.0,0.0,0.0,0.0,5.512652099036913E-4
BitRate blocking probability per pair and bitRate,4,500.0Gbps,9,19, ,0.0,0.0,0.0,3.81672921657051E-4,0.0
BitRate blocking probability per pair and bitRate,4,500.0Gbps,24,7, ,0.0,0.0,0.0,0.0,0.0
BitRate blocking probability per pair and bitRate,4,500.0Gbps,1,18, ,0.0,0.0,0.0,0.0,0.0
BitRate blocking probability per pair and bitRate,4,500.0Gbps,19,4, ,0.21302545774899603,0.14879298660348103,0.45595879061064887,0.13550795646698416,0.5674896962701107
BitRate blocking probability per pair and bitRate,4,500.0Gbps,5,1, ,0.0,0.0,0.0,0.0,0.0
BitRate blocking probability per pair and bitRate,4,500.0Gbps,5,20, ,0.07041101582589922,0.16291958142427948,0.2139715542414633,0.26299683728703516,0.52539541101051
BitRate blocking probability per pair and bitRate,4,500.0Gbps,21,24, ,0.0,0.0,0.0,0.0,0.0
BitRate blocking probability per pair and bitRate,4,500.0Gbps,9,1, ,0.0,0.0,0.0,0.0,0.0
BitRate blocking probability per pair and bitRate,4,500.0Gbps,9,21, ,0.0,0.0,0.0,0.0,0.0
BitRate blocking probability per pair and bitRate,4,500.0Gbps,14,15, ,0.0,0.0,0.0,0.0,0.0
BitRate blocking probability per pair and bitRate,4,500.0Gbps,8,4, ,0.0,0.0,0.0,0.0,0.0
BitRate blocking probability per pair and bitRate,4,500.0Gbps,8,21, ,0.0,0.0,0.0,0.0,0.0
BitRate blocking probability per pair and bitRate,4,500.0Gbps,6,3, ,0.0,0.0,0.0,0.0,0.0
BitRate blocking probability per pair and bitRate,4,500.0Gbps,9,2, ,0.0,0.0,0.0,0.0,0.0
BitRate blocking probability per pair and bitRate,4,500.0Gbps,16,2, ,0.0,0.0,0.0,0.0,0.0
BitRate blocking probability per pair and bitRate,4,500.0Gbps,9,4, ,0.0,0.0,0.0,0.0,0.0
BitRate blocking probability per pair and bitRate,4,500.0Gbps,23,21, ,0.0,0.0,0.0,0.0,0.0
BitRate blocking probability per pair and bitRate,4,500.0Gbps,19,24, ,0.0,0.0,0.0,0.0,0.0
BitRate blocking probability per pair and bitRate,4,500.0Gbps,22,15, ,0.0,0.0,0.0,0.0,0.0
BitRate blocking probability per pair and bitRate,4,500.0Gbps,23,17, ,0.0,0.0,0.0,0.0,0.0
BitRate blocking probability per pair and bitRate,4,500.0Gbps,8,11, ,0.0,0.0,0.0,0.0,0.0
BitRate blocking probability per pair and bitRate,4,500.0Gbps,24,17, ,0.0,0.0,0.0,0.0,0.0
BitRate blocking probability per pair and bitRate,4,500.0Gbps,22,18, ,0.0,0.0,0.0,0.0,0.0
BitRate blocking probability per pair and bitRate,4,500.0Gbps,5,11, ,0.0,0.0,0.0,0.0,0.0
BitRate blocking probability per pair and bitRate,4,500.0Gbps,4,8, ,0.0,0.0,0.0,0.0,0.0
BitRate blocking probability per pair and bitRate,4,500.0Gbps,23,9, ,0.0,0.0,0.0,0.0,0.0
BitRate blocking probability per pair and bitRate,4,500.0Gbps,6,12, ,0.0,0.0,0.035489278806287286,0.04269695133945158,0.020325326617961152
BitRate blocking probability per pair and bitRate,4,500.0Gbps,4,5, ,0.0,0.0,0.0,0.0,0.0
BitRate blocking probability per pair and bitRate,4,500.0Gbps,16,9, ,0.0,0.0,0.0,0.0,0.0
BitRate blocking probability per pair and bitRate,4,500.0Gbps,16,11, ,0.0,0.0,0.0,0.0,0.0
BitRate blocking probability per pair and bitRate,4,500.0Gbps,24,20, ,0.0,0.0,0.0,0.0,0.0
BitRate blocking probability per pair and bitRate,4,500.0Gbps,12,14, ,0.0,0.0,0.0,0.0,0.0
BitRate blocking probability per pair and bitRate,4,500.0Gbps,20,5, ,0.6728020927572679,0.25701702747412997,0.13360795447074866,0.3849598000551714,0.3651652478561379
BitRate blocking probability per pair and bitRate,4,500.0Gbps,11,12, ,0.0,0.0,0.0,0.0,0.0
BitRate blocking probability per pair and bitRate,4,500.0Gbps,7,14, ,0.0,0.0,0.0,0.0,0.0
BitRate blocking probability per pair and bitRate,4,500.0Gbps,10,23, ,0.0,0.0,0.0,0.0,0.0
BitRate blocking probability per pair and bitRate,4,500.0Gbps,22,20, ,0.0,0.0,0.0,0.0,0.0
BitRate blocking probability per pair and bitRate,4,500.0Gbps,17,11, ,0.0,0.0,0.0,0.0,0.0
BitRate blocking probability per pair and bitRate,4,500.0Gbps,3,10, ,0.0,0.0,0.0,0.0,0.0
BitRate blocking probability per pair and bitRate,4,500.0Gbps,17,14, ,0.0,0.0,0.0,0.0,0.0
BitRate blocking probability per pair and bitRate,4,500.0Gbps,10,7, ,0.0,0.0,0.0,0.0,0.0
BitRate blocking probability per pair and bitRate,4,500.0Gbps,3,2, ,0.0,0.0,0.0,0.0,0.0
BitRate blocking probability per pair and bitRate,4,500.0Gbps,3,5, ,0.0,0.0,0.0,0.0,0.0
BitRate blocking probability per pair and bitRate,4,500.0Gbps,22,1, ,0.0,0.0,0.0,0.0,0.0
BitRate blocking probability per pair and bitRate,4,500.0Gbps,1,14, ,0.0,0.0,0.0,0.0,0.0
BitRate blocking probability per pair and bitRate,4,500.0Gbps,24,8, ,0.0,0.0,0.0,0.0,0.0
BitRate blocking probability per pair and bitRate,4,500.0Gbps,11,21, ,0.0,0.0,0.0,0.0,0.0
BitRate blocking probability per pair and bitRate,4,500.0Gbps,20,14, ,0.0,0.0,0.0,0.0,0.0
BitRate blocking probability per pair and bitRate,4,500.0Gbps,8,6, ,0.0,0.0,0.0,0.0,0.0
BitRate blocking probability per pair and bitRate,4,500.0Gbps,21,11, ,0.0,0.0,0.0,0.0,0.0
BitRate blocking probability per pair and bitRate,4,500.0Gbps,11,8, ,0.0,0.0,0.0,0.0,0.0
BitRate blocking probability per pair and bitRate,4,500.0Gbps,21,19, ,0.0,0.0,0.0,0.0,0.0
BitRate blocking probability per pair and bitRate,4,500.0Gbps,17,1, ,0.0,0.0,0.0,0.0,0.0
BitRate blocking probability per pair and bitRate,4,500.0Gbps,11,22, ,0.0,0.0,0.0,0.0,0.0
BitRate blocking probability per pair and bitRate,4,500.0Gbps,24,21, ,0.0,0.0,0.0,0.0,0.0
BitRate blocking probability per pair and bitRate,4,500.0Gbps,19,22, ,0.0,0.0,0.0,0.0,0.0
BitRate blocking probability per pair and bitRate,4,500.0Gbps,7,12, ,0.0,0.0,0.0,0.0,0.0
BitRate blocking probability per pair and bitRate,4,500.0Gbps,7,22, ,0.0,0.0,0.0,0.0,0.0
BitRate blocking probability per pair and bitRate,4,500.0Gbps,23,5, ,0.0,0.0,0.0,0.0,0.0
BitRate blocking probability per pair and bitRate,4,500.0Gbps,21,17, ,0.0,0.0,0.0,0.0,0.0
BitRate blocking probability per pair and bitRate,4,500.0Gbps,1,11, ,0.0,0.0,0.0,0.0,0.0
BitRate blocking probability per pair and bitRate,4,500.0Gbps,18,12, ,0.0,0.0,0.0,0.0,0.0
BitRate blocking probability per pair and bitRate,4,500.0Gbps,23,10, ,0.0,0.0,0.0,0.0,0.0
BitRate blocking probability per pair and bitRate,4,500.0Gbps,18,7, ,0.0,0.011272803344369592,0.0,0.1361850977048227,0.1263490596920761
BitRate blocking probability per pair and bitRate,4,500.0Gbps,24,22, ,0.0,0.0,0.0,0.0,0.0
BitRate blocking probability per pair and bitRate,4,500.0Gbps,21,2, ,0.0,0.0,0.0,0.0,0.0
BitRate blocking probability per pair and bitRate,4,500.0Gbps,16,4, ,0.0,0.0,0.0,0.0,0.0
BitRate blocking probability per pair and bitRate,4,500.0Gbps,10,9, ,0.0,0.0,0.0,0.0,0.0
BitRate blocking probability per pair and bitRate,4,500.0Gbps,22,5, ,0.22664864705450713,0.0,0.12853929785782672,0.12951229697427374,0.1438425176885763
BitRate blocking probability per pair and bitRate,4,500.0Gbps,9,17, ,0.0,0.0236711468112371,0.02222378297950902,0.012013768834403192,0.380383545315062
BitRate blocking probability per pair and bitRate,4,500.0Gbps,8,20, ,0.0,0.0,0.0,0.0,0.0
BitRate blocking probability per pair and bitRate,4,500.0Gbps,1,24, ,0.0,0.0,0.0,0.0,0.0
BitRate blocking probability per pair and bitRate,4,500.0Gbps,2,14, ,0.0,0.0,0.0,0.0,0.0
BitRate blocking probability per pair and bitRate,4,500.0Gbps,5,18, ,0.028421544027074377,0.07778995165647351,0.0,0.018541815556992882,0.013367498797072355
BitRate blocking probability per pair and bitRate,4,500.0Gbps,8,9, ,0.0,0.0,0.0,0.0,0.0
BitRate blocking probability per pair and bitRate,4,500.0Gbps,9,13, ,0.0,0.0,0.0,0.0,0.0
BitRate blocking probability per pair and bitRate,4,500.0Gbps,24,13, ,0.0,0.0,0.0,0.0,0.0
BitRate blocking probability per pair and bitRate,4,500.0Gbps,2,17, ,0.0,0.0,0.0,0.0,0.0
BitRate blocking probability per pair and bitRate,4,500.0Gbps,20,1, ,0.0,0.0,0.0,0.0,0.0
BitRate blocking probability per pair and bitRate,4,500.0Gbps,19,2, ,0.0,0.0,0.0,0.0,0.0
BitRate blocking probability per pair and bitRate,4,500.0Gbps,4,3, ,0.0,0.0,0.0,0.0,0.0
BitRate blocking probability per pair and bitRate,4,500.0Gbps,22,4, ,0.2279366999658777,0.12647788704741053,0.3830561737552182,0.5471265973807258,0.33979803257607005
BitRate blocking probability per pair and bitRate,4,500.0Gbps,5,4, ,0.0,0.0,0.0,0.0,0.0
BitRate blocking probability per pair and bitRate,4,500.0Gbps,16,19, ,0.0,0.0,0.0,0.0,0.0
BitRate blocking probability per pair and bitRate,4,500.0Gbps,12,6, ,0.040063220634815246,0.0,0.0,0.0,0.0
BitRate blocking probability per pair and bitRate,4,500.0Gbps,17,8, ,0.0,0.0,0.0,0.0,0.0
BitRate blocking probability per pair and bitRate,4,500.0Gbps,12,9, ,0.0,0.0,0.0,0.0,0.0
BitRate blocking probability per pair and bitRate,4,500.0Gbps,11,20, ,0.0,0.0,0.0,0.0,0.0
BitRate blocking probability per pair and bitRate,4,500.0Gbps,15,12, ,0.0,0.0,0.0,0.0,0.0
BitRate blocking probability per pair and bitRate,4,500.0Gbps,9,16, ,0.0,0.0,0.0,0.0,0.0
BitRate blocking probability per pair and bitRate,4,500.0Gbps,7,15, ,0.0,0.0,0.0,0.0,0.06468462217170104
BitRate blocking probability per pair and bitRate,4,500.0Gbps,6,13, ,0.0,0.0,0.0,0.0,0.0
BitRate blocking probability per pair and bitRate,4,500.0Gbps,19,18, ,0.0,0.0,0.0,0.0,0.0
BitRate blocking probability per pair and bitRate,4,500.0Gbps,3,9, ,0.0,0.0,0.0,0.0,0.0
BitRate blocking probability per pair and bitRate,4,500.0Gbps,21,18, ,0.0,0.0,0.0,0.0,0.0
BitRate blocking probability per pair and bitRate,4,500.0Gbps,1,17, ,0.0,0.0,0.0,0.0,0.0
BitRate blocking probability per pair and bitRate,4,500.0Gbps,8,24, ,0.0,0.0,0.0,0.0,0.0
BitRate blocking probability per pair and bitRate,4,500.0Gbps,7,16, ,0.0,0.0,0.0,0.0,0.0
BitRate blocking probability per pair and bitRate,4,500.0Gbps,15,21, ,0.0,0.0,0.0,0.0,0.0
BitRate blocking probability per pair and bitRate,4,500.0Gbps,18,22, ,0.0,0.0,0.0,0.0,0.0
BitRate blocking probability per pair and bitRate,4,500.0Gbps,14,2, ,0.0,0.0,0.0,0.0,0.0
BitRate blocking probability per pair and bitRate,4,500.0Gbps,2,12, ,0.0,0.0,0.0,0.0,0.0
BitRate blocking probability per pair and bitRate,4,500.0Gbps,12,8, ,0.0,0.0,0.0,0.0,0.0
BitRate blocking probability per pair and bitRate,4,500.0Gbps,1,13, ,0.0,0.0,0.0,0.0,0.0
BitRate blocking probability per pair and bitRate,4,500.0Gbps,8,18, ,0.0,0.0,0.0,0.0,0.0
BitRate blocking probability per pair and bitRate,4,500.0Gbps,15,6, ,0.0,0.0,0.0,0.0,0.0
BitRate blocking probability per pair and bitRate,4,500.0Gbps,6,20, ,0.434494682950354,0.39604602820984414,0.676717754503835,0.23933577580766177,0.4009286536739917
BitRate blocking probability per pair and bitRate,4,500.0Gbps,7,21, ,0.0,0.0,0.0,0.0,0.0
BitRate blocking probability per pair and bitRate,4,500.0Gbps,9,3, ,0.0,0.0,0.0,0.0,0.0
BitRate blocking probability per pair and bitRate,4,500.0Gbps,12,13, ,0.0,0.0,0.0,0.0,0.0
BitRate blocking probability per pair and bitRate,4,500.0Gbps,8,22, ,0.0,0.0,0.0,0.0,0.0
BitRate blocking probability per pair and bitRate,4,500.0Gbps,2,3, ,0.0,0.0,0.0,0.0,0.0
BitRate blocking probability per pair and bitRate,4,500.0Gbps,14,18, ,0.0,0.0,0.0,0.0,0.0
BitRate blocking probability per pair and bitRate,4,500.0Gbps,23,20, ,0.0,0.0,0.0,0.0,0.0
BitRate blocking probability per pair and bitRate,4,500.0Gbps,4,20, ,0.7493554266351365,0.4912650772090944,0.05831590954066436,0.5347176451493181,0.4380474473432543
BitRate blocking probability per pair and bitRate,4,500.0Gbps,4,24, ,0.0,0.0,0.0,0.0,0.0
BitRate blocking probability per pair and bitRate,4,500.0Gbps,16,15, ,0.0,0.0,0.0,0.0,0.0
BitRate blocking probability per pair and bitRate,4,500.0Gbps,24,16, ,0.0,0.0,0.0,0.0,0.0
BitRate blocking probability per pair and bitRate,4,500.0Gbps,19,12, ,0.0,0.0,0.0,0.0,0.0
BitRate blocking probability per pair and bitRate,4,500.0Gbps,6,15, ,0.0,0.0,0.0,0.0,0.0
BitRate blocking probability per pair and bitRate,4,500.0Gbps,8,7, ,0.0,0.0,0.0,0.0,0.0
BitRate blocking probability per pair and bitRate,4,500.0Gbps,2,20, ,0.0,0.0,0.0,0.0,0.0
BitRate blocking probability per pair and bitRate,4,500.0Gbps,11,9, ,0.0,0.0,0.0,0.0,0.0
BitRate blocking probability per pair and bitRate,4,500.0Gbps,4,12, ,0.0,0.0,0.0,0.0,0.0
BitRate blocking probability per pair and bitRate,4,500.0Gbps,13,23, ,0.0,0.0,0.0,0.0,0.0
BitRate blocking probability per pair and bitRate,4,500.0Gbps,11,16, ,0.0,0.0,0.0,0.0,0.0
BitRate blocking probability per pair and bitRate,4,500.0Gbps,3,11, ,0.0,0.0,0.0,0.0,0.0
BitRate blocking probability per pair and bitRate,4,500.0Gbps,2,5, ,0.0,0.0,0.0,0.0,0.0
BitRate blocking probability per pair and bitRate,4,500.0Gbps,3,24, ,0.0,0.0,0.0,0.0,0.0
BitRate blocking probability per pair and bitRate,4,500.0Gbps,18,1, ,0.0,0.0,0.0,0.0,0.0
BitRate blocking probability per pair and bitRate,4,500.0Gbps,10,2, ,0.0,0.0,0.0,0.0,0.0
BitRate blocking probability per pair and bitRate,4,500.0Gbps,15,16, ,0.0,0.0,0.0,0.0,0.0
BitRate blocking probability per pair and bitRate,4,500.0Gbps,20,17, ,0.0,0.0,0.0,0.0,0.0
BitRate blocking probability per pair and bitRate,4,500.0Gbps,5,13, ,0.0,0.0,0.0,0.0,0.0
BitRate blocking probability per pair and bitRate,4,500.0Gbps,24,15, ,0.0,0.0,0.0,0.0,0.0
BitRate blocking probability per pair and bitRate,4,500.0Gbps,12,17, ,0.0,0.0,0.0,0.0,0.0
BitRate blocking probability per pair and bitRate,4,500.0Gbps,20,2, ,0.0,0.0,0.0,0.0,0.0
BitRate blocking probability per pair and bitRate,4,500.0Gbps,5,19, ,0.2123036999090481,0.5694857912327923,0.17759099751061222,0.5984283619056832,0.11601117377167446
BitRate blocking probability per pair and bitRate,4,500.0Gbps,6,8, ,0.0,0.0,0.0,0.0,0.0
BitRate blocking probability per pair and bitRate,4,500.0Gbps,4,10, ,0.0,0.0,0.0,0.0,0.0
BitRate blocking probability per pair and bitRate,4,500.0Gbps,1,4, ,0.0,0.0,0.0,0.0,0.0
BitRate blocking probability per pair and bitRate,4,500.0Gbps,12,23, ,0.0,0.0,0.0,0.0,0.0
BitRate blocking probability per pair and bitRate,4,500.0Gbps,23,4, ,0.0,0.0,0.0,0.0,0.0
BitRate blocking probability per pair and bitRate,4,500.0Gbps,12,20, ,0.0,0.0,0.0,0.0,0.0
BitRate blocking probability per pair and bitRate,4,500.0Gbps,11,19, ,0.0,0.0,0.0,0.0,0.0
BitRate blocking probability per pair and bitRate,4,500.0Gbps,2,11, ,0.0,0.0,0.0,0.0,0.0
BitRate blocking probability per pair and bitRate,4,500.0Gbps,8,23, ,0.0,0.0,0.0,0.0,0.0
BitRate blocking probability per pair and bitRate,4,500.0Gbps,10,14, ,0.0,0.0,0.0,0.0,0.0
BitRate blocking probability per pair and bitRate,4,500.0Gbps,21,22, ,0.0,0.0,0.0,0.0,0.0
BitRate blocking probability per pair and bitRate,4,500.0Gbps,9,11, ,0.0,0.0,0.0,0.0,0.0
BitRate blocking probability per pair and bitRate,4,500.0Gbps,23,7, ,0.0,0.0,0.0,0.0,0.0
BitRate blocking probability per pair and bitRate,4,500.0Gbps,24,18, ,0.0,0.0,0.0,0.0,0.0
BitRate blocking probability per pair and bitRate,4,500.0Gbps,14,24, ,0.0,0.0,0.0,0.0,0.0
BitRate blocking probability per pair and bitRate,4,500.0Gbps,6,4, ,0.0,0.0,0.0,0.0,0.0
BitRate blocking probability per pair and bitRate,4,500.0Gbps,21,9, ,0.0,0.0,0.0,0.0,0.0
BitRate blocking probability per pair and bitRate,4,500.0Gbps,15,1, ,0.0,0.0,0.0,0.0,0.0
BitRate blocking probability per pair and bitRate,4,500.0Gbps,13,8, ,0.0,0.0,0.0,0.0,0.0
BitRate blocking probability per pair and bitRate,4,500.0Gbps,13,12, ,0.0,0.0,0.0,0.0,0.0
BitRate blocking probability per pair and bitRate,4,500.0Gbps,12,11, ,0.0,0.0,0.0,0.0,0.0
BitRate blocking probability per pair and bitRate,4,500.0Gbps,23,16, ,0.0,0.0,0.0,0.0,0.0
BitRate blocking probability per pair and bitRate,4,500.0Gbps,16,10, ,0.0,0.0,0.0,0.0,0.0
BitRate blocking probability per pair and bitRate,4,500.0Gbps,14,4, ,0.0,0.0,0.0,0.0,0.0
BitRate blocking probability per pair and bitRate,4,500.0Gbps,10,21, ,0.0,0.0,0.0,0.0,0.0
BitRate blocking probability per pair and bitRate,4,500.0Gbps,1,16, ,0.0,0.0,0.0,0.0,0.0
BitRate blocking probability per pair and bitRate,4,500.0Gbps,5,14, ,0.0,0.0,0.0,0.0,0.0
BitRate blocking probability per pair and bitRate,4,500.0Gbps,14,3, ,0.0,0.0,0.0,0.0,0.0
BitRate blocking probability per pair and bitRate,4,500.0Gbps,9,5, ,0.0,0.0,0.0,0.0,0.0
BitRate blocking probability per pair and bitRate,4,500.0Gbps,11,23, ,0.0,0.0,0.0,0.0,0.0
BitRate blocking probability per pair and bitRate,4,500.0Gbps,23,12, ,0.0,0.0,0.0,0.0,0.0
BitRate blocking probability per pair and bitRate,4,500.0Gbps,18,4, ,0.4631755469329545,0.0,0.1757446568089079,0.24360606751920177,0.28487601006148344
BitRate blocking probability per pair and bitRate,4,500.0Gbps,19,10, ,0.0,0.0,0.0,0.0,0.0
BitRate blocking probability per pair and bitRate,4,500.0Gbps,14,19, ,0.0,0.0,0.0,0.0,0.0
BitRate blocking probability per pair and bitRate,4,500.0Gbps,3,18, ,0.0,0.0,0.0,0.0,0.0
BitRate blocking probability per pair and bitRate,4,500.0Gbps,1,21, ,0.0,0.0,0.0,0.0,0.0
BitRate blocking probability per pair and bitRate,4,500.0Gbps,10,16, ,0.0,0.0,0.0,0.0,0.0
BitRate blocking probability per pair and bitRate,4,500.0Gbps,24,9, ,0.0,0.0,0.0,0.0,0.0
BitRate blocking probability per pair and bitRate,4,500.0Gbps,3,21, ,0.0,0.0,0.0,0.0,0.0
BitRate blocking probability per pair and bitRate,4,500.0Gbps,12,24, ,0.0,0.0,0.0,0.0,0.0
BitRate blocking probability per pair and bitRate,4,500.0Gbps,15,9, ,0.0,0.0,0.0,0.0,0.0
BitRate blocking probability per pair and bitRate,4,500.0Gbps,18,14, ,0.0,0.0,0.0,0.0,0.0
BitRate blocking probability per pair and bitRate,4,500.0Gbps,16,3, ,0.0,0.0,0.0,0.0,0.0
BitRate blocking probability per pair and bitRate,4,500.0Gbps,15,5, ,0.0,0.0,0.0,0.0,0.0
BitRate blocking probability per pair and bitRate,4,500.0Gbps,16,21, ,0.0,0.0,0.0,0.0,0.0
BitRate blocking probability per pair and bitRate,4,500.0Gbps,8,17, ,0.0,0.0,0.0,0.0,0.0
BitRate blocking probability per pair and bitRate,4,500.0Gbps,5,16, ,0.0,0.0,0.0,0.0,0.0
BitRate blocking probability per pair and bitRate,4,500.0Gbps,21,4, ,0.0,0.0,0.0,0.0,0.0
BitRate blocking probability per pair and bitRate,4,500.0Gbps,17,19, ,0.0,0.0,0.0,0.0,0.0
BitRate blocking probability per pair and bitRate,4,500.0Gbps,16,12, ,0.0,0.0,0.0,0.0,0.0
BitRate blocking probability per pair and bitRate,4,500.0Gbps,7,19, ,0.0,0.0,0.0,0.0,0.0
BitRate blocking probability per pair and bitRate,4,500.0Gbps,8,19, ,0.0,0.0,0.0,0.0,0.0
BitRate blocking probability per pair and bitRate,4,500.0Gbps,9,20, ,0.0,0.0,0.0,0.0,0.0
BitRate blocking probability per pair and bitRate,4,500.0Gbps,13,10, ,0.0,0.0,0.0,0.0,0.0
BitRate blocking probability per pair and bitRate,4,500.0Gbps,17,16, ,0.0,0.0,0.0,0.0,0.0
BitRate blocking probability per pair and bitRate,4,500.0Gbps,5,7, ,0.0,0.0,0.0,0.0,0.0
BitRate blocking probability per pair and bitRate,4,500.0Gbps,5,10, ,0.0,0.0,0.0,0.0,0.0
BitRate blocking probability per pair and bitRate,4,500.0Gbps,22,14, ,0.0,0.0,0.0,0.0,0.0
BitRate blocking probability per pair and bitRate,4,500.0Gbps,2,24, ,0.0,0.0,0.0,0.0,0.0
BitRate blocking probability per pair and bitRate,4,500.0Gbps,11,15, ,0.0,0.0,0.0,0.0,0.0
BitRate blocking probability per pair and bitRate,4,500.0Gbps,19,13, ,0.0,0.0,0.0,0.0,0.0
BitRate blocking probability per pair and bitRate,4,500.0Gbps,9,14, ,0.0,0.0,0.0,0.0,0.0
BitRate blocking probability per pair and bitRate,4,500.0Gbps,13,20, ,0.0,0.0,0.0,0.0,0.0
BitRate blocking probability per pair and bitRate,4,500.0Gbps,20,15, ,0.0,0.0,0.0,0.0,0.0
BitRate blocking probability per pair and bitRate,4,500.0Gbps,1,9, ,0.0,0.0,0.0,0.0,0.0
BitRate blocking probability per pair and bitRate,4,500.0Gbps,4,16, ,0.0,0.0,0.0,0.0,0.0
BitRate blocking probability per pair and bitRate,4,500.0Gbps,21,20, ,0.0,0.0,0.0,0.0,0.0
BitRate blocking probability per pair and bitRate,4,500.0Gbps,6,18, ,0.028843044736200134,0.30683593061639625,0.7908818728456801,0.2998218180041361,0.5856265245091615
BitRate blocking probability per pair and bitRate,4,500.0Gbps,3,20, ,0.0,0.0,0.15111350226985537,0.0,0.0
BitRate blocking probability per pair and bitRate,4,500.0Gbps,21,10, ,0.0,0.0,0.0,0.0,0.0
BitRate blocking probability per pair and bitRate,4,500.0Gbps,2,19, ,0.0,0.0,0.0,0.0,0.0
BitRate blocking probability per pair and bitRate,4,500.0Gbps,7,17, ,0.0,0.0,0.0,0.0,0.0
BitRate blocking probability per pair and bitRate,4,500.0Gbps,14,5, ,0.0,0.0,0.0,0.0,0.0
BitRate blocking probability per pair and bitRate,4,500.0Gbps,7,13, ,0.0,0.0,0.0,0.0,0.0
BitRate blocking probability per pair and bitRate,4,500.0Gbps,5,15, ,0.0,0.0,0.0,0.0,0.0
BitRate blocking probability per pair and bitRate,4,500.0Gbps,18,8, ,0.0,0.0,0.0,0.0,0.0
BitRate blocking probability per pair and bitRate,4,500.0Gbps,19,17, ,0.0,0.0,0.0,0.0,0.0
BitRate blocking probability per pair and bitRate,4,500.0Gbps,19,21, ,0.0,0.0,0.0,0.0,0.0
BitRate blocking probability per pair and bitRate,4,500.0Gbps,19,3, ,0.0,0.0,0.0,0.0,0.0
BitRate blocking probability per pair and bitRate,4,500.0Gbps,13,19, ,0.0,0.0,0.0,0.0,0.0
BitRate blocking probability per pair and bitRate,4,500.0Gbps,12,18, ,0.0,0.0,0.0,0.0,0.0
BitRate blocking probability per pair and bitRate,4,500.0Gbps,13,3, ,0.0,0.0,0.0,0.0,0.0
BitRate blocking probability per pair and bitRate,4,500.0Gbps,7,18, ,0.0,0.0,0.0,0.05076836426277503,0.0
BitRate blocking probability per pair and bitRate,4,500.0Gbps,17,12, ,0.0,0.0,0.0,0.0,0.0
BitRate blocking probability per pair and bitRate,4,500.0Gbps,13,9, ,0.0,0.0,0.0,0.0,0.0
BitRate blocking probability per pair and bitRate,4,500.0Gbps,6,22, ,0.31216466541564014,0.2251956534563903,0.5841735742163601,0.49007107053107213,0.7762718264626534
BitRate blocking probability per pair and bitRate,4,500.0Gbps,1,15, ,0.0,0.0,0.0,0.0,0.0
BitRate blocking probability per pair and bitRate,4,500.0Gbps,3,19, ,0.0,0.0,0.0,0.0,0.0
BitRate blocking probability per pair and bitRate,4,500.0Gbps,12,4, ,0.0,0.0,0.0,0.0,0.0
BitRate blocking probability per pair and bitRate,4,500.0Gbps,16,24, ,0.0,0.0,0.0,0.0,0.0
BitRate blocking probability per pair and bitRate,4,500.0Gbps,6,10, ,0.0,0.0,0.0,0.0,0.0
BitRate blocking probability per pair and bitRate,4,500.0Gbps,2,18, ,0.0,0.0,0.0,0.0,0.0
BitRate blocking probability per pair and bitRate,4,500.0Gbps,18,21, ,0.0,0.0,0.0,0.0,0.0
BitRate blocking probability per pair and bitRate,4,500.0Gbps,18,3, ,0.0,0.0,0.0,0.0,0.0
BitRate blocking probability per pair and bitRate,4,500.0Gbps,15,18, ,0.0,0.0,0.0,0.0,0.0
BitRate blocking probability per pair and bitRate,4,500.0Gbps,4,14, ,0.0,0.0,0.0,0.0,0.0
BitRate blocking probability per pair and bitRate,4,500.0Gbps,7,20, ,0.0,0.0,0.0,0.0,0.0
BitRate blocking probability per pair and bitRate,4,500.0Gbps,13,15, ,0.0,0.0,0.0,0.0,0.0
BitRate blocking probability per pair and bitRate,4,500.0Gbps,13,21, ,0.0,0.0,0.0,0.0,0.0
BitRate blocking probability per pair and bitRate,4,500.0Gbps,15,14, ,0.0,0.0,0.0,0.0,0.0
BitRate blocking probability per pair and bitRate,4,500.0Gbps,3,15, ,0.0,0.0,0.0,0.0,0.0
BitRate blocking probability per pair and bitRate,4,500.0Gbps,18,5, ,0.0,0.0,0.0,0.0,0.0
BitRate blocking probability per pair and bitRate,4,500.0Gbps,12,1, ,0.0,0.0,0.0,0.0,0.0
BitRate blocking probability per pair and bitRate,4,500.0Gbps,6,7, ,0.0,0.0,0.0,0.0,0.0
BitRate blocking probability per pair and bitRate,4,500.0Gbps,24,3, ,0.0,0.0,0.0,0.0,0.0
BitRate blocking probability per pair and bitRate,4,500.0Gbps,19,5, ,0.3707234789307306,0.45197212595939484,0.04854015530700816,0.3082254038803512,0.6416137843596375
BitRate blocking probability per pair and bitRate,4,500.0Gbps,20,19, ,0.0,0.0,0.0,0.0,0.0
BitRate blocking probability per pair and bitRate,4,500.0Gbps,5,17, ,0.507896848588286,0.40550165673247407,0.4110942677483148,0.4739571636081863,0.398336573853313
BitRate blocking probability per pair and bitRate,4,500.0Gbps,20,12, ,0.0,0.0,0.0,0.0,0.0
BitRate blocking probability per pair and bitRate,4,500.0Gbps,4,22, ,0.3331068264187409,0.6398113711887928,0.6394101856992598,0.458390161011962,0.5970580733299422
BitRate blocking probability per pair and bitRate,4,500.0Gbps,7,8, ,0.0,0.0,0.0,0.0,0.0
BitRate blocking probability per pair and bitRate,4,500.0Gbps,14,1, ,0.0,0.0,0.0,0.0,0.0
BitRate blocking probability per pair and bitRate,4,500.0Gbps,20,21, ,0.0,0.0,0.0,0.0,0.0
BitRate blocking probability per pair and bitRate,4,500.0Gbps,1,6, ,0.0,0.0,0.0,0.0,0.0
BitRate blocking probability per pair and bitRate,4,500.0Gbps,13,2, ,0.0,0.0,0.0,0.0,0.0
BitRate blocking probability per pair and bitRate,4,500.0Gbps,14,20, ,0.0,0.0,0.0,0.0,0.0
BitRate blocking probability per pair and bitRate,4,500.0Gbps,16,20, ,0.0,0.0,0.0,0.0,0.0
BitRate blocking probability per pair and bitRate,4,500.0Gbps,18,15, ,0.0,0.0,0.0,0.0,0.0
BitRate blocking probability per pair and bitRate,4,500.0Gbps,6,2, ,0.0,0.0,0.0,0.0,0.0
BitRate blocking probability per pair and bitRate,4,500.0Gbps,9,15, ,0.0,0.0,0.0,0.0,0.0
BitRate blocking probability per pair and bitRate,4,500.0Gbps,15,17, ,0.0,0.0,0.0,0.0,0.0
BitRate blocking probability per pair and bitRate,4,500.0Gbps,18,2, ,0.0,0.0,0.0,0.0,0.0
BitRate blocking probability per pair and bitRate,4,500.0Gbps,15,24, ,0.0,0.0,0.0,0.0,0.0
BitRate blocking probability per pair and bitRate,4,500.0Gbps,7,10, ,0.0,0.0,0.0,0.0,0.0
BitRate blocking probability per pair and bitRate,4,500.0Gbps,14,21, ,0.0,0.0,0.0,0.0,0.0
BitRate blocking probability per pair and bitRate,4,500.0Gbps,23,15, ,0.0,0.0,0.0,0.0,0.0
BitRate blocking probability per pair and bitRate,4,500.0Gbps,11,1, ,0.0,0.0,0.0,0.0,0.0
BitRate blocking probability per pair and bitRate,4,500.0Gbps,19,20, ,0.0,0.0,0.0,0.0,0.0
BitRate blocking probability per pair and bitRate,4,500.0Gbps,1,8, ,0.0,0.0,0.0,0.0,0.0
BitRate blocking probability per pair and bitRate,4,500.0Gbps,16,1, ,0.0,0.0,0.0,0.0,0.0
BitRate blocking probability per pair and bitRate,4,500.0Gbps,24,5, ,0.0,0.0,0.0,0.0,0.0
BitRate blocking probability per pair and bitRate,4,500.0Gbps,2,4, ,0.0,0.0,0.0,0.0,0.0
BitRate blocking probability per pair and bitRate,4,500.0Gbps,10,5, ,0.0,0.0,0.0,0.0,0.0
BitRate blocking probability per pair and bitRate,4,500.0Gbps,21,7, ,0.0,0.0,0.0,0.0,0.0
BitRate blocking probability per pair and bitRate,4,500.0Gbps,23,11, ,0.0,0.0,0.0,0.0,0.0
BitRate blocking probability per pair and bitRate,4,500.0Gbps,19,6, ,0.0625892936313823,0.4084425237185989,0.4896843315352215,0.3577627014995196,0.3040849696516634
BitRate blocking probability per pair and bitRate,4,500.0Gbps,10,17, ,0.0,0.0,0.0,0.0,0.0
BitRate blocking probability per pair and bitRate,4,500.0Gbps,3,8, ,0.0,0.0,0.0,0.0,0.0
BitRate blocking probability per pair and bitRate,4,500.0Gbps,3,23, ,0.0,0.0,0.0,0.0,0.0
BitRate blocking probability per pair and bitRate,4,500.0Gbps,17,9, ,0.09702883111970699,0.07821223560334385,0.2056660801334724,0.02807730698858356,0.4686948336682291
BitRate blocking probability per pair and bitRate,4,500.0Gbps,9,18, ,0.0,0.0,0.0,0.0,0.0
BitRate blocking probability per pair and bitRate,4,500.0Gbps,1,3, ,0.0,0.0,0.0,0.0,0.0
BitRate blocking probability per pair and bitRate,4,500.0Gbps,10,20, ,0.0,0.0,0.0,0.0,0.0
BitRate blocking probability per pair and bitRate,4,500.0Gbps,21,6, ,0.0,0.0,0.0,0.0,0.0
BitRate blocking probability per pair and bitRate,4,500.0Gbps,8,5, ,0.0,0.0,0.0,0.0,0.0
BitRate blocking probability per pair and bitRate,4,500.0Gbps,9,8, ,0.0,0.0,0.0,0.0,0.0
BitRate blocking probability per pair and bitRate,4,500.0Gbps,24,4, ,0.0,0.0,0.0,0.0,0.0
BitRate blocking probability per pair and bitRate,4,500.0Gbps,1,12, ,0.0,0.0,0.0,0.0,0.0
BitRate blocking probability per pair and bitRate,4,500.0Gbps,11,5, ,0.0,0.0,0.0,0.0,0.0
BitRate blocking probability per pair and bitRate,4,500.0Gbps,22,7, ,0.0,0.0,0.0,0.0,0.0
BitRate blocking probability per pair and bitRate,4,500.0Gbps,22,8, ,0.0,0.0,0.0,0.0,0.0
BitRate blocking probability per pair and bitRate,4,500.0Gbps,20,22, ,0.0,0.0,0.0,0.0,0.0
BitRate blocking probability per pair and bitRate,4,500.0Gbps,13,24, ,0.0,0.0,0.0,0.0,0.0
BitRate blocking probability per pair and bitRate,4,500.0Gbps,1,7, ,0.0,0.0,0.0,0.0,0.0
BitRate blocking probability per pair and bitRate,4,500.0Gbps,17,20, ,0.0,0.0,0.0,0.0,0.0
BitRate blocking probability per pair and bitRate,4,500.0Gbps,16,18, ,0.0,0.0,0.0,0.0,0.0
BitRate blocking probability per pair and bitRate,4,500.0Gbps,16,8, ,0.0,0.0,0.0,0.0,0.0
BitRate blocking probability per pair and bitRate,4,500.0Gbps,12,15, ,0.0,0.0,0.0,0.0,0.0
BitRate blocking probability per pair and bitRate,4,500.0Gbps,17,5, ,0.37206520704820106,0.3900641114809783,0.5494119750911263,0.743302496311941,0.15383580172844227
BitRate blocking probability per pair and bitRate,4,500.0Gbps,23,14, ,0.0,0.0,0.0,0.0,0.0
BitRate blocking probability per pair and bitRate,4,500.0Gbps,1,19, ,0.0,0.0,0.005765242812926639,0.0,0.0
BitRate blocking probability per pair and bitRate,4,500.0Gbps,17,7, ,0.0,0.0,0.0,0.0,0.1957799412168591
BitRate blocking probability per pair and bitRate,4,500.0Gbps,18,9, ,0.0,0.0,0.0,0.0,0.0
BitRate blocking probability per pair and bitRate,4,500.0Gbps,18,23, ,0.0,0.0,0.0,0.0,0.0
BitRate blocking probability per pair and bitRate,4,500.0Gbps,13,22, ,0.0,0.0,0.0,0.0,0.0
BitRate blocking probability per pair and bitRate,4,500.0Gbps,7,6, ,0.0,0.0,0.0,0.0,0.0
BitRate blocking probability per pair and bitRate,4,500.0Gbps,9,23, ,0.0,0.0,0.0,0.0,0.0
BitRate blocking probability per pair and bitRate,4,500.0Gbps,13,6, ,0.0,0.0,0.0,0.0,0.0
BitRate blocking probability per pair and bitRate,4,500.0Gbps,15,8, ,0.0,0.0,0.0,0.0,0.0
BitRate blocking probability per pair and bitRate,4,500.0Gbps,13,14, ,0.0,0.0,0.0,0.0,0.0
BitRate blocking probability per pair and bitRate,4,500.0Gbps,20,3, ,0.0,0.0,0.0,0.0,0.0
BitRate blocking probability per pair and bitRate,4,500.0Gbps,21,16, ,0.0,0.0,0.0,0.0,0.0
BitRate blocking probability per pair and bitRate,4,500.0Gbps,3,16, ,0.0,0.0,0.0,0.0,0.0
BitRate blocking probability per pair and bitRate,4,500.0Gbps,22,13, ,0.0,0.0,0.0,0.0,0.0
BitRate blocking probability per pair and bitRate,4,500.0Gbps,3,14, ,0.0,0.0,0.0,0.0,0.0
BitRate blocking probability per pair and bitRate,4,500.0Gbps,3,7, ,0.0,0.0,0.0,0.0,0.0
BitRate blocking probability per pair and bitRate,4,500.0Gbps,10,22, ,0.0,0.0,0.0,0.0,0.0
BitRate blocking probability per pair and bitRate,4,500.0Gbps,8,10, ,0.0,0.0,0.0,0.0,0.0
BitRate blocking probability per pair and bitRate,4,500.0Gbps,22,6, ,0.15802614573374218,0.5612261804009389,0.39987885180845323,0.5596361790579713,0.7940184009592363
BitRate blocking probability per pair and bitRate,4,500.0Gbps,5,2, ,0.0,0.0,0.0,0.0,0.0
BitRate blocking probability per pair and bitRate,4,500.0Gbps,13,5, ,0.0,0.0,0.0,0.0,0.0
BitRate blocking probability per pair and bitRate,4,500.0Gbps,23,8, ,0.0,0.0,0.0,0.0,0.0
BitRate blocking probability per pair and bitRate,4,500.0Gbps,13,11, ,0.0,0.0,0.0,0.0,0.0
BitRate blocking probability per pair and bitRate,4,500.0Gbps,13,7, ,0.0,0.0,0.0,0.0,0.0
BitRate blocking probability per pair and bitRate,4,500.0Gbps,3,13, ,0.0,0.0,0.0,0.0,0.0
BitRate blocking probability per pair and bitRate,4,500.0Gbps,10,12, ,0.0,0.0,0.0,0.0,0.0
BitRate blocking probability per pair and bitRate,4,500.0Gbps,24,11, ,0.0,0.0,0.0,0.0,0.0
BitRate blocking probability per pair and bitRate,4,500.0Gbps,9,7, ,0.0,0.0,0.0,0.0,0.0
BitRate blocking probability per pair and bitRate,4,500.0Gbps,24,12, ,0.0,0.0,0.0,0.0,0.0
BitRate blocking probability per pair and bitRate,4,500.0Gbps,15,3, ,0.0,0.0,0.0,0.0,0.0
BitRate blocking probability per pair and bitRate,4,500.0Gbps,22,11, ,0.0,0.0,0.0,0.0,0.0
BitRate blocking probability per pair and bitRate,4,500.0Gbps,18,19, ,0.0,0.0,0.0,0.0,0.0
BitRate blocking probability per pair and bitRate,4,500.0Gbps,16,7, ,0.0,0.0,0.0,0.0,0.0
BitRate blocking probability per pair and bitRate,4,500.0Gbps,5,24, ,0.0,0.0,0.0,0.0,0.0
BitRate blocking probability per pair and bitRate,4,500.0Gbps,10,19, ,0.0,0.0,0.0,0.0,0.0
BitRate blocking probability per pair and bitRate,4,500.0Gbps,23,13, ,0.0,0.0,0.0,0.0,0.0
BitRate blocking probability per pair and bitRate,4,500.0Gbps,12,3, ,0.0,0.0,0.0,0.0,0.0
BitRate blocking probability per pair and bitRate,4,500.0Gbps,9,10, ,0.0,0.0,0.0,0.0,0.0
BitRate blocking probability per pair and bitRate,4,500.0Gbps,4,18, ,0.11179376860394574,0.13045789131169214,0.06259512927229328,0.4913564268029923,0.5054467545299229
BitRate blocking probability per pair and bitRate,4,500.0Gbps,4,19, ,0.34735115325580224,0.674798087880978,0.4720604483513842,0.7492763618873461,0.3654223784906529
BitRate blocking probability per pair and bitRate,4,500.0Gbps,17,15, ,0.0,0.0,0.0,0.0,0.0
BitRate blocking probability per pair and bitRate,4,500.0Gbps,2,22, ,0.0643868700258771,0.6363753531514303,0.4157728874472743,0.5495742919591665,0.08589451371867575
BitRate blocking probability per pair and bitRate,4,500.0Gbps,11,17, ,0.0,0.0,0.0,0.0,0.0
BitRate blocking probability per pair and bitRate,4,500.0Gbps,18,13, ,0.0,0.0,0.0,0.0,0.0
BitRate blocking probability per pair and bitRate,4,500.0Gbps,24,10, ,0.0,0.0,0.0,0.0,0.0
BitRate blocking probability per pair and bitRate,4,500.0Gbps,11,13, ,0.0,0.0,0.0,0.0,0.0
BitRate blocking probability per pair and bitRate,4,500.0Gbps,12,22, ,0.0,0.0,0.0,0.0,0.0
BitRate blocking probability per pair and bitRate,4,500.0Gbps,20,23, ,0.0,0.0,0.0,0.0,0.0
BitRate blocking probability per pair and bitRate,4,500.0Gbps,4,7, ,0.0,0.0,0.0,0.0,0.0
BitRate blocking probability per pair and bitRate,4,500.0Gbps,9,12, ,0.0,0.0,0.0,0.0,0.0
BitRate blocking probability per pair and bitRate,4,500.0Gbps,4,13, ,0.0,0.0,0.0,0.0,0.0
BitRate blocking probability per pair and bitRate,4,500.0Gbps,20,13, ,0.0,0.0,0.0,0.0,0.0
BitRate blocking probability per pair and bitRate,4,500.0Gbps,10,3, ,0.0,0.0,0.0,0.0,0.0
BitRate blocking probability per pair and bitRate,4,500.0Gbps,21,3, ,0.0,0.0,0.0,0.0,0.0
BitRate blocking probability per pair and bitRate,4,500.0Gbps,7,9, ,0.0,0.0,0.0,0.0,0.0
BitRate blocking probability per pair and bitRate,4,500.0Gbps,12,19, ,0.0,0.0,0.0,0.0,0.0
BitRate blocking probability per pair and bitRate,4,500.0Gbps,19,16, ,0.0,0.0,0.0,0.0,0.0
BitRate blocking probability per pair and bitRate,4,500.0Gbps,20,11, ,0.0,0.0,0.0,0.0,0.0
BitRate blocking probability per pair and bitRate,4,500.0Gbps,22,9, ,0.43708813113400313,0.0,0.05702294659408136,0.08670472538610985,0.16404028235585058
BitRate blocking probability per pair and bitRate,4,500.0Gbps,7,11, ,0.0,0.0,0.0,0.0,0.0
BitRate blocking probability per pair and bitRate,4,500.0Gbps,6,1, ,0.0,0.0,0.0,0.0,0.0
BitRate blocking probability per pair and bitRate,4,500.0Gbps,6,14, ,0.0,0.0,0.0,0.0,0.0
BitRate blocking probability per pair and bitRate,4,500.0Gbps,21,1, ,0.0,0.0,0.0,0.0,0.0
BitRate blocking probability per pair and bitRate,4,500.0Gbps,4,23, ,0.0,0.0,0.0,0.0,0.0
BitRate blocking probability per pair and bitRate,4,500.0Gbps,1,5, ,0.0,0.0,0.0,0.0,0.0
BitRate blocking probability per pair and bitRate,4,500.0Gbps,3,22, ,0.3637524993663051,0.021707622987048293,0.2942668979623767,0.1322359250997388,0.09072419279580217
BitRate blocking probability per pair and bitRate,4,500.0Gbps,5,23, ,0.0,0.0,0.0,0.0,0.0
BitRate blocking probability per pair and bitRate,4,500.0Gbps,14,9, ,0.0,0.0,0.0,0.0,0.0
BitRate blocking probability per pair and bitRate,4,500.0Gbps,23,6, ,0.0,0.0,0.0,0.0,0.0
BitRate blocking probability per pair and bitRate,4,500.0Gbps,6,19, ,0.28942295500834625,0.5974183191861192,0.6434936007157285,0.5489671498174861,0.5538218383192823
BitRate blocking probability per pair and bitRate,4,500.0Gbps,14,13, ,0.0,0.0,0.0,0.0,0.0
BitRate blocking probability per pair and bitRate,4,500.0Gbps,14,11, ,0.0,0.0,0.0,0.0,0.0
BitRate blocking probability per pair and bitRate,4,500.0Gbps,12,21, ,0.0,0.0,0.0,0.0,0.0
BitRate blocking probability per pair and bitRate,4,500.0Gbps,2,8, ,0.0,0.0,0.0,0.0,0.0
BitRate blocking probability per pair and bitRate,4,500.0Gbps,16,13, ,0.0,0.0,0.0,0.0,0.0
BitRate blocking probability per pair and bitRate,4,500.0Gbps,20,18, ,0.0,0.0,0.0,0.0,0.0
BitRate blocking probability per pair and bitRate,4,500.0Gbps,6,9, ,0.0,0.0,0.0,0.0,0.0
BitRate blocking probability per pair and bitRate,4,500.0Gbps,6,23, ,0.0,0.0,0.0,0.0,0.0
BitRate blocking probability per pair and bitRate,4,500.0Gbps,10,4, ,0.0,0.0,0.0,0.0,0.0
BitRate blocking probability per pair and bitRate,4,500.0Gbps,17,23, ,0.0,0.0,0.0,0.0,0.0
BitRate blocking probability per pair and bitRate,4,500.0Gbps,17,18, ,0.0,0.0,0.0,0.0,0.0
BitRate blocking probability per pair and bitRate,4,500.0Gbps,14,12, ,0.0,0.0,0.0,0.0,0.0
BitRate blocking probability per pair and bitRate,4,500.0Gbps,14,17, ,0.0,0.0,0.0,0.0,0.0
BitRate blocking probability per pair and bitRate,4,500.0Gbps,19,7, ,0.0,0.0,0.0,0.0,0.0
BitRate blocking probability per pair and bitRate,4,500.0Gbps,7,24, ,0.0,0.0,0.0,0.0,0.0
BitRate blocking probability per pair and bitRate,4,500.0Gbps,11,18, ,0.0,0.0,0.0,0.0,0.0
BitRate blocking probability per pair and bitRate,4,500.0Gbps,11,10, ,0.0,0.0,0.0,0.0,0.0
BitRate blocking probability per pair and bitRate,4,500.0Gbps,14,22, ,0.0,0.0,0.0,0.0,0.0
BitRate blocking probability per pair and bitRate,4,500.0Gbps,4,9, ,0.0,0.0,0.0,0.0,0.0
BitRate blocking probability per pair and bitRate,4,500.0Gbps,22,21, ,0.0,0.0,0.0,0.0,0.0
BitRate blocking probability per pair and bitRate,4,500.0Gbps,22,24, ,0.0,0.0,0.0,0.0,0.0
BitRate blocking probability per pair and bitRate,4,500.0Gbps,8,15, ,0.0,0.0,0.0,0.0,0.0
BitRate blocking probability per pair and bitRate,4,500.0Gbps,12,5, ,0.0,0.0,0.0,0.0,0.0
BitRate blocking probability per pair and bitRate,4,500.0Gbps,7,23, ,0.0,0.0,0.0,0.0,0.0
BitRate blocking probability per pair and bitRate,4,500.0Gbps,24,14, ,0.0,0.0,0.0,0.0,0.0
BitRate blocking probability per pair and bitRate,4,500.0Gbps,1,2, ,0.0,0.0,0.0,0.0,0.0
BitRate blocking probability per pair and bitRate,4,500.0Gbps,15,22, ,0.0,0.0,0.0,0.0,0.0
BitRate blocking probability per pair and bitRate,4,500.0Gbps,19,14, ,0.0,0.0,0.0,0.0,0.0
BitRate blocking probability per pair and bitRate,4,500.0Gbps,21,23, ,0.0,0.0,0.0,0.0,0.0
BitRate blocking probability per pair and bitRate,4,500.0Gbps,8,1, ,0.0,0.0,0.0,0.0,0.0
BitRate blocking probability per pair and bitRate,4,500.0Gbps,18,10, ,0.0,0.0,0.0,0.0,0.0
BitRate blocking probability per pair and bitRate,4,500.0Gbps,17,3, ,0.0,0.0,0.0,0.0,0.0
BitRate blocking probability per pair and bitRate,4,500.0Gbps,5,9, ,0.0,0.0,0.0,0.0,0.0
BitRate blocking probability per pair and bitRate,4,500.0Gbps,19,8, ,0.0,0.0,0.0,0.0,0.0
BitRate blocking probability per pair and bitRate,4,500.0Gbps,4,21, ,0.0985170600394282,0.0,0.2456372409609775,0.0,0.12328185879825714
BitRate blocking probability per pair and bitRate,4,500.0Gbps,8,16, ,0.0,0.0,0.0,0.0,0.0
BitRate blocking probability per pair and bitRate,4,500.0Gbps,5,12, ,0.0,0.0,0.0,0.0,0.0
BitRate blocking probability per pair and bitRate,4,500.0Gbps,6,16, ,0.0,0.0,0.0,0.0,0.0
BitRate blocking probability per pair and bitRate,4,500.0Gbps,20,10, ,0.0,0.0,0.0,0.0,0.0
BitRate blocking probability per pair and bitRate,4,500.0Gbps,2,15, ,0.0,0.0,0.0,0.0,0.0
BitRate blocking probability per pair and bitRate,4,500.0Gbps,20,6, ,0.2607828933609577,0.4761158804613893,0.08846966874403603,0.2859145864432065,0.41552402233564373
BitRate blocking probability per pair and bitRate,4,500.0Gbps,21,13, ,0.0,0.0,0.0,0.0,0.0
BitRate blocking probability per pair and bitRate,4,500.0Gbps,6,21, ,0.0,0.0,0.07242455660344353,0.0,0.0
BitRate blocking probability per pair and bitRate,4,500.0Gbps,18,16, ,0.0,0.0,0.0,0.0,0.0
BitRate blocking probability per pair and bitRate,4,500.0Gbps,5,21, ,0.0,0.2738682340963022,0.012733948835882336,0.0,0.0
BitRate blocking probability per pair and bitRate,4,500.0Gbps,15,11, ,0.0,0.0,0.0,0.0,0.0
BitRate blocking probability per pair and bitRate,4,500.0Gbps,8,12, ,0.0,0.0,0.0,0.0,0.0
BitRate blocking probability per pair and bitRate,4,500.0Gbps,19,1, ,0.0,0.0,0.0,0.0,0.0
BitRate blocking probability per pair and bitRate,4,500.0Gbps,21,14, ,0.0,0.0,0.0,0.0,0.0
BitRate blocking probability per pair and bitRate,4,500.0Gbps,2,13, ,0.0,0.0,0.0,0.0,0.0
BitRate blocking probability per pair and bitRate,4,500.0Gbps,17,6, ,0.4428136021769255,0.20676402347481587,0.3622830681739085,0.5166339272050335,0.5879279256870079
BitRate blocking probability per pair and bitRate,4,500.0Gbps,24,1, ,0.0,0.13806457636983688,0.0,0.0,0.0
BitRate blocking probability per pair and bitRate,4,500.0Gbps,8,3, ,0.0,0.0,0.0,0.0,0.0
BitRate blocking probability per pair and bitRate,4,500.0Gbps,1,22, ,0.018606447081295302,0.02580804861086577,0.23297453630425594,0.11472042780488784,0.38799186571080035
BitRate blocking probability per pair and bitRate,4,500.0Gbps,23,3, ,0.0,0.0,0.0,0.0,0.0
BitRate blocking probability per pair and bitRate,4,500.0Gbps,2,1, ,0.0,0.0,0.0,0.0,0.0
BitRate blocking probability per pair and bitRate,4,500.0Gbps,15,23, ,0.0,0.0,0.0,0.0,0.0
BitRate blocking probability per pair and bitRate,4,500.0Gbps,19,15, ,0.0,0.0,0.0,0.0,0.0
BitRate blocking probability per pair and bitRate,4,500.0Gbps,2,23, ,0.0,0.0,0.0,0.0,0.0
BitRate blocking probability per pair and bitRate,4,500.0Gbps,13,17, ,0.0,0.0,0.0,0.0,0.0
BitRate blocking probability per pair and bitRate,4,500.0Gbps,1,10, ,0.0,0.0,0.0,0.0,0.0
BitRate blocking probability per pair and bitRate,4,500.0Gbps,5,22, ,0.46848948202886054,0.24846378124046134,0.36017525401409933,0.22097273604930814,0.41736239453277024
BitRate blocking probability per pair and bitRate,4,500.0Gbps,18,24, ,0.0,0.0,0.0,0.0,0.0
BitRate blocking probability per pair and bitRate,4,500.0Gbps,19,23, ,0.0,0.0,0.0,0.0,0.0
BitRate blocking probability per pair and bitRate,4,500.0Gbps,20,8, ,0.0,0.0,0.0,0.0,0.0
BitRate blocking probability per pair and bitRate,4,500.0Gbps,10,6, ,0.0,0.0,0.0,0.0,0.0
BitRate blocking probability per pair and bitRate,4,500.0Gbps,2,6, ,0.0,0.0,0.0,0.0,0.0
BitRate blocking probability per pair and bitRate,4,500.0Gbps,16,14, ,0.0,0.0,0.0,0.0,0.0
BitRate blocking probability per pair and bitRate,4,500.0Gbps,24,19, ,0.0,0.0,0.0,0.0,0.0
BitRate blocking probability per pair and bitRate,4,500.0Gbps,23,19, ,0.0,0.0,0.0,0.0,0.0
BitRate blocking probability per pair and bitRate,4,500.0Gbps,12,2, ,0.0,0.0,0.0,0.0,0.0
BitRate blocking probability per pair and bitRate,4,500.0Gbps,23,1, ,0.0,0.0,0.0,0.0,0.0
BitRate blocking probability per pair and bitRate,4,500.0Gbps,15,7, ,0.0,0.0,0.0,0.0,0.0
BitRate blocking probability per pair and bitRate,4,500.0Gbps,22,12, ,0.0,0.0,0.0,0.0,0.0
BitRate blocking probability per pair and bitRate,4,500.0Gbps,3,6, ,0.0,0.0,0.0,0.0,0.0
BitRate blocking probability per pair and bitRate,4,500.0Gbps,4,2, ,0.0,0.0,0.0,0.0,0.0
BitRate blocking probability per pair and bitRate,4,500.0Gbps,13,1, ,0.0,0.0,0.0,0.0,0.0
BitRate blocking probability per pair and bitRate,4,500.0Gbps,6,5, ,0.0,0.0,0.0,0.0,0.0
BitRate blocking probability per pair and bitRate,4,500.0Gbps,16,22, ,0.0,0.0,0.0,0.0,0.0
BitRate blocking probability per pair and bitRate,4,500.0Gbps,7,5, ,0.0,0.0,0.0,0.0,0.0
BitRate blocking probability per pair and bitRate,4,500.0Gbps,6,24, ,0.0,0.0,0.0,0.0,0.0
BitRate blocking probability per pair and bitRate,4,500.0Gbps,18,17, ,0.0,0.0,0.0,0.0,0.0
BitRate blocking probability per pair and bitRate,4,500.0Gbps,22,3, ,0.0,0.0,0.0,0.0,0.0
BitRate blocking probability per pair and bitRate,4,500.0Gbps,13,4, ,0.0,0.0,0.0,0.0,0.0
BitRate blocking probability per pair and bitRate,4,500.0Gbps,16,5, ,0.0,0.0,0.0,0.0,0.0
BitRate blocking probability per pair and bitRate,4,500.0Gbps,18,11, ,0.0,0.0,0.0,0.0,0.0
BitRate blocking probability per pair and bitRate,4,500.0Gbps,6,11, ,0.0,0.0,0.0,0.0,0.0
BitRate blocking probability per pair and bitRate,4,500.0Gbps,17,13, ,0.0,0.0,0.0,0.0,0.0
BitRate blocking probability per pair and bitRate,4,500.0Gbps,7,3, ,0.0,0.0,0.0,0.0,0.0
BitRate blocking probability per pair and bitRate,4,500.0Gbps,22,23, ,0.0,0.0,0.0,0.0,0.0
BitRate blocking probability per pair and bitRate,4,500.0Gbps,10,13, ,0.0,0.0,0.0,0.0,0.0
BitRate blocking probability per pair and bitRate,4,500.0Gbps,14,7, ,0.0,0.0,0.0,0.0,0.0
BitRate blocking probability per pair and bitRate,4,500.0Gbps,20,16, ,0.0,0.0,0.0,0.0,0.0
BitRate blocking probability per pair and bitRate,4,500.0Gbps,14,8, ,0.0,0.0,0.0,0.0,0.0
BitRate blocking probability per pair and bitRate,4,500.0Gbps,7,4, ,0.0,0.0,0.0,0.0,0.0
BitRate blocking probability per pair and bitRate,4,500.0Gbps,8,14, ,0.0,0.0,0.0,0.0,0.0
BitRate blocking probability per pair and bitRate,4,500.0Gbps,3,12, ,0.0,0.0,0.0,0.0,0.0
BitRate blocking probability per pair and bitRate,4,500.0Gbps,7,2, ,0.0,0.0,0.0,0.0,0.0
BitRate blocking probability per pair and bitRate,4,500.0Gbps,10,11, ,0.0,0.0,0.0,0.0,0.0
BitRate blocking probability per pair and bitRate,4,500.0Gbps,11,14, ,0.0,0.0,0.0,0.0,0.0
BitRate blocking probability per pair and bitRate,4,500.0Gbps,20,24, ,0.0,0.0,0.0,0.0,0.0
BitRate blocking probability per pair and bitRate,4,500.0Gbps,20,4, ,0.13645002881071802,0.2846213559486212,0.2551129917586535,0.34844971875781505,0.21768379390235332
BitRate blocking probability per pair and bitRate,4,500.0Gbps,23,2, ,0.0,0.0,0.0,0.0,0.0
BitRate blocking probability per pair and bitRate,4,500.0Gbps,22,2, ,0.0,0.0,0.0,0.0,0.0
BitRate blocking probability per pair and bitRate,4,500.0Gbps,22,19, ,0.0,0.0,0.0,0.0,0.0
BitRate blocking probability per pair and bitRate,4,500.0Gbps,24,23, ,0.0,0.0,0.0,0.0,0.0
BitRate blocking probability per pair and bitRate,4,500.0Gbps,6,17, ,0.6302459254468485,0.3152808813301316,0.6855455381688427,0.4884055726659977,0.6094606728165369
BitRate blocking probability per pair and bitRate,4,500.0Gbps,4,15, ,0.0,0.0,0.0,0.0,0.0
BitRate blocking probability per pair and bitRate,4,500.0Gbps,20,7, ,0.0,0.0,0.0,0.0,0.0
BitRate blocking probability per pair and bitRate,4,500.0Gbps,10,8, ,0.0,0.0,0.0,0.0,0.0
BitRate blocking probability per pair and bitRate,4,500.0Gbps,10,24, ,0.0,0.0,0.0,0.0,0.0
BitRate blocking probability per pair and bitRate,4,500.0Gbps,12,16, ,0.0,0.0,0.0,0.0,0.0
BitRate blocking probability per pair and bitRate,4,500.0Gbps,8,13, ,0.0,0.0,0.0,0.0,0.0
BitRate blocking probability per pair and bitRate,4,500.0Gbps,11,4, ,0.0,0.0,0.0,0.0,0.0
BitRate blocking probability per pair and bitRate,4,500.0Gbps,22,17, ,0.0,0.0,0.0,0.0,0.0
BitRate blocking probability per pair and bitRate,4,500.0Gbps,4,1, ,0.0,0.0,0.0,0.0,0.0
BitRate blocking probability per pair and bitRate,4,500.0Gbps,14,6, ,0.0,0.0,0.0,0.0,0.0
BitRate blocking probability per pair and bitRate,4,500.0Gbps,14,10, ,0.0,0.0,0.0,0.0,0.0
BitRate blocking probability per pair and bitRate,4,500.0Gbps,24,6, ,0.0,0.0,0.0,0.0,0.0
BitRate blocking probability per pair and bitRate,4,500.0Gbps,15,2, ,0.0,0.0,0.0,0.0,0.0
BitRate blocking probability per pair and bitRate,4,500.0Gbps,22,10, ,0.0,0.0,0.0,0.0,0.0
BitRate blocking probability per pair and bitRate,4,500.0Gbps,4,17, ,0.598454367201489,0.386184367229112,0.7404133064456894,0.6261782997736715,0.24241512528338052
BitRate blocking probability per pair and bitRate,4,500.0Gbps,17,2, ,0.0,0.0,0.0,0.0,0.0
BitRate blocking probability per pair and bitRate,4,500.0Gbps,18,20, ,0.0,0.0,0.0,0.0,0.0
BitRate blocking probability per pair and bitRate,4,500.0Gbps,17,21, ,0.0,0.0,0.0,0.0,0.0
BitRate blocking probability per pair and bitRate,4,500.0Gbps,18,6, ,0.4327814316662259,0.26026498739675685,0.14474894023007992,0.01249413850939127,0.06203606665859432
BitRate blocking probability per pair and bitRate,4,500.0Gbps,10,15, ,0.0,0.0,0.0,0.0,0.0
BitRate blocking probability per pair and bitRate,4,500.0Gbps,4,11, ,0.0,0.0,0.0,0.0,0.0
BitRate blocking probability per pair and bitRate,4,500.0Gbps,2,21, ,0.0,0.0,0.0,0.0,0.0
BitRate blocking probability per pair and bitRate,4,500.0Gbps,19,9, ,0.43152813583752925,0.0,0.04199440312666049,0.07915592959395448,0.060416862840241455
BitRate blocking probability per pair and bitRate,4,500.0Gbps,5,8, ,0.0,0.0,0.0,0.0,0.0
BitRate blocking probability per pair and bitRate,4,500.0Gbps,5,3, ,0.0,0.0,0.0,0.0,0.0
BitRate blocking probability per pair and bitRate,4,500.0Gbps,11,6, ,0.0,0.0,0.0,0.0,0.0
BitRate blocking probability per pair and bitRate,4,500.0Gbps,8,2, ,0.0,0.0,0.0,0.0,0.0
BitRate blocking probability per pair and bitRate,4,500.0Gbps,9,24, ,0.0,0.0,0.0,0.0,0.0
BitRate blocking probability per pair and bitRate,4,500.0Gbps,16,23, ,0.0,0.0,0.0,0.0,0.0
BitRate blocking probability per pair and bitRate,4,500.0Gbps,2,16, ,0.0,0.0,0.0,0.0,0.0
BitRate blocking probability per pair and bitRate,4,500.0Gbps,16,17, ,0.0,0.0,0.0,0.0,0.0
BitRate blocking probability per pair and bitRate,4,500.0Gbps,23,18, ,0.0,0.0,0.0,0.0,0.0
BitRate blocking probability per pair and bitRate,4,500.0Gbps,7,1, ,0.0,0.0,0.0,0.0,0.0
BitRate blocking probability per pair and bitRate,4,500.0Gbps,11,24, ,0.0,0.0,0.0,0.0,0.0
BitRate blocking probability per pair and bitRate,4,500.0Gbps,2,10, ,0.0,0.0,0.0,0.0,0.0
BitRate blocking probability per pair and bitRate,4,500.0Gbps,4,6, ,0.0,0.0,0.0,0.0,0.0
BitRate blocking probability per pair and bitRate,4,500.0Gbps,15,13, ,0.0,0.0,0.0,0.0,0.0
BitRate blocking probability per pair and bitRate,4,500.0Gbps,21,12, ,0.0,0.0,0.0,0.0,0.0
BitRate blocking probability per pair and bitRate,4,500.0Gbps,5,6, ,0.0,0.0,0.0,0.0,0.0
BitRate blocking probability per pair and bitRate,4,500.0Gbps,10,18, ,0.0,0.0,0.0,0.0,0.0
BitRate blocking probability per pair and bitRate,4,500.0Gbps,14,23, ,0.0,0.0,0.0,0.0,0.0
BitRate blocking probability per pair and bitRate,4,500.0Gbps,21,8, ,0.0,0.0,0.0,0.0,0.0
BitRate blocking probability per pair and bitRate,4,500.0Gbps,11,3, ,0.0,0.0,0.0,0.0,0.0
BitRate blocking probability per pair and bitRate,4,500.0Gbps,13,16, ,0.0,0.0,0.0,0.0,0.0
BitRate blocking probability per pair and bitRate,4,500.0Gbps,22,16, ,0.0,0.0,0.0,0.0,0.0
BitRate blocking probability per pair and bitRate,4,500.0Gbps,21,5, ,0.0,0.0,0.0,0.0,0.0
BitRate blocking probability per pair and bitRate,4,500.0Gbps,23,24, ,0.0,0.0,0.0,0.0,0.0
BitRate blocking probability per pair and bitRate,4,500.0Gbps,9,6, ,0.0,0.0,0.0,0.0,0.0
BitRate blocking probability per pair and bitRate,4,500.0Gbps,20,9, ,0.0023899987165327996,0.0,0.0,0.06551861763014877,0.0
BitRate blocking probability per pair and bitRate,4,500.0Gbps,16,6, ,0.0,0.0,0.0,0.0,0.0
BitRate blocking probability per pair and bitRate,4,500.0Gbps,15,4, ,0.0,0.0,0.0,0.0,0.0
BitRate blocking probability per pair and bitRate,4,500.0Gbps,3,4, ,0.0,0.0,0.0,0.0,0.0
BitRate blocking probability per pair and bitRate,4,500.0Gbps,17,10, ,0.0,0.0,0.0,0.0,0.0
BitRate blocking probability per pair and bitRate,4,500.0Gbps,12,10, ,0.0,0.0,0.0,0.0,0.0
BitRate blocking probability per pair and bitRate,4,500.0Gbps,12,7, ,0.0,0.0,0.0,0.0,0.0
BitRate blocking probability per pair and bitRate,4,500.0Gbps,3,17, ,0.0,0.0,0.0,0.0,0.0


